# E (eV)  ldosup(E)  ldosdw(E) pdosup(E)  pdosdw(E)  pdosup(E)  pdosdw(E)  pdosup(E)  pdosdw(E) 
  -4.000  0.135E+00  0.186E+00  0.195E-01  0.235E-01  0.578E-01  0.813E-01  0.578E-01  0.813E-01
  -3.950  0.121E+00  0.134E+00  0.181E-01  0.174E-01  0.514E-01  0.585E-01  0.514E-01  0.585E-01
  -3.900  0.106E+00  0.120E+00  0.181E-01  0.167E-01  0.441E-01  0.517E-01  0.441E-01  0.517E-01
  -3.850  0.106E+01  0.107E+00  0.225E+00  0.166E-01  0.419E+00  0.454E-01  0.419E+00  0.454E-01
  -3.800  0.368E+00  0.971E+00  0.485E-01  0.264E+00  0.160E+00  0.353E+00  0.160E+00  0.353E+00
  -3.750  0.368E+00  0.302E+00  0.519E-01  0.365E-01  0.158E+00  0.133E+00  0.158E+00  0.133E+00
  -3.700  0.345E+00  0.344E+00  0.335E-01  0.538E-01  0.156E+00  0.145E+00  0.156E+00  0.145E+00
  -3.650  0.789E+00  0.311E+00  0.380E-01  0.306E-01  0.376E+00  0.140E+00  0.376E+00  0.140E+00
  -3.600  0.359E+00  0.516E+00  0.266E-01  0.328E-01  0.166E+00  0.242E+00  0.166E+00  0.242E+00
  -3.550  0.481E+00  0.390E+00  0.412E-01  0.400E-01  0.220E+00  0.175E+00  0.220E+00  0.175E+00
  -3.500  0.433E+00  0.308E+00  0.521E-01  0.325E-01  0.191E+00  0.138E+00  0.191E+00  0.138E+00
  -3.450  0.390E+00  0.477E+00  0.569E-01  0.742E-01  0.167E+00  0.201E+00  0.167E+00  0.201E+00
  -3.400  0.727E+00  0.387E+00  0.119E+00  0.940E-01  0.304E+00  0.146E+00  0.304E+00  0.146E+00
  -3.350  0.394E+00  0.927E+00  0.128E+00  0.115E+00  0.133E+00  0.406E+00  0.133E+00  0.406E+00
  -3.300  0.314E+00  0.320E+00  0.712E-01  0.922E-01  0.121E+00  0.114E+00  0.121E+00  0.114E+00
  -3.250  0.233E+00  0.306E+00  0.659E-01  0.699E-01  0.838E-01  0.118E+00  0.838E-01  0.118E+00
  -3.200  0.323E+00  0.413E+00  0.103E+00  0.151E+00  0.110E+00  0.131E+00  0.110E+00  0.131E+00
  -3.150  0.284E+00  0.341E+00  0.102E+00  0.109E+00  0.913E-01  0.116E+00  0.913E-01  0.116E+00
  -3.100  0.251E+00  0.260E+00  0.933E-01  0.942E-01  0.788E-01  0.828E-01  0.788E-01  0.828E-01
  -3.050  0.238E+00  0.249E+00  0.889E-01  0.931E-01  0.746E-01  0.778E-01  0.746E-01  0.778E-01
  -3.000  0.269E+00  0.235E+00  0.878E-01  0.864E-01  0.904E-01  0.742E-01  0.904E-01  0.742E-01
  -2.950  0.306E+00  0.289E+00  0.142E+00  0.108E+00  0.819E-01  0.904E-01  0.819E-01  0.904E-01
  -2.900  0.217E+00  0.252E+00  0.113E+00  0.105E+00  0.522E-01  0.732E-01  0.522E-01  0.732E-01
  -2.850  0.256E+00  0.245E+00  0.152E+00  0.133E+00  0.520E-01  0.560E-01  0.520E-01  0.560E-01
  -2.800  0.681E+00  0.292E+00  0.536E+00  0.187E+00  0.723E-01  0.525E-01  0.723E-01  0.525E-01
  -2.750  0.290E+00  0.252E+00  0.176E+00  0.155E+00  0.571E-01  0.486E-01  0.571E-01  0.486E-01
  -2.700  0.261E+00  0.293E+00  0.159E+00  0.171E+00  0.509E-01  0.606E-01  0.509E-01  0.606E-01
  -2.650  0.320E+00  0.283E+00  0.202E+00  0.170E+00  0.589E-01  0.563E-01  0.589E-01  0.563E-01
  -2.600  0.350E+00  0.357E+00  0.223E+00  0.224E+00  0.635E-01  0.664E-01  0.635E-01  0.664E-01
  -2.550  0.326E+00  0.338E+00  0.193E+00  0.204E+00  0.668E-01  0.673E-01  0.668E-01  0.673E-01
  -2.500  0.478E+00  0.333E+00  0.234E+00  0.208E+00  0.122E+00  0.623E-01  0.122E+00  0.623E-01
  -2.450  0.816E+00  0.671E+00  0.597E+00  0.485E+00  0.109E+00  0.930E-01  0.109E+00  0.930E-01
  -2.400  0.705E+00  0.907E+00  0.522E+00  0.712E+00  0.914E-01  0.976E-01  0.914E-01  0.976E-01
  -2.350  0.261E+00  0.188E+00  0.669E-01  0.427E-01  0.972E-01  0.726E-01  0.972E-01  0.726E-01
  -2.300  0.990E-01  0.228E+00  0.277E-01  0.569E-01  0.357E-01  0.853E-01  0.357E-01  0.853E-01
  -2.250  0.547E+00  0.329E+00  0.422E+00  0.190E+00  0.624E-01  0.692E-01  0.624E-01  0.692E-01
  -2.200  0.226E+00  0.287E+00  0.142E+00  0.179E+00  0.418E-01  0.540E-01  0.418E-01  0.540E-01
  -2.150  0.188E+00  0.208E+00  0.122E+00  0.125E+00  0.329E-01  0.418E-01  0.329E-01  0.418E-01
  -2.100  0.144E+00  0.142E+00  0.781E-01  0.798E-01  0.331E-01  0.310E-01  0.331E-01  0.310E-01
  -2.050  0.174E+00  0.156E+00  0.839E-01  0.784E-01  0.453E-01  0.387E-01  0.453E-01  0.387E-01
  -2.000  0.269E+00  0.216E+00  0.883E-01  0.921E-01  0.906E-01  0.617E-01  0.906E-01  0.617E-01
  -1.950  0.342E+00  0.432E+00  0.722E-01  0.110E+00  0.135E+00  0.161E+00  0.135E+00  0.161E+00
  -1.900  0.332E+00  0.324E+00  0.509E-01  0.658E-01  0.141E+00  0.129E+00  0.141E+00  0.129E+00
  -1.850  0.441E+00  0.416E+00  0.821E-01  0.448E-01  0.179E+00  0.185E+00  0.179E+00  0.185E+00
  -1.800  0.444E+00  0.463E+00  0.107E+00  0.100E+00  0.169E+00  0.181E+00  0.169E+00  0.181E+00
  -1.750  0.406E+00  0.588E+00  0.522E-01  0.164E+00  0.177E+00  0.212E+00  0.177E+00  0.212E+00
  -1.700  0.161E+00  0.205E+00  0.173E-01  0.299E-01  0.720E-01  0.877E-01  0.720E-01  0.877E-01
  -1.650  0.197E+00  0.199E+00  0.379E-01  0.205E-01  0.796E-01  0.893E-01  0.796E-01  0.893E-01
  -1.600  0.444E+00  0.242E+00  0.145E+00  0.437E-01  0.149E+00  0.991E-01  0.149E+00  0.991E-01
  -1.550  0.603E+00  0.358E+00  0.334E+00  0.927E-01  0.135E+00  0.133E+00  0.135E+00  0.133E+00
  -1.500  0.302E+00  0.466E+00  0.145E+00  0.324E+00  0.784E-01  0.710E-01  0.784E-01  0.710E-01
  -1.450  0.207E+00  0.331E+00  0.565E-01  0.190E+00  0.751E-01  0.707E-01  0.751E-01  0.707E-01
  -1.400  0.274E+00  0.264E+00  0.325E-01  0.565E-01  0.121E+00  0.104E+00  0.121E+00  0.104E+00
  -1.350  0.186E+00  0.263E+00  0.396E-01  0.456E-01  0.733E-01  0.109E+00  0.733E-01  0.109E+00
  -1.300  0.260E+00  0.275E+00  0.584E-01  0.507E-01  0.101E+00  0.112E+00  0.101E+00  0.112E+00
  -1.250  0.254E+00  0.371E+00  0.450E-01  0.108E+00  0.105E+00  0.131E+00  0.105E+00  0.131E+00
  -1.200  0.340E-01  0.251E+00  0.200E-01  0.340E-01  0.702E-02  0.108E+00  0.702E-02  0.108E+00
  -1.150  0.329E-01  0.273E-01  0.241E-01  0.165E-01  0.442E-02  0.535E-02  0.442E-02  0.535E-02
  -1.100  0.135E+00  0.253E-01  0.830E-01  0.199E-01  0.262E-01  0.270E-02  0.262E-01  0.270E-02
  -1.050  0.107E+00  0.263E-01  0.760E-01  0.227E-01  0.154E-01  0.184E-02  0.154E-01  0.184E-02
  -1.000  0.198E+00  0.298E-01  0.152E+00  0.259E-01  0.229E-01  0.193E-02  0.229E-01  0.193E-02
  -0.950  0.230E+00  0.365E-01  0.166E+00  0.299E-01  0.319E-01  0.333E-02  0.319E-01  0.333E-02
  -0.900  0.249E+00  0.887E-01  0.186E+00  0.571E-01  0.316E-01  0.158E-01  0.316E-01  0.158E-01
  -0.850  0.340E+00  0.708E-01  0.249E+00  0.489E-01  0.456E-01  0.110E-01  0.456E-01  0.110E-01
  -0.800  0.358E+00  0.702E-01  0.203E+00  0.565E-01  0.778E-01  0.682E-02  0.778E-01  0.682E-02
  -0.750  0.176E-01  0.259E+00  0.907E-02  0.207E+00  0.425E-02  0.260E-01  0.425E-02  0.260E-01
  -0.700  0.184E-01  0.545E+00  0.108E-01  0.434E+00  0.379E-02  0.556E-01  0.379E-02  0.556E-01
  -0.650  0.204E-01  0.269E+00  0.139E-01  0.888E-01  0.325E-02  0.899E-01  0.325E-02  0.899E-01
  -0.600  0.239E-01  0.227E-01  0.180E-01  0.185E-01  0.297E-02  0.208E-02  0.297E-02  0.208E-02
  -0.550  0.308E-01  0.209E-01  0.234E-01  0.174E-01  0.373E-02  0.176E-02  0.373E-02  0.176E-02
  -0.500  0.447E-01  0.257E-01  0.307E-01  0.213E-01  0.701E-02  0.219E-02  0.701E-02  0.219E-02
  -0.450  0.488E-01  0.403E-01  0.316E-01  0.280E-01  0.856E-02  0.615E-02  0.856E-02  0.615E-02
  -0.400  0.302E-01  0.112E+00  0.229E-01  0.495E-01  0.365E-02  0.314E-01  0.365E-02  0.314E-01
  -0.350  0.207E-01  0.470E-01  0.171E-01  0.294E-01  0.179E-02  0.881E-02  0.179E-02  0.881E-02
  -0.300  0.115E-01  0.373E-01  0.103E-01  0.253E-01  0.616E-03  0.601E-02  0.616E-03  0.601E-02
  -0.250  0.312E-04  0.299E-01  0.564E-05  0.219E-01  0.128E-04  0.398E-02  0.128E-04  0.398E-02
  -0.200  0.254E+00  0.226E-01  0.173E-01  0.180E-01  0.118E+00  0.231E-02  0.118E+00  0.231E-02
  -0.150  0.224E+00  0.150E-01  0.195E-01  0.130E-01  0.102E+00  0.997E-03  0.102E+00  0.997E-03
  -0.100  0.231E+00  0.257E+00  0.245E-01  0.754E-02  0.103E+00  0.125E+00  0.103E+00  0.125E+00
  -0.050  0.235E+00  0.115E+00  0.526E-01  0.147E-02  0.910E-01  0.570E-01  0.910E-01  0.570E-01
   0.000  0.279E+00  0.339E+00  0.819E-01  0.228E-01  0.986E-01  0.158E+00  0.986E-01  0.158E+00
   0.050  0.224E+00  0.317E+00  0.609E-01  0.980E-01  0.817E-01  0.110E+00  0.817E-01  0.110E+00
   0.100  0.595E+00  0.380E+00  0.204E+00  0.956E-01  0.195E+00  0.142E+00  0.195E+00  0.142E+00
   0.150  0.222E+00  0.243E+00  0.405E-01  0.432E-01  0.909E-01  0.998E-01  0.909E-01  0.998E-01
   0.200  0.636E-01  0.114E+00  0.163E-01  0.784E-02  0.237E-01  0.531E-01  0.237E-01  0.531E-01
   0.250  0.652E-01  0.236E+00  0.244E-01  0.133E+00  0.204E-01  0.517E-01  0.204E-01  0.517E-01
   0.300  0.926E+00  0.127E+00  0.822E-01  0.559E-01  0.422E+00  0.354E-01  0.422E+00  0.354E-01
   0.350  0.479E-01  0.950E-01  0.178E-02  0.214E-01  0.231E-01  0.368E-01  0.231E-01  0.368E-01
   0.400  0.568E+00  0.262E+00  0.287E+00  0.200E-01  0.140E+00  0.121E+00  0.140E+00  0.121E+00
   0.450  0.537E+00  0.462E+00  0.299E+00  0.450E-01  0.119E+00  0.209E+00  0.119E+00  0.209E+00
   0.500  0.474E+00  0.400E+00  0.194E+00  0.318E-01  0.140E+00  0.184E+00  0.140E+00  0.184E+00
   0.550  0.000E+00  0.317E+00  0.000E+00  0.144E+00  0.000E+00  0.866E-01  0.000E+00  0.866E-01
   0.600  0.000E+00  0.305E+00  0.000E+00  0.166E+00  0.000E+00  0.693E-01  0.000E+00  0.693E-01
   0.650  0.000E+00  0.325E+00  0.000E+00  0.212E+00  0.000E+00  0.563E-01  0.000E+00  0.563E-01
   0.700  0.719E-01  0.309E+00  0.787E-02  0.182E+00  0.320E-01  0.635E-01  0.320E-01  0.635E-01
   0.750  0.785E-01  0.346E+00  0.341E-01  0.188E+00  0.222E-01  0.791E-01  0.222E-01  0.791E-01
   0.800  0.551E-01  0.126E+00  0.251E-03  0.854E-02  0.274E-01  0.586E-01  0.274E-01  0.586E-01
   0.850  0.000E+00  0.271E+00  0.000E+00  0.144E+00  0.000E+00  0.638E-01  0.000E+00  0.638E-01
   0.900  0.000E+00  0.260E-01  0.000E+00  0.181E-03  0.000E+00  0.129E-01  0.000E+00  0.129E-01
   0.950  0.000E+00  0.000E+00  0.000E+00  0.000E+00  0.000E+00  0.000E+00  0.000E+00  0.000E+00
