# E (eV)  ldosup(E)  ldosdw(E) pdosup(E)  pdosdw(E)  pdosup(E)  pdosdw(E)  pdosup(E)  pdosdw(E) 
  -4.000  0.210E+00  0.353E+00  0.968E-01  0.175E+00  0.497E-01  0.878E-01  0.634E-01  0.906E-01
  -3.950  0.158E+00  0.172E+00  0.778E-01  0.798E-01  0.342E-01  0.395E-01  0.460E-01  0.525E-01
  -3.900  0.150E+00  0.154E+00  0.790E-01  0.768E-01  0.299E-01  0.326E-01  0.408E-01  0.442E-01
  -3.850  0.112E+01  0.149E+00  0.262E+00  0.804E-01  0.429E+00  0.287E-01  0.430E+00  0.395E-01
  -3.800  0.716E+00  0.981E+00  0.274E+00  0.294E+00  0.189E+00  0.346E+00  0.254E+00  0.340E+00
  -3.750  0.134E+01  0.577E+00  0.676E+00  0.258E+00  0.231E+00  0.127E+00  0.435E+00  0.192E+00
  -3.700  0.322E+00  0.106E+01  0.990E-01  0.560E+00  0.857E-01  0.185E+00  0.137E+00  0.314E+00
  -3.650  0.275E+01  0.303E+00  0.102E+01  0.100E+00  0.513E+00  0.804E-01  0.122E+01  0.122E+00
  -3.600  0.490E+00  0.176E+01  0.135E+00  0.606E+00  0.150E+00  0.377E+00  0.204E+00  0.776E+00
  -3.550  0.686E+00  0.588E+00  0.156E+00  0.148E+00  0.226E+00  0.181E+00  0.304E+00  0.259E+00
  -3.500  0.502E+00  0.387E+00  0.281E+00  0.121E+00  0.109E+00  0.108E+00  0.113E+00  0.158E+00
  -3.450  0.365E+00  0.582E+00  0.194E+00  0.326E+00  0.668E-01  0.136E+00  0.104E+00  0.121E+00
  -3.400  0.484E+00  0.334E+00  0.193E+00  0.156E+00  0.113E+00  0.716E-01  0.178E+00  0.106E+00
  -3.350  0.279E+00  0.574E+00  0.119E+00  0.221E+00  0.691E-01  0.131E+00  0.910E-01  0.222E+00
  -3.300  0.251E+00  0.238E+00  0.107E+00  0.103E+00  0.587E-01  0.569E-01  0.850E-01  0.780E-01
  -3.250  0.185E+00  0.233E+00  0.734E-01  0.938E-01  0.487E-01  0.562E-01  0.627E-01  0.831E-01
  -3.200  0.243E+00  0.334E+00  0.916E-01  0.147E+00  0.749E-01  0.910E-01  0.764E-01  0.956E-01
  -3.150  0.200E+00  0.260E+00  0.707E-01  0.982E-01  0.687E-01  0.802E-01  0.607E-01  0.817E-01
  -3.100  0.188E+00  0.186E+00  0.525E-01  0.637E-01  0.695E-01  0.648E-01  0.656E-01  0.575E-01
  -3.050  0.188E+00  0.194E+00  0.438E-01  0.521E-01  0.735E-01  0.728E-01  0.709E-01  0.692E-01
  -3.000  0.226E+00  0.193E+00  0.438E-01  0.423E-01  0.911E-01  0.765E-01  0.912E-01  0.746E-01
  -2.950  0.427E+00  0.301E+00  0.758E-01  0.530E-01  0.177E+00  0.125E+00  0.174E+00  0.123E+00
  -2.900  0.255E+00  0.270E+00  0.539E-01  0.503E-01  0.103E+00  0.110E+00  0.973E-01  0.109E+00
  -2.850  0.310E+00  0.293E+00  0.773E-01  0.692E-01  0.121E+00  0.115E+00  0.112E+00  0.108E+00
  -2.800  0.549E+00  0.343E+00  0.169E+00  0.907E-01  0.215E+00  0.133E+00  0.164E+00  0.119E+00
  -2.750  0.394E+00  0.318E+00  0.119E+00  0.890E-01  0.124E+00  0.107E+00  0.151E+00  0.122E+00
  -2.700  0.342E+00  0.432E+00  0.113E+00  0.136E+00  0.105E+00  0.134E+00  0.123E+00  0.162E+00
  -2.650  0.338E+00  0.347E+00  0.117E+00  0.116E+00  0.102E+00  0.107E+00  0.119E+00  0.124E+00
  -2.600  0.341E+00  0.366E+00  0.118E+00  0.129E+00  0.109E+00  0.110E+00  0.114E+00  0.128E+00
  -2.550  0.342E+00  0.383E+00  0.976E-01  0.108E+00  0.118E+00  0.138E+00  0.126E+00  0.137E+00
  -2.500  0.616E+00  0.343E+00  0.189E+00  0.887E-01  0.227E+00  0.124E+00  0.200E+00  0.130E+00
  -2.450  0.884E+00  0.554E+00  0.386E+00  0.168E+00  0.255E+00  0.198E+00  0.244E+00  0.189E+00
  -2.400  0.518E+00  0.646E+00  0.121E+00  0.210E+00  0.206E+00  0.219E+00  0.191E+00  0.216E+00
  -2.350  0.594E+00  0.363E+00  0.968E-01  0.579E-01  0.271E+00  0.166E+00  0.226E+00  0.139E+00
  -2.300  0.162E+00  0.548E+00  0.247E-01  0.785E-01  0.673E-01  0.266E+00  0.697E-01  0.203E+00
  -2.250  0.788E+00  0.458E+00  0.166E+00  0.758E-01  0.443E+00  0.227E+00  0.179E+00  0.156E+00
  -2.200  0.258E+00  0.335E+00  0.867E-01  0.912E-01  0.113E+00  0.163E+00  0.577E-01  0.809E-01
  -2.150  0.259E+00  0.251E+00  0.148E+00  0.108E+00  0.729E-01  0.912E-01  0.382E-01  0.513E-01
  -2.100  0.139E+00  0.137E+00  0.572E-01  0.533E-01  0.494E-01  0.525E-01  0.322E-01  0.311E-01
  -2.050  0.153E+00  0.142E+00  0.809E-01  0.651E-01  0.402E-01  0.449E-01  0.320E-01  0.321E-01
  -2.000  0.182E+00  0.193E+00  0.899E-01  0.120E+00  0.413E-01  0.376E-01  0.510E-01  0.350E-01
  -1.950  0.268E+00  0.271E+00  0.117E+00  0.115E+00  0.652E-01  0.616E-01  0.860E-01  0.943E-01
  -1.900  0.305E+00  0.256E+00  0.132E+00  0.105E+00  0.823E-01  0.646E-01  0.910E-01  0.872E-01
  -1.850  0.439E+00  0.376E+00  0.205E+00  0.166E+00  0.124E+00  0.993E-01  0.110E+00  0.111E+00
  -1.800  0.478E+00  0.447E+00  0.210E+00  0.208E+00  0.144E+00  0.125E+00  0.124E+00  0.115E+00
  -1.750  0.729E+00  0.637E+00  0.349E+00  0.296E+00  0.195E+00  0.176E+00  0.185E+00  0.165E+00
  -1.700  0.212E+00  0.274E+00  0.591E-01  0.873E-01  0.743E-01  0.925E-01  0.784E-01  0.945E-01
  -1.650  0.265E+00  0.235E+00  0.839E-01  0.622E-01  0.857E-01  0.801E-01  0.949E-01  0.924E-01
  -1.600  0.135E+01  0.309E+00  0.295E+00  0.927E-01  0.614E+00  0.102E+00  0.445E+00  0.115E+00
  -1.550  0.648E+00  0.577E+00  0.217E+00  0.149E+00  0.222E+00  0.208E+00  0.209E+00  0.221E+00
  -1.500  0.395E+00  0.598E+00  0.141E+00  0.205E+00  0.155E+00  0.242E+00  0.991E-01  0.151E+00
  -1.450  0.281E+00  0.444E+00  0.991E-01  0.161E+00  0.105E+00  0.174E+00  0.761E-01  0.108E+00
  -1.400  0.371E+00  0.445E+00  0.139E+00  0.154E+00  0.137E+00  0.176E+00  0.949E-01  0.114E+00
  -1.350  0.266E+00  0.376E+00  0.108E+00  0.133E+00  0.889E-01  0.147E+00  0.694E-01  0.948E-01
  -1.300  0.449E+00  0.427E+00  0.204E+00  0.155E+00  0.133E+00  0.157E+00  0.112E+00  0.115E+00
  -1.250  0.434E+00  0.605E+00  0.192E+00  0.274E+00  0.126E+00  0.184E+00  0.115E+00  0.147E+00
  -1.200  0.252E+00  0.462E+00  0.946E-01  0.197E+00  0.110E+00  0.142E+00  0.468E-01  0.123E+00
  -1.150  0.269E+00  0.252E+00  0.101E+00  0.940E-01  0.119E+00  0.111E+00  0.484E-01  0.472E-01
  -1.100  0.411E+00  0.248E+00  0.176E+00  0.928E-01  0.163E+00  0.110E+00  0.711E-01  0.453E-01
  -1.050  0.324E+00  0.252E+00  0.129E+00  0.911E-01  0.136E+00  0.115E+00  0.596E-01  0.461E-01
  -1.000  0.385E+00  0.277E+00  0.167E+00  0.958E-01  0.150E+00  0.130E+00  0.678E-01  0.512E-01
  -0.950  0.368E+00  0.318E+00  0.144E+00  0.107E+00  0.149E+00  0.151E+00  0.752E-01  0.601E-01
  -0.900  0.342E+00  0.321E+00  0.124E+00  0.118E+00  0.142E+00  0.143E+00  0.756E-01  0.600E-01
  -0.850  0.471E+00  0.253E+00  0.174E+00  0.758E-01  0.200E+00  0.122E+00  0.971E-01  0.544E-01
  -0.800  0.887E+00  0.196E+00  0.193E+00  0.508E-01  0.494E+00  0.996E-01  0.199E+00  0.452E-01
  -0.750  0.601E-01  0.347E+00  0.889E-02  0.148E+00  0.274E-01  0.135E+00  0.238E-01  0.642E-01
  -0.700  0.755E-01  0.916E+00  0.111E-01  0.354E+00  0.354E-01  0.401E+00  0.290E-01  0.161E+00
  -0.650  0.988E-01  0.143E+01  0.147E-01  0.670E+00  0.476E-01  0.546E+00  0.366E-01  0.213E+00
  -0.600  0.134E+00  0.630E-01  0.205E-01  0.109E-01  0.660E-01  0.289E-01  0.472E-01  0.232E-01
  -0.550  0.191E+00  0.888E-01  0.311E-01  0.132E-01  0.965E-01  0.430E-01  0.637E-01  0.327E-01
  -0.500  0.292E+00  0.144E+00  0.515E-01  0.206E-01  0.150E+00  0.727E-01  0.909E-01  0.502E-01
  -0.450  0.359E+00  0.263E+00  0.714E-01  0.419E-01  0.185E+00  0.137E+00  0.102E+00  0.843E-01
  -0.400  0.470E-01  0.897E+00  0.107E-01  0.179E+00  0.156E-01  0.471E+00  0.206E-01  0.248E+00
  -0.350  0.316E-01  0.731E-01  0.838E-02  0.157E-01  0.951E-02  0.269E-01  0.137E-01  0.305E-01
  -0.300  0.184E-01  0.502E-01  0.555E-02  0.123E-01  0.506E-02  0.161E-01  0.778E-02  0.218E-01
  -0.250  0.363E-03  0.388E-01  0.117E-03  0.106E-01  0.645E-04  0.114E-01  0.182E-03  0.168E-01
  -0.200  0.256E+00  0.300E-01  0.817E-01  0.902E-02  0.768E-01  0.822E-02  0.971E-01  0.128E-01
  -0.150  0.302E+00  0.210E-01  0.119E+00  0.691E-02  0.757E-01  0.538E-02  0.107E+00  0.867E-02
  -0.100  0.392E+00  0.258E+00  0.204E+00  0.646E-01  0.824E-01  0.908E-01  0.106E+00  0.103E+00
  -0.050  0.505E+00  0.127E+00  0.281E+00  0.409E-01  0.114E+00  0.411E-01  0.110E+00  0.452E-01
   0.000  0.659E+00  0.392E+00  0.324E+00  0.147E+00  0.186E+00  0.101E+00  0.149E+00  0.144E+00
   0.050  0.372E+00  0.454E+00  0.893E-01  0.207E+00  0.166E+00  0.126E+00  0.117E+00  0.121E+00
   0.100  0.669E+00  0.723E+00  0.242E+00  0.347E+00  0.229E+00  0.202E+00  0.198E+00  0.174E+00
   0.150  0.325E+00  0.451E+00  0.744E-01  0.129E+00  0.136E+00  0.185E+00  0.115E+00  0.138E+00
   0.200  0.131E+00  0.247E+00  0.317E-01  0.384E-01  0.588E-01  0.123E+00  0.410E-01  0.862E-01
   0.250  0.991E-01  0.228E+00  0.255E-01  0.103E+00  0.522E-01  0.760E-01  0.214E-01  0.493E-01
   0.300  0.399E+00  0.148E+00  0.164E+00  0.588E-01  0.110E+00  0.541E-01  0.125E+00  0.350E-01
   0.350  0.517E-01  0.132E+00  0.162E-01  0.376E-01  0.204E-01  0.561E-01  0.151E-01  0.385E-01
   0.400  0.158E+00  0.162E+00  0.462E-01  0.338E-01  0.501E-01  0.709E-01  0.614E-01  0.574E-01
   0.450  0.177E+00  0.184E+00  0.519E-01  0.777E-01  0.537E-01  0.433E-01  0.717E-01  0.626E-01
   0.500  0.278E+00  0.154E+00  0.139E+00  0.640E-01  0.450E-01  0.341E-01  0.945E-01  0.555E-01
   0.550  0.000E+00  0.828E-01  0.000E+00  0.190E-01  0.000E+00  0.305E-01  0.000E+00  0.334E-01
   0.600  0.000E+00  0.105E+00  0.000E+00  0.197E-01  0.000E+00  0.457E-01  0.000E+00  0.396E-01
   0.650  0.000E+00  0.123E+00  0.000E+00  0.247E-01  0.000E+00  0.507E-01  0.000E+00  0.481E-01
   0.700  0.563E+00  0.148E+00  0.466E-01  0.353E-01  0.363E+00  0.495E-01  0.154E+00  0.631E-01
   0.750  0.484E+00  0.187E+00  0.737E-01  0.530E-01  0.293E+00  0.536E-01  0.117E+00  0.802E-01
   0.800  0.927E+00  0.490E+00  0.197E-01  0.764E-01  0.621E+00  0.277E+00  0.286E+00  0.137E+00
   0.850  0.000E+00  0.738E+00  0.000E+00  0.108E+00  0.000E+00  0.450E+00  0.000E+00  0.179E+00
   0.900  0.000E+00  0.617E+00  0.000E+00  0.103E-01  0.000E+00  0.412E+00  0.000E+00  0.195E+00
   0.950  0.000E+00  0.000E+00  0.000E+00  0.000E+00  0.000E+00  0.000E+00  0.000E+00  0.000E+00
