# E (eV)  ldosup(E)  ldosdw(E) pdosup(E)  pdosdw(E)  pdosup(E)  pdosdw(E)  pdosup(E)  pdosdw(E)  pdosup(E)  pdosdw(E)  pdosup(E)  pdosdw(E) 
  -6.000  0.121E+01  0.121E+01  0.611E+00  0.611E+00  0.541E-01  0.541E-01  0.541E-01  0.541E-01  0.247E+00  0.247E+00  0.247E+00  0.247E+00
  -5.950  0.486E+00  0.486E+00  0.353E+00  0.353E+00  0.633E-01  0.633E-01  0.633E-01  0.633E-01  0.299E-02  0.299E-02  0.299E-02  0.299E-02
  -5.900  0.599E+00  0.599E+00  0.423E+00  0.423E+00  0.808E-01  0.808E-01  0.808E-01  0.808E-01  0.718E-02  0.718E-02  0.718E-02  0.718E-02
  -5.850  0.676E+00  0.676E+00  0.467E+00  0.467E+00  0.916E-01  0.916E-01  0.916E-01  0.916E-01  0.130E-01  0.130E-01  0.130E-01  0.130E-01
  -5.800  0.919E+00  0.919E+00  0.583E+00  0.584E+00  0.141E+00  0.141E+00  0.141E+00  0.141E+00  0.273E-01  0.273E-01  0.273E-01  0.273E-01
  -5.750  0.868E+00  0.869E+00  0.451E+00  0.451E+00  0.160E+00  0.160E+00  0.160E+00  0.160E+00  0.491E-01  0.491E-01  0.491E-01  0.491E-01
  -5.700  0.964E+00  0.964E+00  0.545E+00  0.545E+00  0.138E+00  0.138E+00  0.138E+00  0.138E+00  0.711E-01  0.711E-01  0.711E-01  0.711E-01
  -5.650  0.166E+01  0.165E+01  0.996E+00  0.994E+00  0.178E+00  0.178E+00  0.178E+00  0.178E+00  0.152E+00  0.152E+00  0.152E+00  0.152E+00
  -5.600  0.132E+01  0.132E+01  0.539E+00  0.539E+00  0.193E+00  0.193E+00  0.193E+00  0.193E+00  0.200E+00  0.200E+00  0.200E+00  0.200E+00
  -5.550  0.128E+01  0.128E+01  0.341E+00  0.341E+00  0.221E+00  0.221E+00  0.221E+00  0.221E+00  0.248E+00  0.248E+00  0.248E+00  0.248E+00
  -5.500  0.127E+01  0.127E+01  0.208E+00  0.208E+00  0.231E+00  0.231E+00  0.231E+00  0.231E+00  0.300E+00  0.300E+00  0.300E+00  0.300E+00
  -5.450  0.155E+01  0.156E+01  0.180E+00  0.180E+00  0.252E+00  0.252E+00  0.252E+00  0.252E+00  0.435E+00  0.435E+00  0.435E+00  0.435E+00
  -5.400  0.587E+00  0.587E+00  0.483E-01  0.483E-01  0.204E+00  0.204E+00  0.204E+00  0.204E+00  0.648E-01  0.648E-01  0.648E-01  0.648E-01
  -5.350  0.621E+00  0.621E+00  0.396E-01  0.396E-01  0.217E+00  0.217E+00  0.217E+00  0.217E+00  0.735E-01  0.735E-01  0.735E-01  0.735E-01
  -5.300  0.668E+00  0.668E+00  0.324E-01  0.324E-01  0.231E+00  0.231E+00  0.231E+00  0.231E+00  0.871E-01  0.871E-01  0.871E-01  0.871E-01
  -5.250  0.688E+00  0.688E+00  0.269E-01  0.269E-01  0.232E+00  0.232E+00  0.232E+00  0.232E+00  0.989E-01  0.989E-01  0.989E-01  0.989E-01
  -5.200  0.880E+00  0.880E+00  0.243E-01  0.243E-01  0.285E+00  0.285E+00  0.285E+00  0.285E+00  0.143E+00  0.143E+00  0.143E+00  0.143E+00
  -5.150  0.122E+01  0.122E+01  0.191E-01  0.191E-01  0.375E+00  0.375E+00  0.375E+00  0.375E+00  0.226E+00  0.226E+00  0.226E+00  0.226E+00
  -5.100  0.105E+01  0.105E+01  0.115E-01  0.115E-01  0.325E+00  0.325E+00  0.325E+00  0.325E+00  0.196E+00  0.196E+00  0.196E+00  0.196E+00
  -5.050  0.871E+00  0.871E+00  0.793E-02  0.793E-02  0.277E+00  0.277E+00  0.277E+00  0.277E+00  0.155E+00  0.155E+00  0.155E+00  0.155E+00
  -5.000  0.791E+00  0.791E+00  0.527E-02  0.527E-02  0.254E+00  0.254E+00  0.254E+00  0.254E+00  0.139E+00  0.139E+00  0.139E+00  0.139E+00
  -4.950  0.707E+00  0.707E+00  0.323E-02  0.323E-02  0.230E+00  0.230E+00  0.230E+00  0.230E+00  0.122E+00  0.122E+00  0.122E+00  0.122E+00
  -4.900  0.697E+00  0.697E+00  0.187E-02  0.187E-02  0.228E+00  0.228E+00  0.228E+00  0.228E+00  0.119E+00  0.119E+00  0.119E+00  0.119E+00
  -4.850  0.527E+00  0.527E+00  0.959E-03  0.959E-03  0.171E+00  0.171E+00  0.171E+00  0.171E+00  0.922E-01  0.922E-01  0.922E-01  0.922E-01
  -4.800  0.139E+00  0.139E+00  0.684E-03  0.684E-03  0.294E-01  0.294E-01  0.294E-01  0.294E-01  0.397E-01  0.397E-01  0.397E-01  0.397E-01
  -4.750  0.128E+00  0.128E+00  0.453E-03  0.453E-03  0.261E-01  0.261E-01  0.261E-01  0.261E-01  0.377E-01  0.377E-01  0.377E-01  0.377E-01
  -4.700  0.111E+00  0.111E+00  0.268E-03  0.268E-03  0.222E-01  0.222E-01  0.222E-01  0.222E-01  0.333E-01  0.333E-01  0.333E-01  0.333E-01
  -4.650  0.101E+00  0.101E+00  0.217E-03  0.217E-03  0.196E-01  0.196E-01  0.196E-01  0.196E-01  0.309E-01  0.309E-01  0.309E-01  0.309E-01
  -4.600  0.951E-01  0.951E-01  0.178E-03  0.178E-03  0.177E-01  0.177E-01  0.177E-01  0.177E-01  0.297E-01  0.297E-01  0.297E-01  0.297E-01
  -4.550  0.871E-01  0.871E-01  0.163E-03  0.163E-03  0.155E-01  0.155E-01  0.155E-01  0.155E-01  0.280E-01  0.280E-01  0.280E-01  0.280E-01
  -4.500  0.767E-01  0.767E-01  0.223E-03  0.223E-03  0.131E-01  0.131E-01  0.131E-01  0.131E-01  0.252E-01  0.252E-01  0.252E-01  0.252E-01
  -4.450  0.993E-01  0.987E-01  0.266E-01  0.260E-01  0.115E-01  0.115E-01  0.115E-01  0.115E-01  0.249E-01  0.249E-01  0.249E-01  0.249E-01
  -4.400  0.453E+00  0.453E+00  0.364E+00  0.364E+00  0.102E-01  0.102E-01  0.102E-01  0.102E-01  0.343E-01  0.343E-01  0.343E-01  0.343E-01
  -4.350  0.490E+00  0.490E+00  0.383E+00  0.383E+00  0.908E-02  0.908E-02  0.908E-02  0.908E-02  0.447E-01  0.447E-01  0.447E-01  0.447E-01
  -4.300  0.588E+00  0.588E+00  0.437E+00  0.437E+00  0.966E-02  0.966E-02  0.966E-02  0.966E-02  0.660E-01  0.659E-01  0.660E-01  0.659E-01
  -4.250  0.655E+00  0.655E+00  0.468E+00  0.468E+00  0.922E-02  0.922E-02  0.922E-02  0.922E-02  0.843E-01  0.843E-01  0.843E-01  0.843E-01
  -4.200  0.911E+00  0.908E+00  0.450E+00  0.450E+00  0.281E-01  0.279E-01  0.281E-01  0.279E-01  0.202E+00  0.201E+00  0.202E+00  0.201E+00
  -4.150  0.155E+01  0.155E+01  0.701E+00  0.701E+00  0.603E-01  0.604E-01  0.603E-01  0.604E-01  0.366E+00  0.366E+00  0.366E+00  0.366E+00
  -4.100  0.183E+01  0.182E+01  0.814E+00  0.813E+00  0.110E+00  0.107E+00  0.110E+00  0.107E+00  0.399E+00  0.398E+00  0.399E+00  0.398E+00
  -4.050  0.555E+01  0.555E+01  0.864E+00  0.863E+00  0.735E+00  0.736E+00  0.735E+00  0.736E+00  0.161E+01  0.161E+01  0.161E+01  0.161E+01
  -4.000  0.836E+00  0.836E+00  0.135E+00  0.135E+00  0.154E+00  0.154E+00  0.154E+00  0.154E+00  0.197E+00  0.197E+00  0.197E+00  0.197E+00
  -3.950  0.609E+00  0.609E+00  0.113E+00  0.113E+00  0.108E+00  0.108E+00  0.108E+00  0.108E+00  0.140E+00  0.140E+00  0.140E+00  0.140E+00
  -3.900  0.547E+00  0.547E+00  0.119E+00  0.119E+00  0.956E-01  0.956E-01  0.956E-01  0.956E-01  0.118E+00  0.118E+00  0.118E+00  0.118E+00
  -3.850  0.503E+00  0.503E+00  0.139E+00  0.139E+00  0.922E-01  0.922E-01  0.922E-01  0.922E-01  0.897E-01  0.897E-01  0.897E-01  0.897E-01
  -3.800  0.360E+00  0.360E+00  0.126E+00  0.126E+00  0.540E-01  0.540E-01  0.540E-01  0.540E-01  0.627E-01  0.627E-01  0.627E-01  0.627E-01
  -3.750  0.318E+00  0.318E+00  0.114E+00  0.114E+00  0.462E-01  0.462E-01  0.462E-01  0.462E-01  0.554E-01  0.554E-01  0.554E-01  0.554E-01
  -3.700  0.319E+00  0.319E+00  0.108E+00  0.108E+00  0.508E-01  0.508E-01  0.508E-01  0.508E-01  0.547E-01  0.547E-01  0.547E-01  0.547E-01
  -3.650  0.296E+00  0.296E+00  0.103E+00  0.103E+00  0.454E-01  0.454E-01  0.454E-01  0.454E-01  0.512E-01  0.512E-01  0.512E-01  0.512E-01
  -3.600  0.268E+00  0.268E+00  0.928E-01  0.928E-01  0.380E-01  0.380E-01  0.380E-01  0.380E-01  0.498E-01  0.498E-01  0.498E-01  0.498E-01
  -3.550  0.266E+00  0.266E+00  0.910E-01  0.910E-01  0.350E-01  0.350E-01  0.350E-01  0.350E-01  0.523E-01  0.523E-01  0.523E-01  0.523E-01
  -3.500  0.254E+00  0.254E+00  0.899E-01  0.899E-01  0.311E-01  0.311E-01  0.311E-01  0.311E-01  0.507E-01  0.507E-01  0.507E-01  0.507E-01
  -3.450  0.241E+00  0.241E+00  0.898E-01  0.898E-01  0.272E-01  0.272E-01  0.272E-01  0.272E-01  0.482E-01  0.482E-01  0.482E-01  0.482E-01
  -3.400  0.264E+00  0.264E+00  0.100E+00  0.100E+00  0.309E-01  0.309E-01  0.309E-01  0.309E-01  0.509E-01  0.509E-01  0.509E-01  0.509E-01
  -3.350  0.304E+00  0.304E+00  0.123E+00  0.123E+00  0.355E-01  0.354E-01  0.355E-01  0.354E-01  0.548E-01  0.548E-01  0.548E-01  0.548E-01
  -3.300  0.423E+00  0.423E+00  0.153E+00  0.153E+00  0.610E-01  0.610E-01  0.610E-01  0.610E-01  0.741E-01  0.741E-01  0.741E-01  0.741E-01
  -3.250  0.589E+00  0.588E+00  0.248E+00  0.247E+00  0.782E-01  0.782E-01  0.782E-01  0.782E-01  0.924E-01  0.923E-01  0.924E-01  0.923E-01
  -3.200  0.705E+00  0.706E+00  0.271E+00  0.272E+00  0.941E-01  0.942E-01  0.941E-01  0.942E-01  0.123E+00  0.123E+00  0.123E+00  0.123E+00
  -3.150  0.571E+00  0.571E+00  0.216E+00  0.216E+00  0.683E-01  0.683E-01  0.683E-01  0.683E-01  0.109E+00  0.109E+00  0.109E+00  0.109E+00
  -3.100  0.548E+00  0.548E+00  0.196E+00  0.196E+00  0.641E-01  0.641E-01  0.641E-01  0.641E-01  0.112E+00  0.112E+00  0.112E+00  0.112E+00
  -3.050  0.495E+00  0.495E+00  0.168E+00  0.168E+00  0.570E-01  0.570E-01  0.570E-01  0.570E-01  0.106E+00  0.106E+00  0.106E+00  0.106E+00
  -3.000  0.493E+00  0.493E+00  0.162E+00  0.162E+00  0.581E-01  0.581E-01  0.581E-01  0.581E-01  0.107E+00  0.107E+00  0.107E+00  0.107E+00
  -2.950  0.475E+00  0.475E+00  0.155E+00  0.155E+00  0.563E-01  0.563E-01  0.563E-01  0.563E-01  0.103E+00  0.103E+00  0.103E+00  0.103E+00
  -2.900  0.430E+00  0.430E+00  0.146E+00  0.146E+00  0.503E-01  0.503E-01  0.503E-01  0.503E-01  0.920E-01  0.920E-01  0.920E-01  0.920E-01
  -2.850  0.433E+00  0.433E+00  0.136E+00  0.136E+00  0.540E-01  0.540E-01  0.540E-01  0.540E-01  0.941E-01  0.941E-01  0.941E-01  0.941E-01
  -2.800  0.367E+00  0.367E+00  0.119E+00  0.119E+00  0.452E-01  0.452E-01  0.452E-01  0.452E-01  0.787E-01  0.787E-01  0.787E-01  0.787E-01
  -2.750  0.364E+00  0.364E+00  0.117E+00  0.117E+00  0.470E-01  0.470E-01  0.470E-01  0.470E-01  0.764E-01  0.764E-01  0.764E-01  0.764E-01
  -2.700  0.395E+00  0.395E+00  0.116E+00  0.116E+00  0.536E-01  0.536E-01  0.536E-01  0.536E-01  0.860E-01  0.859E-01  0.860E-01  0.859E-01
  -2.650  0.502E+00  0.502E+00  0.117E+00  0.117E+00  0.785E-01  0.785E-01  0.785E-01  0.785E-01  0.114E+00  0.114E+00  0.114E+00  0.114E+00
  -2.600  0.569E+00  0.569E+00  0.116E+00  0.116E+00  0.921E-01  0.921E-01  0.921E-01  0.921E-01  0.134E+00  0.134E+00  0.134E+00  0.134E+00
  -2.550  0.486E+00  0.486E+00  0.116E+00  0.116E+00  0.730E-01  0.730E-01  0.730E-01  0.730E-01  0.112E+00  0.112E+00  0.112E+00  0.112E+00
  -2.500  0.463E+00  0.463E+00  0.119E+00  0.119E+00  0.669E-01  0.669E-01  0.669E-01  0.669E-01  0.105E+00  0.105E+00  0.105E+00  0.105E+00
  -2.450  0.451E+00  0.451E+00  0.120E+00  0.120E+00  0.635E-01  0.635E-01  0.635E-01  0.635E-01  0.102E+00  0.102E+00  0.102E+00  0.102E+00
  -2.400  0.436E+00  0.436E+00  0.121E+00  0.121E+00  0.598E-01  0.598E-01  0.598E-01  0.598E-01  0.974E-01  0.974E-01  0.974E-01  0.974E-01
  -2.350  0.415E+00  0.415E+00  0.126E+00  0.126E+00  0.555E-01  0.555E-01  0.555E-01  0.555E-01  0.893E-01  0.893E-01  0.893E-01  0.893E-01
  -2.300  0.454E+00  0.454E+00  0.135E+00  0.135E+00  0.611E-01  0.611E-01  0.611E-01  0.611E-01  0.986E-01  0.986E-01  0.986E-01  0.986E-01
  -2.250  0.360E+00  0.360E+00  0.136E+00  0.136E+00  0.486E-01  0.486E-01  0.486E-01  0.486E-01  0.634E-01  0.634E-01  0.634E-01  0.634E-01
  -2.200  0.868E+00  0.870E+00  0.161E+00  0.161E+00  0.134E+00  0.134E+00  0.134E+00  0.134E+00  0.220E+00  0.220E+00  0.220E+00  0.220E+00
  -2.150  0.405E+00  0.405E+00  0.150E+00  0.150E+00  0.529E-01  0.530E-01  0.529E-01  0.530E-01  0.745E-01  0.745E-01  0.745E-01  0.745E-01
  -2.100  0.755E+00  0.755E+00  0.397E+00  0.397E+00  0.644E-01  0.644E-01  0.644E-01  0.644E-01  0.115E+00  0.115E+00  0.115E+00  0.115E+00
  -2.050  0.851E+00  0.851E+00  0.533E+00  0.533E+00  0.604E-01  0.604E-01  0.604E-01  0.604E-01  0.986E-01  0.986E-01  0.986E-01  0.986E-01
  -2.000  0.000E+00  0.000E+00  0.000E+00  0.000E+00  0.000E+00  0.000E+00  0.000E+00  0.000E+00  0.000E+00  0.000E+00  0.000E+00  0.000E+00
  -1.950  0.000E+00  0.000E+00  0.000E+00  0.000E+00  0.000E+00  0.000E+00  0.000E+00  0.000E+00  0.000E+00  0.000E+00  0.000E+00  0.000E+00
  -1.900  0.000E+00  0.000E+00  0.000E+00  0.000E+00  0.000E+00  0.000E+00  0.000E+00  0.000E+00  0.000E+00  0.000E+00  0.000E+00  0.000E+00
  -1.850  0.000E+00  0.000E+00  0.000E+00  0.000E+00  0.000E+00  0.000E+00  0.000E+00  0.000E+00  0.000E+00  0.000E+00  0.000E+00  0.000E+00
  -1.800  0.000E+00  0.000E+00  0.000E+00  0.000E+00  0.000E+00  0.000E+00  0.000E+00  0.000E+00  0.000E+00  0.000E+00  0.000E+00  0.000E+00
  -1.750  0.000E+00  0.000E+00  0.000E+00  0.000E+00  0.000E+00  0.000E+00  0.000E+00  0.000E+00  0.000E+00  0.000E+00  0.000E+00  0.000E+00
  -1.700  0.000E+00  0.000E+00  0.000E+00  0.000E+00  0.000E+00  0.000E+00  0.000E+00  0.000E+00  0.000E+00  0.000E+00  0.000E+00  0.000E+00
  -1.650  0.000E+00  0.000E+00  0.000E+00  0.000E+00  0.000E+00  0.000E+00  0.000E+00  0.000E+00  0.000E+00  0.000E+00  0.000E+00  0.000E+00
  -1.600  0.000E+00  0.000E+00  0.000E+00  0.000E+00  0.000E+00  0.000E+00  0.000E+00  0.000E+00  0.000E+00  0.000E+00  0.000E+00  0.000E+00
  -1.550  0.000E+00  0.000E+00  0.000E+00  0.000E+00  0.000E+00  0.000E+00  0.000E+00  0.000E+00  0.000E+00  0.000E+00  0.000E+00  0.000E+00
  -1.500  0.000E+00  0.000E+00  0.000E+00  0.000E+00  0.000E+00  0.000E+00  0.000E+00  0.000E+00  0.000E+00  0.000E+00  0.000E+00  0.000E+00
  -1.450  0.000E+00  0.000E+00  0.000E+00  0.000E+00  0.000E+00  0.000E+00  0.000E+00  0.000E+00  0.000E+00  0.000E+00  0.000E+00  0.000E+00
  -1.400  0.000E+00  0.000E+00  0.000E+00  0.000E+00  0.000E+00  0.000E+00  0.000E+00  0.000E+00  0.000E+00  0.000E+00  0.000E+00  0.000E+00
  -1.350  0.000E+00  0.000E+00  0.000E+00  0.000E+00  0.000E+00  0.000E+00  0.000E+00  0.000E+00  0.000E+00  0.000E+00  0.000E+00  0.000E+00
  -1.300  0.000E+00  0.000E+00  0.000E+00  0.000E+00  0.000E+00  0.000E+00  0.000E+00  0.000E+00  0.000E+00  0.000E+00  0.000E+00  0.000E+00
  -1.250  0.000E+00  0.000E+00  0.000E+00  0.000E+00  0.000E+00  0.000E+00  0.000E+00  0.000E+00  0.000E+00  0.000E+00  0.000E+00  0.000E+00
  -1.200  0.000E+00  0.000E+00  0.000E+00  0.000E+00  0.000E+00  0.000E+00  0.000E+00  0.000E+00  0.000E+00  0.000E+00  0.000E+00  0.000E+00
  -1.150  0.000E+00  0.000E+00  0.000E+00  0.000E+00  0.000E+00  0.000E+00  0.000E+00  0.000E+00  0.000E+00  0.000E+00  0.000E+00  0.000E+00
  -1.100  0.000E+00  0.000E+00  0.000E+00  0.000E+00  0.000E+00  0.000E+00  0.000E+00  0.000E+00  0.000E+00  0.000E+00  0.000E+00  0.000E+00
  -1.050  0.000E+00  0.000E+00  0.000E+00  0.000E+00  0.000E+00  0.000E+00  0.000E+00  0.000E+00  0.000E+00  0.000E+00  0.000E+00  0.000E+00
  -1.000  0.000E+00  0.000E+00  0.000E+00  0.000E+00  0.000E+00  0.000E+00  0.000E+00  0.000E+00  0.000E+00  0.000E+00  0.000E+00  0.000E+00
  -0.950  0.000E+00  0.000E+00  0.000E+00  0.000E+00  0.000E+00  0.000E+00  0.000E+00  0.000E+00  0.000E+00  0.000E+00  0.000E+00  0.000E+00
  -0.900  0.000E+00  0.000E+00  0.000E+00  0.000E+00  0.000E+00  0.000E+00  0.000E+00  0.000E+00  0.000E+00  0.000E+00  0.000E+00  0.000E+00
  -0.850  0.000E+00  0.000E+00  0.000E+00  0.000E+00  0.000E+00  0.000E+00  0.000E+00  0.000E+00  0.000E+00  0.000E+00  0.000E+00  0.000E+00
  -0.800  0.000E+00  0.000E+00  0.000E+00  0.000E+00  0.000E+00  0.000E+00  0.000E+00  0.000E+00  0.000E+00  0.000E+00  0.000E+00  0.000E+00
  -0.750  0.000E+00  0.000E+00  0.000E+00  0.000E+00  0.000E+00  0.000E+00  0.000E+00  0.000E+00  0.000E+00  0.000E+00  0.000E+00  0.000E+00
  -0.700  0.000E+00  0.000E+00  0.000E+00  0.000E+00  0.000E+00  0.000E+00  0.000E+00  0.000E+00  0.000E+00  0.000E+00  0.000E+00  0.000E+00
  -0.650  0.000E+00  0.000E+00  0.000E+00  0.000E+00  0.000E+00  0.000E+00  0.000E+00  0.000E+00  0.000E+00  0.000E+00  0.000E+00  0.000E+00
  -0.600  0.000E+00  0.000E+00  0.000E+00  0.000E+00  0.000E+00  0.000E+00  0.000E+00  0.000E+00  0.000E+00  0.000E+00  0.000E+00  0.000E+00
  -0.550  0.000E+00  0.000E+00  0.000E+00  0.000E+00  0.000E+00  0.000E+00  0.000E+00  0.000E+00  0.000E+00  0.000E+00  0.000E+00  0.000E+00
  -0.500  0.000E+00  0.000E+00  0.000E+00  0.000E+00  0.000E+00  0.000E+00  0.000E+00  0.000E+00  0.000E+00  0.000E+00  0.000E+00  0.000E+00
  -0.450  0.000E+00  0.000E+00  0.000E+00  0.000E+00  0.000E+00  0.000E+00  0.000E+00  0.000E+00  0.000E+00  0.000E+00  0.000E+00  0.000E+00
  -0.400  0.000E+00  0.000E+00  0.000E+00  0.000E+00  0.000E+00  0.000E+00  0.000E+00  0.000E+00  0.000E+00  0.000E+00  0.000E+00  0.000E+00
  -0.350  0.000E+00  0.000E+00  0.000E+00  0.000E+00  0.000E+00  0.000E+00  0.000E+00  0.000E+00  0.000E+00  0.000E+00  0.000E+00  0.000E+00
  -0.300  0.000E+00  0.000E+00  0.000E+00  0.000E+00  0.000E+00  0.000E+00  0.000E+00  0.000E+00  0.000E+00  0.000E+00  0.000E+00  0.000E+00
  -0.250  0.220E+00  0.220E+00  0.783E-02  0.782E-02  0.461E-01  0.460E-01  0.461E-01  0.460E-01  0.602E-01  0.601E-01  0.602E-01  0.601E-01
  -0.200  0.229E+00  0.229E+00  0.742E-02  0.742E-02  0.493E-01  0.493E-01  0.493E-01  0.493E-01  0.615E-01  0.615E-01  0.615E-01  0.615E-01
  -0.150  0.270E+00  0.270E+00  0.795E-02  0.795E-02  0.599E-01  0.599E-01  0.599E-01  0.599E-01  0.713E-01  0.712E-01  0.713E-01  0.712E-01
  -0.100  0.695E+00  0.695E+00  0.227E-01  0.227E-01  0.225E+00  0.225E+00  0.225E+00  0.225E+00  0.111E+00  0.111E+00  0.111E+00  0.111E+00
  -0.050  0.825E+00  0.824E+00  0.228E-01  0.228E-01  0.262E+00  0.262E+00  0.262E+00  0.262E+00  0.139E+00  0.139E+00  0.139E+00  0.139E+00
   0.000  0.799E+00  0.799E+00  0.203E-01  0.203E-01  0.267E+00  0.267E+00  0.267E+00  0.267E+00  0.122E+00  0.122E+00  0.122E+00  0.122E+00
   0.050  0.479E+00  0.479E+00  0.128E-01  0.128E-01  0.157E+00  0.157E+00  0.157E+00  0.157E+00  0.759E-01  0.759E-01  0.759E-01  0.759E-01
   0.100  0.369E+00  0.369E+00  0.112E-01  0.112E-01  0.119E+00  0.119E+00  0.119E+00  0.119E+00  0.602E-01  0.602E-01  0.602E-01  0.602E-01
   0.150  0.345E+00  0.345E+00  0.934E-02  0.934E-02  0.108E+00  0.108E+00  0.108E+00  0.108E+00  0.603E-01  0.603E-01  0.603E-01  0.603E-01
   0.200  0.389E+00  0.389E+00  0.927E-02  0.927E-02  0.122E+00  0.122E+00  0.122E+00  0.122E+00  0.681E-01  0.681E-01  0.681E-01  0.681E-01
   0.250  0.429E+00  0.429E+00  0.910E-02  0.910E-02  0.135E+00  0.135E+00  0.135E+00  0.135E+00  0.754E-01  0.753E-01  0.754E-01  0.753E-01
   0.300  0.443E+00  0.443E+00  0.848E-02  0.848E-02  0.138E+00  0.138E+00  0.138E+00  0.138E+00  0.790E-01  0.790E-01  0.790E-01  0.790E-01
   0.350  0.495E+00  0.495E+00  0.866E-02  0.866E-02  0.154E+00  0.154E+00  0.154E+00  0.154E+00  0.891E-01  0.891E-01  0.891E-01  0.891E-01
   0.400  0.576E+00  0.576E+00  0.906E-02  0.906E-02  0.179E+00  0.179E+00  0.179E+00  0.179E+00  0.105E+00  0.105E+00  0.105E+00  0.105E+00
   0.450  0.677E+00  0.677E+00  0.975E-02  0.975E-02  0.209E+00  0.209E+00  0.209E+00  0.209E+00  0.125E+00  0.125E+00  0.125E+00  0.125E+00
   0.500  0.132E+01  0.132E+01  0.124E-01  0.123E-01  0.410E+00  0.410E+00  0.410E+00  0.410E+00  0.245E+00  0.245E+00  0.245E+00  0.245E+00
   0.550  0.748E+00  0.748E+00  0.146E-01  0.146E-01  0.228E+00  0.228E+00  0.228E+00  0.228E+00  0.139E+00  0.139E+00  0.139E+00  0.139E+00
   0.600  0.706E+00  0.706E+00  0.160E-01  0.160E-01  0.214E+00  0.214E+00  0.214E+00  0.214E+00  0.130E+00  0.130E+00  0.130E+00  0.130E+00
   0.650  0.685E+00  0.685E+00  0.170E-01  0.170E-01  0.207E+00  0.207E+00  0.207E+00  0.207E+00  0.127E+00  0.127E+00  0.127E+00  0.127E+00
   0.700  0.786E+00  0.786E+00  0.158E-01  0.158E-01  0.241E+00  0.241E+00  0.241E+00  0.241E+00  0.144E+00  0.144E+00  0.144E+00  0.144E+00
   0.750  0.486E+00  0.486E+00  0.180E-02  0.180E-02  0.165E+00  0.165E+00  0.165E+00  0.165E+00  0.772E-01  0.773E-01  0.772E-01  0.773E-01
   0.800  0.385E+00  0.385E+00  0.665E-03  0.665E-03  0.132E+00  0.132E+00  0.132E+00  0.132E+00  0.597E-01  0.597E-01  0.597E-01  0.597E-01
   0.850  0.324E+00  0.324E+00  0.266E-03  0.266E-03  0.113E+00  0.113E+00  0.113E+00  0.113E+00  0.491E-01  0.491E-01  0.491E-01  0.491E-01
   0.900  0.274E+00  0.274E+00  0.542E-04  0.543E-04  0.942E-01  0.942E-01  0.942E-01  0.942E-01  0.426E-01  0.426E-01  0.426E-01  0.426E-01
   0.950  0.941E-01  0.941E-01  0.173E-04  0.173E-04  0.166E-01  0.166E-01  0.166E-01  0.166E-01  0.305E-01  0.305E-01  0.305E-01  0.305E-01
   1.000  0.954E-01  0.954E-01  0.928E-05  0.928E-05  0.162E-01  0.162E-01  0.162E-01  0.162E-01  0.315E-01  0.315E-01  0.315E-01  0.315E-01
   1.050  0.775E-01  0.775E-01  0.373E-05  0.373E-05  0.126E-01  0.126E-01  0.126E-01  0.126E-01  0.262E-01  0.262E-01  0.262E-01  0.262E-01
   1.100  0.713E-01  0.714E-01  0.913E-06  0.914E-06  0.112E-01  0.112E-01  0.112E-01  0.112E-01  0.245E-01  0.245E-01  0.245E-01  0.245E-01
   1.150  0.000E+00  0.000E+00  0.000E+00  0.000E+00  0.000E+00  0.000E+00  0.000E+00  0.000E+00  0.000E+00  0.000E+00  0.000E+00  0.000E+00
   1.200  0.000E+00  0.000E+00  0.000E+00  0.000E+00  0.000E+00  0.000E+00  0.000E+00  0.000E+00  0.000E+00  0.000E+00  0.000E+00  0.000E+00
   1.250  0.000E+00  0.000E+00  0.000E+00  0.000E+00  0.000E+00  0.000E+00  0.000E+00  0.000E+00  0.000E+00  0.000E+00  0.000E+00  0.000E+00
   1.300  0.000E+00  0.000E+00  0.000E+00  0.000E+00  0.000E+00  0.000E+00  0.000E+00  0.000E+00  0.000E+00  0.000E+00  0.000E+00  0.000E+00
   1.350  0.000E+00  0.000E+00  0.000E+00  0.000E+00  0.000E+00  0.000E+00  0.000E+00  0.000E+00  0.000E+00  0.000E+00  0.000E+00  0.000E+00
   1.400  0.000E+00  0.000E+00  0.000E+00  0.000E+00  0.000E+00  0.000E+00  0.000E+00  0.000E+00  0.000E+00  0.000E+00  0.000E+00  0.000E+00
   1.450  0.000E+00  0.000E+00  0.000E+00  0.000E+00  0.000E+00  0.000E+00  0.000E+00  0.000E+00  0.000E+00  0.000E+00  0.000E+00  0.000E+00
   1.500  0.000E+00  0.000E+00  0.000E+00  0.000E+00  0.000E+00  0.000E+00  0.000E+00  0.000E+00  0.000E+00  0.000E+00  0.000E+00  0.000E+00
   1.550  0.000E+00  0.000E+00  0.000E+00  0.000E+00  0.000E+00  0.000E+00  0.000E+00  0.000E+00  0.000E+00  0.000E+00  0.000E+00  0.000E+00
   1.600  0.000E+00  0.000E+00  0.000E+00  0.000E+00  0.000E+00  0.000E+00  0.000E+00  0.000E+00  0.000E+00  0.000E+00  0.000E+00  0.000E+00
   1.650  0.000E+00  0.000E+00  0.000E+00  0.000E+00  0.000E+00  0.000E+00  0.000E+00  0.000E+00  0.000E+00  0.000E+00  0.000E+00  0.000E+00
   1.700  0.000E+00  0.000E+00  0.000E+00  0.000E+00  0.000E+00  0.000E+00  0.000E+00  0.000E+00  0.000E+00  0.000E+00  0.000E+00  0.000E+00
   1.750  0.000E+00  0.000E+00  0.000E+00  0.000E+00  0.000E+00  0.000E+00  0.000E+00  0.000E+00  0.000E+00  0.000E+00  0.000E+00  0.000E+00
   1.800  0.000E+00  0.000E+00  0.000E+00  0.000E+00  0.000E+00  0.000E+00  0.000E+00  0.000E+00  0.000E+00  0.000E+00  0.000E+00  0.000E+00
   1.850  0.000E+00  0.000E+00  0.000E+00  0.000E+00  0.000E+00  0.000E+00  0.000E+00  0.000E+00  0.000E+00  0.000E+00  0.000E+00  0.000E+00
   1.900  0.000E+00  0.000E+00  0.000E+00  0.000E+00  0.000E+00  0.000E+00  0.000E+00  0.000E+00  0.000E+00  0.000E+00  0.000E+00  0.000E+00
   1.950  0.000E+00  0.000E+00  0.000E+00  0.000E+00  0.000E+00  0.000E+00  0.000E+00  0.000E+00  0.000E+00  0.000E+00  0.000E+00  0.000E+00
   2.000  0.000E+00  0.000E+00  0.000E+00  0.000E+00  0.000E+00  0.000E+00  0.000E+00  0.000E+00  0.000E+00  0.000E+00  0.000E+00  0.000E+00
   2.050  0.000E+00  0.000E+00  0.000E+00  0.000E+00  0.000E+00  0.000E+00  0.000E+00  0.000E+00  0.000E+00  0.000E+00  0.000E+00  0.000E+00
   2.100  0.000E+00  0.000E+00  0.000E+00  0.000E+00  0.000E+00  0.000E+00  0.000E+00  0.000E+00  0.000E+00  0.000E+00  0.000E+00  0.000E+00
   2.150  0.000E+00  0.000E+00  0.000E+00  0.000E+00  0.000E+00  0.000E+00  0.000E+00  0.000E+00  0.000E+00  0.000E+00  0.000E+00  0.000E+00
   2.200  0.000E+00  0.000E+00  0.000E+00  0.000E+00  0.000E+00  0.000E+00  0.000E+00  0.000E+00  0.000E+00  0.000E+00  0.000E+00  0.000E+00
   2.250  0.000E+00  0.000E+00  0.000E+00  0.000E+00  0.000E+00  0.000E+00  0.000E+00  0.000E+00  0.000E+00  0.000E+00  0.000E+00  0.000E+00
   2.300  0.000E+00  0.000E+00  0.000E+00  0.000E+00  0.000E+00  0.000E+00  0.000E+00  0.000E+00  0.000E+00  0.000E+00  0.000E+00  0.000E+00
   2.350  0.000E+00  0.000E+00  0.000E+00  0.000E+00  0.000E+00  0.000E+00  0.000E+00  0.000E+00  0.000E+00  0.000E+00  0.000E+00  0.000E+00
   2.400  0.000E+00  0.000E+00  0.000E+00  0.000E+00  0.000E+00  0.000E+00  0.000E+00  0.000E+00  0.000E+00  0.000E+00  0.000E+00  0.000E+00
   2.450  0.000E+00  0.000E+00  0.000E+00  0.000E+00  0.000E+00  0.000E+00  0.000E+00  0.000E+00  0.000E+00  0.000E+00  0.000E+00  0.000E+00
   2.500  0.000E+00  0.000E+00  0.000E+00  0.000E+00  0.000E+00  0.000E+00  0.000E+00  0.000E+00  0.000E+00  0.000E+00  0.000E+00  0.000E+00
   2.550  0.000E+00  0.000E+00  0.000E+00  0.000E+00  0.000E+00  0.000E+00  0.000E+00  0.000E+00  0.000E+00  0.000E+00  0.000E+00  0.000E+00
   2.600  0.000E+00  0.000E+00  0.000E+00  0.000E+00  0.000E+00  0.000E+00  0.000E+00  0.000E+00  0.000E+00  0.000E+00  0.000E+00  0.000E+00
   2.650  0.000E+00  0.000E+00  0.000E+00  0.000E+00  0.000E+00  0.000E+00  0.000E+00  0.000E+00  0.000E+00  0.000E+00  0.000E+00  0.000E+00
   2.700  0.000E+00  0.000E+00  0.000E+00  0.000E+00  0.000E+00  0.000E+00  0.000E+00  0.000E+00  0.000E+00  0.000E+00  0.000E+00  0.000E+00
   2.750  0.000E+00  0.000E+00  0.000E+00  0.000E+00  0.000E+00  0.000E+00  0.000E+00  0.000E+00  0.000E+00  0.000E+00  0.000E+00  0.000E+00
   2.800  0.000E+00  0.000E+00  0.000E+00  0.000E+00  0.000E+00  0.000E+00  0.000E+00  0.000E+00  0.000E+00  0.000E+00  0.000E+00  0.000E+00
   2.850  0.000E+00  0.000E+00  0.000E+00  0.000E+00  0.000E+00  0.000E+00  0.000E+00  0.000E+00  0.000E+00  0.000E+00  0.000E+00  0.000E+00
   2.900  0.000E+00  0.000E+00  0.000E+00  0.000E+00  0.000E+00  0.000E+00  0.000E+00  0.000E+00  0.000E+00  0.000E+00  0.000E+00  0.000E+00
   2.950  0.000E+00  0.000E+00  0.000E+00  0.000E+00  0.000E+00  0.000E+00  0.000E+00  0.000E+00  0.000E+00  0.000E+00  0.000E+00  0.000E+00
   3.000  0.000E+00  0.000E+00  0.000E+00  0.000E+00  0.000E+00  0.000E+00  0.000E+00  0.000E+00  0.000E+00  0.000E+00  0.000E+00  0.000E+00
   3.050  0.000E+00  0.000E+00  0.000E+00  0.000E+00  0.000E+00  0.000E+00  0.000E+00  0.000E+00  0.000E+00  0.000E+00  0.000E+00  0.000E+00
