# E (eV)  ldosup(E)  ldosdw(E) pdosup(E)  pdosdw(E)  pdosup(E)  pdosdw(E)  pdosup(E)  pdosdw(E) 
  -6.000  0.413E+00  0.413E+00  0.234E+00  0.234E+00  0.897E-01  0.897E-01  0.897E-01  0.897E-01
  -5.950  0.174E+00  0.174E+00  0.901E-01  0.901E-01  0.418E-01  0.418E-01  0.418E-01  0.418E-01
  -5.900  0.213E+00  0.213E+00  0.109E+00  0.109E+00  0.519E-01  0.519E-01  0.519E-01  0.519E-01
  -5.850  0.240E+00  0.240E+00  0.122E+00  0.122E+00  0.588E-01  0.588E-01  0.588E-01  0.588E-01
  -5.800  0.329E+00  0.329E+00  0.155E+00  0.155E+00  0.871E-01  0.871E-01  0.871E-01  0.871E-01
  -5.750  0.317E+00  0.317E+00  0.144E+00  0.144E+00  0.867E-01  0.867E-01  0.867E-01  0.867E-01
  -5.700  0.546E+00  0.546E+00  0.232E+00  0.232E+00  0.157E+00  0.157E+00  0.157E+00  0.157E+00
  -5.650  0.974E+00  0.971E+00  0.444E+00  0.443E+00  0.265E+00  0.264E+00  0.265E+00  0.264E+00
  -5.600  0.628E+00  0.628E+00  0.283E+00  0.283E+00  0.173E+00  0.173E+00  0.173E+00  0.173E+00
  -5.550  0.559E+00  0.559E+00  0.243E+00  0.243E+00  0.158E+00  0.158E+00  0.158E+00  0.158E+00
  -5.500  0.467E+00  0.467E+00  0.223E+00  0.223E+00  0.122E+00  0.122E+00  0.122E+00  0.122E+00
  -5.450  0.521E+00  0.521E+00  0.296E+00  0.296E+00  0.112E+00  0.112E+00  0.112E+00  0.112E+00
  -5.400  0.187E+00  0.187E+00  0.241E-01  0.241E-01  0.815E-01  0.815E-01  0.815E-01  0.815E-01
  -5.350  0.183E+00  0.183E+00  0.175E-01  0.175E-01  0.828E-01  0.828E-01  0.828E-01  0.828E-01
  -5.300  0.172E+00  0.172E+00  0.107E-01  0.107E-01  0.809E-01  0.809E-01  0.809E-01  0.809E-01
  -5.250  0.167E+00  0.167E+00  0.940E-02  0.940E-02  0.790E-01  0.790E-01  0.790E-01  0.790E-01
  -5.200  0.186E+00  0.186E+00  0.822E-02  0.822E-02  0.887E-01  0.887E-01  0.887E-01  0.887E-01
  -5.150  0.218E+00  0.218E+00  0.711E-02  0.711E-02  0.106E+00  0.106E+00  0.106E+00  0.106E+00
  -5.100  0.176E+00  0.176E+00  0.568E-02  0.569E-02  0.853E-01  0.853E-01  0.853E-01  0.853E-01
  -5.050  0.138E+00  0.138E+00  0.520E-02  0.520E-02  0.663E-01  0.663E-01  0.663E-01  0.663E-01
  -5.000  0.117E+00  0.117E+00  0.488E-02  0.488E-02  0.559E-01  0.559E-01  0.559E-01  0.559E-01
  -4.950  0.967E-01  0.967E-01  0.455E-02  0.455E-02  0.461E-01  0.461E-01  0.461E-01  0.461E-01
  -4.900  0.838E-01  0.838E-01  0.421E-02  0.421E-02  0.398E-01  0.398E-01  0.398E-01  0.398E-01
  -4.850  0.669E-01  0.669E-01  0.378E-02  0.378E-02  0.316E-01  0.316E-01  0.316E-01  0.316E-01
  -4.800  0.606E-01  0.606E-01  0.337E-02  0.337E-02  0.286E-01  0.286E-01  0.286E-01  0.286E-01
  -4.750  0.564E-01  0.564E-01  0.320E-02  0.320E-02  0.266E-01  0.266E-01  0.266E-01  0.266E-01
  -4.700  0.503E-01  0.503E-01  0.298E-02  0.298E-02  0.237E-01  0.237E-01  0.237E-01  0.237E-01
  -4.650  0.460E-01  0.460E-01  0.276E-02  0.276E-02  0.216E-01  0.216E-01  0.216E-01  0.216E-01
  -4.600  0.429E-01  0.429E-01  0.258E-02  0.258E-02  0.202E-01  0.202E-01  0.202E-01  0.202E-01
  -4.550  0.385E-01  0.385E-01  0.231E-02  0.231E-02  0.181E-01  0.181E-01  0.181E-01  0.181E-01
  -4.500  0.330E-01  0.330E-01  0.203E-02  0.203E-02  0.155E-01  0.155E-01  0.155E-01  0.155E-01
  -4.450  0.287E-01  0.287E-01  0.173E-02  0.173E-02  0.135E-01  0.135E-01  0.135E-01  0.135E-01
  -4.400  0.272E-01  0.272E-01  0.283E-02  0.283E-02  0.122E-01  0.122E-01  0.122E-01  0.122E-01
  -4.350  0.252E-01  0.252E-01  0.384E-02  0.384E-02  0.107E-01  0.107E-01  0.107E-01  0.107E-01
  -4.300  0.257E-01  0.257E-01  0.506E-02  0.505E-02  0.103E-01  0.103E-01  0.103E-01  0.103E-01
  -4.250  0.186E-01  0.186E-01  0.567E-02  0.567E-02  0.646E-02  0.646E-02  0.646E-02  0.646E-02
  -4.200  0.499E+00  0.496E+00  0.193E-01  0.191E-01  0.240E+00  0.238E+00  0.240E+00  0.238E+00
  -4.150  0.318E+00  0.318E+00  0.331E-01  0.331E-01  0.142E+00  0.142E+00  0.142E+00  0.142E+00
  -4.100  0.292E+00  0.289E+00  0.507E-01  0.498E-01  0.120E+00  0.120E+00  0.120E+00  0.120E+00
  -4.050  0.651E+00  0.651E+00  0.190E+00  0.190E+00  0.230E+00  0.230E+00  0.230E+00  0.230E+00
  -4.000  0.273E+00  0.273E+00  0.536E-01  0.536E-01  0.110E+00  0.110E+00  0.110E+00  0.110E+00
  -3.950  0.233E+00  0.233E+00  0.475E-01  0.475E-01  0.927E-01  0.927E-01  0.927E-01  0.927E-01
  -3.900  0.227E+00  0.227E+00  0.519E-01  0.519E-01  0.875E-01  0.875E-01  0.875E-01  0.875E-01
  -3.850  0.223E+00  0.223E+00  0.621E-01  0.621E-01  0.807E-01  0.807E-01  0.807E-01  0.807E-01
  -3.800  0.175E+00  0.175E+00  0.471E-01  0.471E-01  0.639E-01  0.639E-01  0.639E-01  0.639E-01
  -3.750  0.168E+00  0.168E+00  0.464E-01  0.464E-01  0.607E-01  0.607E-01  0.607E-01  0.607E-01
  -3.700  0.174E+00  0.174E+00  0.506E-01  0.506E-01  0.617E-01  0.617E-01  0.617E-01  0.617E-01
  -3.650  0.176E+00  0.176E+00  0.508E-01  0.508E-01  0.625E-01  0.625E-01  0.625E-01  0.625E-01
  -3.600  0.182E+00  0.182E+00  0.506E-01  0.506E-01  0.657E-01  0.657E-01  0.657E-01  0.657E-01
  -3.550  0.207E+00  0.207E+00  0.575E-01  0.575E-01  0.750E-01  0.750E-01  0.750E-01  0.750E-01
  -3.500  0.218E+00  0.218E+00  0.663E-01  0.663E-01  0.759E-01  0.759E-01  0.759E-01  0.759E-01
  -3.450  0.227E+00  0.227E+00  0.756E-01  0.755E-01  0.755E-01  0.755E-01  0.755E-01  0.755E-01
  -3.400  0.283E+00  0.283E+00  0.112E+00  0.112E+00  0.856E-01  0.856E-01  0.856E-01  0.856E-01
  -3.350  0.377E+00  0.377E+00  0.181E+00  0.181E+00  0.981E-01  0.980E-01  0.981E-01  0.980E-01
  -3.300  0.563E+00  0.563E+00  0.316E+00  0.316E+00  0.123E+00  0.123E+00  0.123E+00  0.123E+00
  -3.250  0.601E+00  0.601E+00  0.364E+00  0.363E+00  0.119E+00  0.119E+00  0.119E+00  0.119E+00
  -3.200  0.607E+00  0.608E+00  0.387E+00  0.387E+00  0.110E+00  0.110E+00  0.110E+00  0.110E+00
  -3.150  0.497E+00  0.497E+00  0.299E+00  0.299E+00  0.994E-01  0.994E-01  0.994E-01  0.994E-01
  -3.100  0.458E+00  0.458E+00  0.268E+00  0.268E+00  0.947E-01  0.948E-01  0.947E-01  0.948E-01
  -3.050  0.410E+00  0.410E+00  0.230E+00  0.230E+00  0.902E-01  0.902E-01  0.902E-01  0.902E-01
  -3.000  0.398E+00  0.398E+00  0.218E+00  0.218E+00  0.905E-01  0.905E-01  0.905E-01  0.905E-01
  -2.950  0.378E+00  0.378E+00  0.200E+00  0.200E+00  0.892E-01  0.892E-01  0.892E-01  0.892E-01
  -2.900  0.352E+00  0.352E+00  0.177E+00  0.177E+00  0.878E-01  0.878E-01  0.878E-01  0.878E-01
  -2.850  0.356E+00  0.356E+00  0.175E+00  0.175E+00  0.906E-01  0.906E-01  0.906E-01  0.906E-01
  -2.800  0.330E+00  0.330E+00  0.146E+00  0.146E+00  0.919E-01  0.919E-01  0.919E-01  0.919E-01
  -2.750  0.338E+00  0.338E+00  0.147E+00  0.147E+00  0.953E-01  0.953E-01  0.953E-01  0.953E-01
  -2.700  0.362E+00  0.362E+00  0.166E+00  0.167E+00  0.976E-01  0.976E-01  0.976E-01  0.976E-01
  -2.650  0.425E+00  0.424E+00  0.198E+00  0.198E+00  0.113E+00  0.113E+00  0.113E+00  0.113E+00
  -2.600  0.557E+00  0.557E+00  0.305E+00  0.305E+00  0.126E+00  0.126E+00  0.126E+00  0.126E+00
  -2.550  0.535E+00  0.535E+00  0.293E+00  0.293E+00  0.121E+00  0.121E+00  0.121E+00  0.121E+00
  -2.500  0.553E+00  0.553E+00  0.307E+00  0.307E+00  0.123E+00  0.123E+00  0.123E+00  0.123E+00
  -2.450  0.581E+00  0.581E+00  0.317E+00  0.317E+00  0.132E+00  0.132E+00  0.132E+00  0.132E+00
  -2.400  0.617E+00  0.617E+00  0.336E+00  0.336E+00  0.141E+00  0.141E+00  0.141E+00  0.141E+00
  -2.350  0.642E+00  0.642E+00  0.356E+00  0.356E+00  0.143E+00  0.143E+00  0.143E+00  0.143E+00
  -2.300  0.906E+00  0.906E+00  0.499E+00  0.499E+00  0.204E+00  0.204E+00  0.204E+00  0.204E+00
  -2.250  0.700E+00  0.700E+00  0.247E+00  0.247E+00  0.227E+00  0.226E+00  0.227E+00  0.226E+00
  -2.200  0.261E+01  0.262E+01  0.512E+00  0.512E+00  0.105E+01  0.105E+01  0.105E+01  0.105E+01
  -2.150  0.694E+00  0.694E+00  0.383E+00  0.383E+00  0.155E+00  0.155E+00  0.155E+00  0.155E+00
  -2.100  0.109E+01  0.109E+01  0.633E+00  0.633E+00  0.230E+00  0.230E+00  0.230E+00  0.230E+00
  -2.050  0.116E+01  0.116E+01  0.561E+00  0.561E+00  0.299E+00  0.299E+00  0.299E+00  0.299E+00
  -2.000  0.000E+00  0.000E+00  0.000E+00  0.000E+00  0.000E+00  0.000E+00  0.000E+00  0.000E+00
  -1.950  0.000E+00  0.000E+00  0.000E+00  0.000E+00  0.000E+00  0.000E+00  0.000E+00  0.000E+00
  -1.900  0.000E+00  0.000E+00  0.000E+00  0.000E+00  0.000E+00  0.000E+00  0.000E+00  0.000E+00
  -1.850  0.000E+00  0.000E+00  0.000E+00  0.000E+00  0.000E+00  0.000E+00  0.000E+00  0.000E+00
  -1.800  0.000E+00  0.000E+00  0.000E+00  0.000E+00  0.000E+00  0.000E+00  0.000E+00  0.000E+00
  -1.750  0.000E+00  0.000E+00  0.000E+00  0.000E+00  0.000E+00  0.000E+00  0.000E+00  0.000E+00
  -1.700  0.000E+00  0.000E+00  0.000E+00  0.000E+00  0.000E+00  0.000E+00  0.000E+00  0.000E+00
  -1.650  0.000E+00  0.000E+00  0.000E+00  0.000E+00  0.000E+00  0.000E+00  0.000E+00  0.000E+00
  -1.600  0.000E+00  0.000E+00  0.000E+00  0.000E+00  0.000E+00  0.000E+00  0.000E+00  0.000E+00
  -1.550  0.000E+00  0.000E+00  0.000E+00  0.000E+00  0.000E+00  0.000E+00  0.000E+00  0.000E+00
  -1.500  0.000E+00  0.000E+00  0.000E+00  0.000E+00  0.000E+00  0.000E+00  0.000E+00  0.000E+00
  -1.450  0.000E+00  0.000E+00  0.000E+00  0.000E+00  0.000E+00  0.000E+00  0.000E+00  0.000E+00
  -1.400  0.000E+00  0.000E+00  0.000E+00  0.000E+00  0.000E+00  0.000E+00  0.000E+00  0.000E+00
  -1.350  0.000E+00  0.000E+00  0.000E+00  0.000E+00  0.000E+00  0.000E+00  0.000E+00  0.000E+00
  -1.300  0.000E+00  0.000E+00  0.000E+00  0.000E+00  0.000E+00  0.000E+00  0.000E+00  0.000E+00
  -1.250  0.000E+00  0.000E+00  0.000E+00  0.000E+00  0.000E+00  0.000E+00  0.000E+00  0.000E+00
  -1.200  0.000E+00  0.000E+00  0.000E+00  0.000E+00  0.000E+00  0.000E+00  0.000E+00  0.000E+00
  -1.150  0.000E+00  0.000E+00  0.000E+00  0.000E+00  0.000E+00  0.000E+00  0.000E+00  0.000E+00
  -1.100  0.000E+00  0.000E+00  0.000E+00  0.000E+00  0.000E+00  0.000E+00  0.000E+00  0.000E+00
  -1.050  0.000E+00  0.000E+00  0.000E+00  0.000E+00  0.000E+00  0.000E+00  0.000E+00  0.000E+00
  -1.000  0.000E+00  0.000E+00  0.000E+00  0.000E+00  0.000E+00  0.000E+00  0.000E+00  0.000E+00
  -0.950  0.000E+00  0.000E+00  0.000E+00  0.000E+00  0.000E+00  0.000E+00  0.000E+00  0.000E+00
  -0.900  0.000E+00  0.000E+00  0.000E+00  0.000E+00  0.000E+00  0.000E+00  0.000E+00  0.000E+00
  -0.850  0.000E+00  0.000E+00  0.000E+00  0.000E+00  0.000E+00  0.000E+00  0.000E+00  0.000E+00
  -0.800  0.000E+00  0.000E+00  0.000E+00  0.000E+00  0.000E+00  0.000E+00  0.000E+00  0.000E+00
  -0.750  0.000E+00  0.000E+00  0.000E+00  0.000E+00  0.000E+00  0.000E+00  0.000E+00  0.000E+00
  -0.700  0.000E+00  0.000E+00  0.000E+00  0.000E+00  0.000E+00  0.000E+00  0.000E+00  0.000E+00
  -0.650  0.000E+00  0.000E+00  0.000E+00  0.000E+00  0.000E+00  0.000E+00  0.000E+00  0.000E+00
  -0.600  0.000E+00  0.000E+00  0.000E+00  0.000E+00  0.000E+00  0.000E+00  0.000E+00  0.000E+00
  -0.550  0.000E+00  0.000E+00  0.000E+00  0.000E+00  0.000E+00  0.000E+00  0.000E+00  0.000E+00
  -0.500  0.000E+00  0.000E+00  0.000E+00  0.000E+00  0.000E+00  0.000E+00  0.000E+00  0.000E+00
  -0.450  0.000E+00  0.000E+00  0.000E+00  0.000E+00  0.000E+00  0.000E+00  0.000E+00  0.000E+00
  -0.400  0.000E+00  0.000E+00  0.000E+00  0.000E+00  0.000E+00  0.000E+00  0.000E+00  0.000E+00
  -0.350  0.000E+00  0.000E+00  0.000E+00  0.000E+00  0.000E+00  0.000E+00  0.000E+00  0.000E+00
  -0.300  0.000E+00  0.000E+00  0.000E+00  0.000E+00  0.000E+00  0.000E+00  0.000E+00  0.000E+00
  -0.250  0.142E+00  0.142E+00  0.598E-01  0.597E-01  0.410E-01  0.410E-01  0.410E-01  0.410E-01
  -0.200  0.153E+00  0.153E+00  0.627E-01  0.627E-01  0.452E-01  0.452E-01  0.452E-01  0.452E-01
  -0.150  0.187E+00  0.187E+00  0.742E-01  0.742E-01  0.564E-01  0.564E-01  0.564E-01  0.564E-01
  -0.100  0.548E+00  0.548E+00  0.161E+00  0.161E+00  0.194E+00  0.194E+00  0.194E+00  0.194E+00
  -0.050  0.661E+00  0.661E+00  0.199E+00  0.199E+00  0.231E+00  0.231E+00  0.231E+00  0.231E+00
   0.000  0.661E+00  0.661E+00  0.209E+00  0.209E+00  0.226E+00  0.226E+00  0.226E+00  0.226E+00
   0.050  0.398E+00  0.399E+00  0.133E+00  0.129E+00  0.132E+00  0.135E+00  0.132E+00  0.135E+00
   0.100  0.308E+00  0.308E+00  0.108E+00  0.105E+00  0.997E-01  0.101E+00  0.997E-01  0.101E+00
   0.150  0.290E+00  0.289E+00  0.972E-01  0.102E+00  0.965E-01  0.937E-01  0.965E-01  0.937E-01
   0.200  0.332E+00  0.332E+00  0.112E+00  0.114E+00  0.110E+00  0.109E+00  0.110E+00  0.109E+00
   0.250  0.372E+00  0.372E+00  0.130E+00  0.130E+00  0.121E+00  0.121E+00  0.121E+00  0.121E+00
   0.300  0.387E+00  0.387E+00  0.138E+00  0.138E+00  0.124E+00  0.124E+00  0.124E+00  0.124E+00
   0.350  0.436E+00  0.436E+00  0.161E+00  0.161E+00  0.137E+00  0.137E+00  0.137E+00  0.137E+00
   0.400  0.510E+00  0.509E+00  0.195E+00  0.195E+00  0.158E+00  0.157E+00  0.158E+00  0.157E+00
   0.450  0.599E+00  0.599E+00  0.243E+00  0.243E+00  0.178E+00  0.178E+00  0.178E+00  0.178E+00
   0.500  0.115E+01  0.115E+01  0.551E+00  0.550E+00  0.299E+00  0.299E+00  0.299E+00  0.299E+00
   0.550  0.672E+00  0.672E+00  0.271E+00  0.271E+00  0.200E+00  0.200E+00  0.200E+00  0.200E+00
   0.600  0.650E+00  0.650E+00  0.231E+00  0.231E+00  0.210E+00  0.210E+00  0.210E+00  0.210E+00
   0.650  0.644E+00  0.644E+00  0.209E+00  0.209E+00  0.218E+00  0.218E+00  0.218E+00  0.218E+00
   0.700  0.784E+00  0.784E+00  0.170E+00  0.170E+00  0.307E+00  0.307E+00  0.307E+00  0.307E+00
   0.750  0.517E+00  0.517E+00  0.306E-01  0.306E-01  0.243E+00  0.243E+00  0.243E+00  0.243E+00
   0.800  0.415E+00  0.415E+00  0.127E-01  0.127E-01  0.201E+00  0.201E+00  0.201E+00  0.201E+00
   0.850  0.353E+00  0.353E+00  0.498E-02  0.499E-02  0.174E+00  0.174E+00  0.174E+00  0.174E+00
   0.900  0.300E+00  0.300E+00  0.794E-03  0.797E-03  0.149E+00  0.149E+00  0.149E+00  0.149E+00
   0.950  0.103E+00  0.103E+00  0.686E-04  0.686E-04  0.516E-01  0.516E-01  0.516E-01  0.516E-01
   1.000  0.105E+00  0.105E+00  0.390E-04  0.390E-04  0.526E-01  0.526E-01  0.526E-01  0.526E-01
   1.050  0.858E-01  0.858E-01  0.176E-04  0.176E-04  0.429E-01  0.429E-01  0.429E-01  0.429E-01
   1.100  0.793E-01  0.794E-01  0.472E-05  0.473E-05  0.397E-01  0.397E-01  0.397E-01  0.397E-01
   1.150  0.000E+00  0.000E+00  0.000E+00  0.000E+00  0.000E+00  0.000E+00  0.000E+00  0.000E+00
   1.200  0.000E+00  0.000E+00  0.000E+00  0.000E+00  0.000E+00  0.000E+00  0.000E+00  0.000E+00
   1.250  0.000E+00  0.000E+00  0.000E+00  0.000E+00  0.000E+00  0.000E+00  0.000E+00  0.000E+00
   1.300  0.000E+00  0.000E+00  0.000E+00  0.000E+00  0.000E+00  0.000E+00  0.000E+00  0.000E+00
   1.350  0.000E+00  0.000E+00  0.000E+00  0.000E+00  0.000E+00  0.000E+00  0.000E+00  0.000E+00
   1.400  0.000E+00  0.000E+00  0.000E+00  0.000E+00  0.000E+00  0.000E+00  0.000E+00  0.000E+00
   1.450  0.000E+00  0.000E+00  0.000E+00  0.000E+00  0.000E+00  0.000E+00  0.000E+00  0.000E+00
   1.500  0.000E+00  0.000E+00  0.000E+00  0.000E+00  0.000E+00  0.000E+00  0.000E+00  0.000E+00
   1.550  0.000E+00  0.000E+00  0.000E+00  0.000E+00  0.000E+00  0.000E+00  0.000E+00  0.000E+00
   1.600  0.000E+00  0.000E+00  0.000E+00  0.000E+00  0.000E+00  0.000E+00  0.000E+00  0.000E+00
   1.650  0.000E+00  0.000E+00  0.000E+00  0.000E+00  0.000E+00  0.000E+00  0.000E+00  0.000E+00
   1.700  0.000E+00  0.000E+00  0.000E+00  0.000E+00  0.000E+00  0.000E+00  0.000E+00  0.000E+00
   1.750  0.000E+00  0.000E+00  0.000E+00  0.000E+00  0.000E+00  0.000E+00  0.000E+00  0.000E+00
   1.800  0.000E+00  0.000E+00  0.000E+00  0.000E+00  0.000E+00  0.000E+00  0.000E+00  0.000E+00
   1.850  0.000E+00  0.000E+00  0.000E+00  0.000E+00  0.000E+00  0.000E+00  0.000E+00  0.000E+00
   1.900  0.000E+00  0.000E+00  0.000E+00  0.000E+00  0.000E+00  0.000E+00  0.000E+00  0.000E+00
   1.950  0.000E+00  0.000E+00  0.000E+00  0.000E+00  0.000E+00  0.000E+00  0.000E+00  0.000E+00
   2.000  0.000E+00  0.000E+00  0.000E+00  0.000E+00  0.000E+00  0.000E+00  0.000E+00  0.000E+00
   2.050  0.000E+00  0.000E+00  0.000E+00  0.000E+00  0.000E+00  0.000E+00  0.000E+00  0.000E+00
   2.100  0.000E+00  0.000E+00  0.000E+00  0.000E+00  0.000E+00  0.000E+00  0.000E+00  0.000E+00
   2.150  0.000E+00  0.000E+00  0.000E+00  0.000E+00  0.000E+00  0.000E+00  0.000E+00  0.000E+00
   2.200  0.000E+00  0.000E+00  0.000E+00  0.000E+00  0.000E+00  0.000E+00  0.000E+00  0.000E+00
   2.250  0.000E+00  0.000E+00  0.000E+00  0.000E+00  0.000E+00  0.000E+00  0.000E+00  0.000E+00
   2.300  0.000E+00  0.000E+00  0.000E+00  0.000E+00  0.000E+00  0.000E+00  0.000E+00  0.000E+00
   2.350  0.000E+00  0.000E+00  0.000E+00  0.000E+00  0.000E+00  0.000E+00  0.000E+00  0.000E+00
   2.400  0.000E+00  0.000E+00  0.000E+00  0.000E+00  0.000E+00  0.000E+00  0.000E+00  0.000E+00
   2.450  0.000E+00  0.000E+00  0.000E+00  0.000E+00  0.000E+00  0.000E+00  0.000E+00  0.000E+00
   2.500  0.000E+00  0.000E+00  0.000E+00  0.000E+00  0.000E+00  0.000E+00  0.000E+00  0.000E+00
   2.550  0.000E+00  0.000E+00  0.000E+00  0.000E+00  0.000E+00  0.000E+00  0.000E+00  0.000E+00
   2.600  0.000E+00  0.000E+00  0.000E+00  0.000E+00  0.000E+00  0.000E+00  0.000E+00  0.000E+00
   2.650  0.000E+00  0.000E+00  0.000E+00  0.000E+00  0.000E+00  0.000E+00  0.000E+00  0.000E+00
   2.700  0.000E+00  0.000E+00  0.000E+00  0.000E+00  0.000E+00  0.000E+00  0.000E+00  0.000E+00
   2.750  0.000E+00  0.000E+00  0.000E+00  0.000E+00  0.000E+00  0.000E+00  0.000E+00  0.000E+00
   2.800  0.000E+00  0.000E+00  0.000E+00  0.000E+00  0.000E+00  0.000E+00  0.000E+00  0.000E+00
   2.850  0.000E+00  0.000E+00  0.000E+00  0.000E+00  0.000E+00  0.000E+00  0.000E+00  0.000E+00
   2.900  0.000E+00  0.000E+00  0.000E+00  0.000E+00  0.000E+00  0.000E+00  0.000E+00  0.000E+00
   2.950  0.000E+00  0.000E+00  0.000E+00  0.000E+00  0.000E+00  0.000E+00  0.000E+00  0.000E+00
   3.000  0.000E+00  0.000E+00  0.000E+00  0.000E+00  0.000E+00  0.000E+00  0.000E+00  0.000E+00
   3.050  0.000E+00  0.000E+00  0.000E+00  0.000E+00  0.000E+00  0.000E+00  0.000E+00  0.000E+00
