2.600000000000000000e+02 1.540499999999999925e-01 2.365540000000000198e+00
2.610000000000000000e+02 1.550499999999999934e-01 2.377510000000000012e+00
2.620000000000000000e+02 1.560499999999999943e-01 2.388570000000000082e+00
2.630000000000000000e+02 1.570499999999999952e-01 2.400589999999999780e+00
2.640000000000000000e+02 1.580499999999999960e-01 2.412300000000000111e+00
2.650000000000000000e+02 1.590499999999999969e-01 2.418620000000000214e+00
2.660000000000000000e+02 1.600499999999999978e-01 2.430639999999999912e+00
2.670000000000000000e+02 1.610499999999999987e-01 2.442709999999999937e+00
2.680000000000000000e+02 1.620000000000000051e-01 2.455330000000000013e+00
2.690000000000000000e+02 1.621100000000000041e-01 2.461679999999999868e+00
2.700000000000000000e+02 1.640600000000000114e-01 2.473759999999999959e+00
2.710000000000000000e+02 1.650000000000000078e-01 2.486359999999999904e+00
2.720000000000000000e+02 1.650600000000000123e-01 2.492789999999999839e+00
2.730000000000000000e+02 1.661199999999999899e-01 2.505739999999999856e+00
2.740000000000000000e+02 1.680000000000000104e-01 2.517440000000000122e+00
2.750000000000000000e+02 1.680599999999999872e-01 2.524840000000000195e+00
2.760000000000000000e+02 1.691300000000000026e-01 2.537859999999999783e+00
2.770000000000000000e+02 1.710000000000000131e-01 2.550399999999999778e+00
2.780000000000000000e+02 1.710699999999999998e-01 2.556890000000000107e+00
2.790000000000000000e+02 1.720700000000000007e-01 2.569490000000000052e+00
2.800000000000000000e+02 1.730700000000000016e-01 2.576919999999999877e+00
2.820000000000000000e+02 1.741399999999999892e-01 2.590009999999999923e+00
2.830000000000000000e+02 1.759999999999999898e-01 2.603520000000000056e+00
2.840000000000000000e+02 1.761500000000000010e-01 2.610970000000000013e+00
2.850000000000000000e+02 1.779999999999999916e-01 2.623530000000000140e+00
2.860000000000000000e+02 1.780799999999999883e-01 2.631089999999999929e+00
2.870000000000000000e+02 1.790799999999999892e-01 2.644550000000000178e+00
2.880000000000000000e+02 1.800799999999999901e-01 2.652120000000000033e+00
2.890000000000000000e+02 1.810799999999999910e-01 2.665570000000000217e+00
2.900000000000000000e+02 1.821699999999999986e-01 2.673160000000000203e+00
2.910000000000000000e+02 1.839999999999999969e-01 2.686589999999999812e+00
2.920000000000000000e+02 1.841700000000000004e-01 2.694189999999999863e+00
2.930000000000000000e+02 1.859999999999999987e-01 2.707609999999999850e+00
2.940000000000000000e+02 1.860900000000000054e-01 2.714700000000000113e+00
2.950000000000000000e+02 1.870900000000000063e-01 2.723250000000000171e+00
2.960000000000000000e+02 1.880900000000000072e-01 2.736720000000000041e+00
2.970000000000000000e+02 1.891799999999999871e-01 2.745280000000000165e+00
2.980000000000000000e+02 1.910000000000000031e-01 2.758739999999999970e+00
2.990000000000000000e+02 1.910900000000000098e-01 2.766659999999999897e+00
3.000000000000000000e+02 1.921899999999999997e-01 2.774430000000000174e+00
3.010000000000000000e+02 1.940000000000000058e-01 2.788780000000000037e+00
3.020000000000000000e+02 1.942000000000000115e-01 2.797470000000000123e+00
3.030000000000000000e+02 1.960999999999999965e-01 2.811799999999999855e+00
3.040000000000000000e+02 1.970999999999999974e-01 2.819710000000000161e+00
3.050000000000000000e+02 1.980999999999999983e-01 2.827630000000000088e+00
3.060000000000000000e+02 1.990999999999999992e-01 2.842830000000000190e+00
3.070000000000000000e+02 2.001000000000000001e-01 2.850729999999999986e+00
3.080000000000000000e+02 2.011100000000000110e-01 2.858699999999999797e+00
3.090000000000000000e+02 2.021100000000000119e-01 2.873860000000000081e+00
3.100000000000000000e+02 2.031100000000000128e-01 2.881870000000000154e+00
3.110000000000000000e+02 2.041100000000000136e-01 2.889879999999999782e+00
3.120000000000000000e+02 2.052200000000000135e-01 2.898779999999999912e+00
3.130000000000000000e+02 2.069999999999999896e-01 2.913899999999999935e+00
3.140000000000000000e+02 2.071099999999999886e-01 2.921910000000000007e+00
3.150000000000000000e+02 2.081099999999999894e-01 2.930029999999999912e+00
3.160000000000000000e+02 2.092299999999999993e-01 2.939859999999999918e+00
3.170000000000000000e+02 2.111200000000000021e-01 2.954940000000000122e+00
3.180000000000000000e+02 2.121200000000000030e-01 2.963070000000000093e+00
3.190000000000000000e+02 2.131200000000000039e-01 2.971960000000000157e+00
3.200000000000000000e+02 2.141200000000000048e-01 2.981059999999999821e+00
3.210000000000000000e+02 2.151200000000000057e-01 2.997100000000000097e+00
3.220000000000000000e+02 2.161200000000000065e-01 3.005990000000000162e+00
3.230000000000000000e+02 2.171299999999999897e-01 3.014130000000000198e+00
3.240000000000000000e+02 2.181299999999999906e-01 3.023010000000000197e+00
3.250000000000000000e+02 2.192600000000000104e-01 3.032300000000000217e+00
3.260000000000000000e+02 2.211299999999999932e-01 3.049160000000000093e+00
3.270000000000000000e+02 2.221299999999999941e-01 3.058040000000000092e+00
3.280000000000000000e+02 2.231299999999999950e-01 3.066190000000000193e+00
3.290000000000000000e+02 2.241299999999999959e-01 3.075200000000000156e+00
3.300000000000000000e+02 2.251299999999999968e-01 3.084210000000000118e+00
3.310000000000000000e+02 2.261400000000000077e-01 3.093220000000000081e+00
3.320000000000000000e+02 2.272699999999999998e-01 3.103470000000000173e+00
3.330000000000000000e+02 2.291400000000000103e-01 3.120239999999999903e+00
3.340000000000000000e+02 2.301400000000000112e-01 3.129259999999999931e+00
3.350000000000000000e+02 2.311400000000000121e-01 3.138409999999999922e+00
3.360000000000000000e+02 2.321400000000000130e-01 3.148280000000000189e+00
3.370000000000000000e+02 2.331399999999999861e-01 3.157290000000000152e+00
3.380000000000000000e+02 2.341399999999999870e-01 3.166300000000000114e+00
3.390000000000000000e+02 2.351499999999999979e-01 3.175460000000000171e+00
3.400000000000000000e+02 2.361499999999999988e-01 3.185329999999999995e+00
3.410000000000000000e+02 2.371499999999999997e-01 3.194490000000000052e+00
3.420000000000000000e+02 2.383000000000000118e-01 3.204349999999999810e+00
3.430000000000000000e+02 2.403000000000000136e-01 3.215019999999999989e+00
3.440000000000000000e+02 2.421500000000000041e-01 3.233369999999999855e+00
3.450000000000000000e+02 2.431500000000000050e-01 3.242539999999999978e+00
3.460000000000000000e+02 2.441599999999999882e-01 3.252549999999999830e+00
3.470000000000000000e+02 2.451599999999999890e-01 3.262560000000000127e+00
3.480000000000000000e+02 2.463200000000000112e-01 3.272419999999999884e+00
3.490000000000000000e+02 2.481599999999999917e-01 3.281590000000000007e+00
3.500000000000000000e+02 2.491599999999999926e-01 3.291760000000000019e+00
3.510000000000000000e+02 2.501599999999999935e-01 3.302610000000000046e+00
3.520000000000000000e+02 2.511599999999999944e-01 3.312629999999999963e+00
3.530000000000000000e+02 2.523299999999999987e-01 3.322639999999999816e+00
3.540000000000000000e+02 2.541700000000000070e-01 3.332650000000000112e+00
3.550000000000000000e+02 2.551700000000000079e-01 3.342670000000000030e+00
3.560000000000000000e+02 2.561700000000000088e-01 3.352850000000000108e+00
3.570000000000000000e+02 2.573400000000000132e-01 3.363690000000000069e+00
3.580000000000000000e+02 2.591700000000000115e-01 3.373709999999999987e+00
3.590000000000000000e+02 2.601700000000000124e-01 3.383890000000000065e+00
3.600000000000000000e+02 2.611700000000000133e-01 3.394730000000000025e+00
3.610000000000000000e+02 2.621700000000000141e-01 3.403960000000000097e+00
3.620000000000000000e+02 2.631800000000000250e-01 3.409469999999999779e+00
3.630000000000000000e+02 2.641800000000000259e-01 3.415950000000000042e+00
3.640000000000000000e+02 2.651800000000000268e-01 3.426779999999999937e+00
3.650000000000000000e+02 2.663599999999999857e-01 3.436980000000000146e+00
3.660000000000000000e+02 2.681799999999999740e-01 3.447989999999999888e+00
3.670000000000000000e+02 2.691799999999999748e-01 3.459000000000000075e+00
3.680000000000000000e+02 2.703699999999999992e-01 3.470019999999999882e+00
3.690000000000000000e+02 2.721799999999999775e-01 3.481030000000000069e+00
3.700000000000000000e+02 2.733700000000000019e-01 3.492049999999999876e+00
3.710000000000000000e+02 2.751899999999999902e-01 3.503060000000000063e+00
3.720000000000000000e+02 2.761899999999999911e-01 3.514069999999999805e+00
3.730000000000000000e+02 2.773800000000000154e-01 3.525279999999999969e+00
3.740000000000000000e+02 2.791000000000000147e-01 3.536049999999999915e+00
3.750000000000000000e+02 2.796000000000000152e-01 3.541560000000000041e+00
3.760000000000000000e+02 2.803899999999999726e-01 3.548130000000000006e+00
3.770000000000000000e+02 2.822000000000000064e-01 3.559340000000000170e+00
3.780000000000000000e+02 2.833899999999999753e-01 3.571159999999999890e+00
3.790000000000000000e+02 2.852000000000000091e-01 3.582370000000000054e+00
3.800000000000000000e+02 2.863999999999999879e-01 3.594390000000000196e+00
3.810000000000000000e+02 2.881000000000000227e-01 3.605100000000000193e+00
3.820000000000000000e+02 2.886000000000000232e-01 3.610609999999999875e+00
3.830000000000000000e+02 2.894100000000000006e-01 3.617430000000000145e+00
3.840000000000000000e+02 2.912000000000000144e-01 3.629449999999999843e+00
3.850000000000000000e+02 2.924100000000000033e-01 3.641469999999999985e+00
3.860000000000000000e+02 2.944100000000000050e-01 3.653480000000000061e+00
3.870000000000000000e+02 2.960999999999999743e-01 3.664250000000000007e+00
3.880000000000000000e+02 2.965999999999999748e-01 3.670259999999999856e+00
3.890000000000000000e+02 2.974200000000000177e-01 3.677529999999999966e+00
3.900000000000000000e+02 2.994200000000000195e-01 3.689750000000000085e+00
3.910000000000000000e+02 3.012099999999999778e-01 3.702560000000000073e+00
3.920000000000000000e+02 3.024299999999999766e-01 3.714570000000000149e+00
3.930000000000000000e+02 3.042199999999999904e-01 3.725400000000000045e+00
3.940000000000000000e+02 3.052199999999999913e-01 3.731910000000000061e+00
3.950000000000000000e+02 3.062199999999999922e-01 3.739619999999999944e+00
3.960000000000000000e+02 3.074399999999999911e-01 3.751860000000000195e+00
3.970000000000000000e+02 3.094399999999999928e-01 3.764650000000000052e+00
3.980000000000000000e+02 3.112199999999999966e-01 3.775440000000000129e+00
3.990000000000000000e+02 3.122199999999999975e-01 3.781950000000000145e+00
4.000000000000000000e+02 3.132199999999999984e-01 3.789919999999999956e+00
4.010000000000000000e+02 3.144500000000000073e-01 3.802939999999999987e+00
4.020000000000000000e+02 3.162300000000000111e-01 3.814480000000000093e+00
4.030000000000000000e+02 3.172300000000000120e-01 3.820990000000000109e+00
4.040000000000000000e+02 3.184600000000000208e-01 3.828990000000000116e+00
4.050000000000000000e+02 3.204600000000000226e-01 3.842010000000000147e+00
4.060000000000000000e+02 3.222300000000000164e-01 3.853509999999999991e+00
4.070000000000000000e+02 3.232300000000000173e-01 3.860020000000000007e+00
4.080000000000000000e+02 3.244699999999999807e-01 3.868290000000000006e+00
4.090000000000000000e+02 3.262399999999999745e-01 3.882070000000000132e+00
4.100000000000000000e+02 3.272399999999999753e-01 3.893660000000000121e+00
4.110000000000000000e+02 3.282399999999999762e-01 3.900669999999999860e+00
4.120000000000000000e+02 3.294799999999999951e-01 3.909120000000000150e+00
4.130000000000000000e+02 3.314799999999999969e-01 3.922379999999999978e+00
4.140000000000000000e+02 3.332399999999999807e-01 3.934699999999999864e+00
4.150000000000000000e+02 3.342399999999999816e-01 3.941710000000000047e+00
4.160000000000000000e+02 3.354900000000000104e-01 3.950439999999999952e+00
4.170000000000000000e+02 3.373700000000000032e-01 3.962600000000000122e+00
4.180000000000000000e+02 3.388700000000000045e-01 3.969110000000000138e+00
4.190000000000000000e+02 3.405000000000000249e-01 3.977489999999999970e+00
4.200000000000000000e+02 3.425000000000000266e-01 3.991760000000000197e+00
4.210000000000000000e+02 3.442500000000000004e-01 4.004760000000000097e+00
4.220000000000000000e+02 3.452500000000000013e-01 4.011770000000000280e+00
4.230000000000000000e+02 3.465099999999999847e-01 4.020559999999999690e+00
4.240000000000000000e+02 3.482600000000000140e-01 4.032919999999999838e+00
4.250000000000000000e+02 3.492600000000000149e-01 4.040429999999999744e+00
4.260000000000000000e+02 3.505199999999999982e-01 4.049619999999999997e+00
4.270000000000000000e+02 3.523899999999999810e-01 4.061950000000000394e+00
4.280000000000000000e+02 3.538899999999999824e-01 4.069460000000000299e+00
4.290000000000000000e+02 3.555200000000000027e-01 4.078669999999999796e+00
4.300000000000000000e+02 3.572600000000000220e-01 4.090980000000000061e+00
4.310000000000000000e+02 3.582600000000000229e-01 4.098489999999999966e+00
4.320000000000000000e+02 3.595300000000000162e-01 4.107990000000000030e+00
4.330000000000000000e+02 3.613999999999999990e-01 4.121010000000000062e+00
4.340000000000000000e+02 3.629000000000000004e-01 4.128519999999999968e+00
4.350000000000000000e+02 3.645399999999999752e-01 4.138049999999999784e+00
4.360000000000000000e+02 3.664100000000000135e-01 4.151030000000000442e+00
4.370000000000000000e+02 3.679100000000000148e-01 4.158540000000000347e+00
4.380000000000000000e+02 3.695499999999999896e-01 4.168110000000000426e+00
4.390000000000000000e+02 3.712799999999999989e-01 4.181199999999999584e+00
4.400000000000000000e+02 3.722799999999999998e-01 4.189210000000000100e+00
4.410000000000000000e+02 3.738299999999999956e-01 4.199169999999999625e+00
4.420000000000000000e+02 3.762800000000000034e-01 4.212229999999999919e+00
4.430000000000000000e+02 3.772800000000000042e-01 4.220240000000000435e+00
4.440000000000000000e+02 3.788400000000000101e-01 4.230220000000000091e+00
4.450000000000000000e+02 3.814199999999999813e-01 4.243260000000000254e+00
4.460000000000000000e+02 3.829299999999999926e-01 4.251269999999999882e+00
4.470000000000000000e+02 3.842900000000000205e-01 4.259280000000000399e+00
4.480000000000000000e+02 3.852900000000000214e-01 4.267290000000000028e+00
4.490000000000000000e+02 3.868599999999999817e-01 4.277610000000000134e+00
4.500000000000000000e+02 3.894299999999999984e-01 4.291319999999999801e+00
4.510000000000000000e+02 3.909400000000000097e-01 4.299330000000000318e+00
4.520000000000000000e+02 3.922900000000000276e-01 4.307479999999999976e+00
4.530000000000000000e+02 3.932899999999999729e-01 4.315990000000000215e+00
4.540000000000000000e+02 3.948800000000000088e-01 4.326710000000000278e+00
4.550000000000000000e+02 3.974400000000000155e-01 4.340370000000000061e+00
4.560000000000000000e+02 3.989500000000000268e-01 4.348379999999999690e+00
4.570000000000000000e+02 4.004499999999999726e-01 4.356539999999999857e+00
4.580000000000000000e+02 4.019499999999999740e-01 4.365050000000000097e+00
4.590000000000000000e+02 4.038999999999999813e-01 4.376120000000000232e+00
4.600000000000000000e+02 4.062999999999999945e-01 4.390570000000000306e+00
4.610000000000000000e+02 4.072999999999999954e-01 4.399079999999999657e+00
4.620000000000000000e+02 4.084599999999999898e-01 4.407589999999999897e+00
4.630000000000000000e+02 4.099599999999999911e-01 4.416100000000000136e+00
4.640000000000000000e+02 4.119200000000000084e-01 4.427229999999999777e+00
4.650000000000000000e+02 4.144599999999999951e-01 4.441620000000000346e+00
4.660000000000000000e+02 4.159700000000000064e-01 4.450140000000000207e+00
4.670000000000000000e+02 4.174700000000000077e-01 4.458649999999999558e+00
4.680000000000000000e+02 4.189700000000000091e-01 4.467159999999999798e+00
4.690000000000000000e+02 4.206300000000000039e-01 4.475830000000000197e+00
4.700000000000000000e+02 4.226300000000000057e-01 4.484840000000000160e+00
4.710000000000000000e+02 4.249499999999999944e-01 4.496380000000000265e+00
4.720000000000000000e+02 4.274800000000000266e-01 4.510860000000000092e+00
4.730000000000000000e+02 4.289799999999999724e-01 4.519870000000000054e+00
4.740000000000000000e+02 4.304799999999999738e-01 4.528880000000000017e+00
4.750000000000000000e+02 4.319799999999999751e-01 4.537899999999999601e+00
4.760000000000000000e+02 4.334799999999999764e-01 4.546909999999999563e+00
4.770000000000000000e+02 4.349899999999999878e-01 4.555920000000000414e+00
4.780000000000000000e+02 4.366499999999999826e-01 4.564930000000000376e+00
4.790000000000000000e+02 4.386499999999999844e-01 4.573940000000000339e+00
4.800000000000000000e+02 4.404899999999999927e-01 4.582950000000000301e+00
4.810000000000000000e+02 4.419899999999999940e-01 4.591969999999999885e+00
4.820000000000000000e+02 4.443199999999999927e-01 4.603950000000000209e+00
4.830000000000000000e+02 4.475000000000000089e-01 4.619150000000000311e+00
4.840000000000000000e+02 4.490000000000000102e-01 4.628669999999999618e+00
4.850000000000000000e+02 4.506700000000000150e-01 4.638010000000000410e+00
4.860000000000000000e+02 4.526700000000000168e-01 4.647020000000000373e+00
4.870000000000000000e+02 4.545100000000000251e-01 4.656200000000000117e+00
4.880000000000000000e+02 4.560100000000000264e-01 4.665720000000000312e+00
4.890000000000000000e+02 4.576799999999999757e-01 4.675229999999999997e+00
4.900000000000000000e+02 4.596799999999999775e-01 4.684739999999999682e+00
4.910000000000000000e+02 4.616799999999999793e-01 4.694250000000000256e+00
4.920000000000000000e+02 4.636899999999999911e-01 4.703759999999999941e+00
4.930000000000000000e+02 4.655199999999999894e-01 4.713449999999999918e+00
4.940000000000000000e+02 4.670199999999999907e-01 4.723460000000000214e+00
4.950000000000000000e+02 4.687000000000000055e-01 4.733299999999999841e+00
4.960000000000000000e+02 4.707000000000000073e-01 4.742810000000000414e+00
4.970000000000000000e+02 4.727000000000000091e-01 4.752329999999999721e+00
4.980000000000000000e+02 4.747000000000000108e-01 4.761840000000000295e+00
4.990000000000000000e+02 4.767100000000000226e-01 4.771530000000000271e+00
5.000000000000000000e+02 4.787100000000000244e-01 4.781539999999999679e+00
5.010000000000000000e+02 4.807100000000000262e-01 4.791549999999999976e+00
5.020000000000000000e+02 4.827099999999999724e-01 4.801569999999999894e+00
5.030000000000000000e+02 4.847199999999999842e-01 4.811580000000000190e+00
5.040000000000000000e+02 4.867199999999999860e-01 4.821589999999999598e+00
5.050000000000000000e+02 4.887199999999999878e-01 4.831599999999999895e+00
5.060000000000000000e+02 4.907199999999999895e-01 4.841619999999999813e+00
5.070000000000000000e+02 4.929100000000000148e-01 4.851630000000000109e+00
5.080000000000000000e+02 4.954100000000000170e-01 4.861640000000000406e+00
5.090000000000000000e+02 4.977300000000000058e-01 4.871839999999999726e+00
5.100000000000000000e+02 4.997300000000000075e-01 4.882349999999999746e+00
5.110000000000000000e+02 5.017399999999999638e-01 4.892680000000000362e+00
5.120000000000000000e+02 5.037399999999999656e-01 4.902700000000000280e+00
5.130000000000000000e+02 5.056199999999999584e-01 4.911599999999999966e+00
5.140000000000000000e+02 5.072900000000000187e-01 4.918599999999999639e+00
5.150000000000000000e+02 5.089599999999999680e-01 4.925609999999999822e+00
5.160000000000000000e+02 5.107500000000000373e-01 4.933930000000000149e+00
5.170000000000000000e+02 5.127500000000000391e-01 4.944449999999999790e+00
5.180000000000000000e+02 5.149399999999999533e-01 4.954959999999999809e+00
5.190000000000000000e+02 5.174499999999999655e-01 4.965469999999999828e+00
5.200000000000000000e+02 5.199500000000000233e-01 4.976180000000000270e+00
5.210000000000000000e+02 5.224499999999999700e-01 4.987190000000000012e+00
5.220000000000000000e+02 5.247600000000000042e-01 4.998020000000000351e+00
5.230000000000000000e+02 5.267699999999999605e-01 5.008530000000000371e+00
5.240000000000000000e+02 5.289599999999999858e-01 5.019239999999999924e+00
5.250000000000000000e+02 5.314699999999999980e-01 5.030249999999999666e+00
5.260000000000000000e+02 5.336499999999999577e-01 5.039710000000000356e+00
5.270000000000000000e+02 5.353099999999999525e-01 5.046719999999999651e+00
5.280000000000000000e+02 5.369800000000000129e-01 5.053729999999999833e+00
5.290000000000000000e+02 5.389800000000000146e-01 5.062310000000000088e+00
5.300000000000000000e+02 5.414799999999999613e-01 5.073319999999999830e+00
5.310000000000000000e+02 5.439899999999999736e-01 5.084529999999999994e+00
5.320000000000000000e+02 5.464900000000000313e-01 5.096049999999999969e+00
5.330000000000000000e+02 5.491899999999999560e-01 5.107359999999999900e+00
5.340000000000000000e+02 5.521899999999999586e-01 5.118380000000000152e+00
5.350000000000000000e+02 5.546699999999999964e-01 5.127930000000000099e+00
5.360000000000000000e+02 5.563299999999999912e-01 5.135270000000000223e+00
5.370000000000000000e+02 5.580000000000000515e-01 5.142610000000000348e+00
5.380000000000000000e+02 5.600100000000000078e-01 5.151640000000000441e+00
5.390000000000000000e+02 5.625099999999999545e-01 5.163149999999999906e+00
5.400000000000000000e+02 5.652199999999999447e-01 5.174669999999999881e+00
5.410000000000000000e+02 5.682199999999999473e-01 5.186180000000000234e+00
5.420000000000000000e+02 5.708199999999999941e-01 5.196130000000000138e+00
5.430000000000000000e+02 5.728199999999999958e-01 5.203809999999999825e+00
5.440000000000000000e+02 5.748199999999999976e-01 5.211479999999999890e+00
5.450000000000000000e+02 5.770300000000000429e-01 5.220740000000000158e+00
5.460000000000000000e+02 5.795299999999999896e-01 5.232249999999999623e+00
5.470000000000000000e+02 5.818299999999999583e-01 5.242320000000000313e+00
5.480000000000000000e+02 5.838299999999999601e-01 5.250329999999999941e+00
5.490000000000000000e+02 5.858299999999999619e-01 5.258339999999999570e+00
5.500000000000000000e+02 5.882600000000000051e-01 5.267809999999999881e+00
5.510000000000000000e+02 5.912600000000000078e-01 5.279329999999999856e+00
5.520000000000000000e+02 5.938400000000000345e-01 5.289369999999999905e+00
5.530000000000000000e+02 5.958400000000000363e-01 5.297380000000000422e+00
5.540000000000000000e+02 5.978499999999999925e-01 5.305390000000000050e+00
5.550000000000000000e+02 6.004899999999999682e-01 5.315100000000000158e+00
5.560000000000000000e+02 6.039900000000000269e-01 5.327119999999999855e+00
5.570000000000000000e+02 6.068599999999999550e-01 5.337419999999999831e+00
5.580000000000000000e+02 6.088599999999999568e-01 5.345430000000000348e+00
5.590000000000000000e+02 6.108599999999999586e-01 5.353439999999999976e+00
5.600000000000000000e+02 6.135099999999999998e-01 5.363389999999999880e+00
5.610000000000000000e+02 6.170099999999999474e-01 5.375910000000000188e+00
5.620000000000000000e+02 6.198700000000000321e-01 5.386619999999999742e+00
5.630000000000000000e+02 6.218700000000000339e-01 5.394960000000000200e+00
5.640000000000000000e+02 6.238700000000000356e-01 5.403310000000000279e+00
5.650000000000000000e+02 6.265300000000000313e-01 5.413260000000000183e+00
5.660000000000000000e+02 6.300400000000000444e-01 5.425270000000000259e+00
5.670000000000000000e+02 6.330299999999999816e-01 5.435819999999999652e+00
5.680000000000000000e+02 6.353600000000000358e-01 5.444499999999999673e+00
5.690000000000000000e+02 6.377000000000000446e-01 5.453170000000000073e+00
5.700000000000000000e+02 6.405600000000000183e-01 5.463560000000000194e+00
5.710000000000000000e+02 6.440599999999999659e-01 5.476069999999999993e+00
5.720000000000000000e+02 6.470399999999999485e-01 5.486729999999999663e+00
5.730000000000000000e+02 6.493799999999999573e-01 5.495070000000000121e+00
5.740000000000000000e+02 6.517199999999999660e-01 5.503409999999999691e+00
5.750000000000000000e+02 6.542000000000000037e-01 5.511910000000000309e+00
5.760000000000000000e+02 6.568699999999999539e-01 5.520590000000000330e+00
5.770000000000000000e+02 6.595400000000000151e-01 5.529259999999999842e+00
5.780000000000000000e+02 6.628199999999999648e-01 5.539909999999999890e+00
5.790000000000000000e+02 6.668199999999999683e-01 5.552929999999999922e+00
5.800000000000000000e+02 6.700700000000000545e-01 5.563959999999999795e+00
5.810000000000000000e+02 6.723999999999999977e-01 5.572639999999999816e+00
5.820000000000000000e+02 6.747400000000000064e-01 5.581319999999999837e+00
5.830000000000000000e+02 6.772299999999999986e-01 5.589999999999999858e+00
5.840000000000000000e+02 6.798999999999999488e-01 5.598679999999999879e+00
5.850000000000000000e+02 6.825700000000000101e-01 5.607350000000000279e+00
5.860000000000000000e+02 6.854000000000000092e-01 5.616189999999999571e+00
5.870000000000000000e+02 6.884000000000000119e-01 5.625200000000000422e+00
5.880000000000000000e+02 6.914000000000000146e-01 5.634210000000000385e+00
5.890000000000000000e+02 6.948800000000000532e-01 5.645100000000000229e+00
5.900000000000000000e+02 6.988799999999999457e-01 5.658109999999999751e+00
5.910000000000000000e+02 7.024099999999999788e-01 5.669240000000000279e+00
5.920000000000000000e+02 7.054200000000000470e-01 5.678259999999999863e+00
5.930000000000000000e+02 7.084200000000000497e-01 5.687269999999999825e+00
5.940000000000000000e+02 7.112699999999999578e-01 5.696439999999999948e+00
5.950000000000000000e+02 7.139400000000000190e-01 5.705779999999999852e+00
5.960000000000000000e+02 7.166099999999999692e-01 5.715130000000000265e+00
5.970000000000000000e+02 7.196000000000000174e-01 5.724310000000000009e+00
5.980000000000000000e+02 7.229400000000000270e-01 5.733329999999999593e+00
5.990000000000000000e+02 7.262699999999999712e-01 5.742340000000000444e+00
6.000000000000000000e+02 7.294500000000000428e-01 5.751350000000000406e+00
6.010000000000000000e+02 7.324500000000000455e-01 5.760360000000000369e+00
6.020000000000000000e+02 7.354600000000000026e-01 5.769370000000000331e+00
6.030000000000000000e+02 7.384600000000000053e-01 5.778550000000000075e+00
6.040000000000000000e+02 7.414699999999999624e-01 5.787889999999999979e+00
6.050000000000000000e+02 7.444699999999999651e-01 5.797240000000000393e+00
6.060000000000000000e+02 7.476399999999999713e-01 5.806580000000000297e+00
6.070000000000000000e+02 7.509700000000000264e-01 5.815929999999999822e+00
6.080000000000000000e+02 7.543100000000000360e-01 5.825269999999999726e+00
6.090000000000000000e+02 7.576500000000000457e-01 5.834780000000000300e+00
6.100000000000000000e+02 7.609900000000000553e-01 5.844459999999999766e+00
6.110000000000000000e+02 7.643199999999999994e-01 5.854140000000000121e+00
6.120000000000000000e+02 7.678300000000000125e-01 5.863649999999999807e+00
6.130000000000000000e+02 7.714999999999999636e-01 5.873000000000000220e+00
6.140000000000000000e+02 7.751700000000000257e-01 5.882349999999999746e+00
6.150000000000000000e+02 7.786800000000000388e-01 5.891860000000000319e+00
6.160000000000000000e+02 7.820099999999999829e-01 5.901539999999999786e+00
6.170000000000000000e+02 7.853499999999999925e-01 5.911220000000000141e+00
6.180000000000000000e+02 7.888600000000000056e-01 5.920899999999999608e+00
6.190000000000000000e+02 7.925299999999999567e-01 5.930570000000000341e+00
6.200000000000000000e+02 7.962000000000000188e-01 5.940249999999999808e+00
6.210000000000000000e+02 7.998699999999999699e-01 5.949930000000000163e+00
6.220000000000000000e+02 8.035400000000000320e-01 5.959609999999999630e+00
6.230000000000000000e+02 8.072099999999999831e-01 5.969289999999999985e+00
6.240000000000000000e+02 8.110600000000000032e-01 5.978970000000000340e+00
6.250000000000000000e+02 8.150600000000000067e-01 5.988649999999999807e+00
6.260000000000000000e+02 8.190699999999999648e-01 5.998330000000000162e+00
6.270000000000000000e+02 8.230699999999999683e-01 6.008180000000000298e+00
6.280000000000000000e+02 8.270800000000000374e-01 6.018189999999999706e+00
6.290000000000000000e+02 8.310800000000000409e-01 6.028209999999999624e+00
6.300000000000000000e+02 8.345700000000000340e-01 6.036780000000000257e+00
6.310000000000000000e+02 8.375700000000000367e-01 6.044039999999999857e+00
6.320000000000000000e+02 8.405700000000000394e-01 6.051300000000000345e+00
6.330000000000000000e+02 8.435799999999999965e-01 6.058559999999999945e+00
6.340000000000000000e+02 8.472800000000000331e-01 6.067269999999999719e+00
6.350000000000000000e+02 8.516200000000000436e-01 6.077280000000000015e+00
6.360000000000000000e+02 8.559600000000000541e-01 6.087299999999999933e+00
6.370000000000000000e+02 8.602999999999999536e-01 6.097310000000000230e+00
6.380000000000000000e+02 8.646399999999999642e-01 6.107319999999999638e+00
6.390000000000000000e+02 8.689799999999999747e-01 6.117340000000000444e+00
6.400000000000000000e+02 8.733199999999999852e-01 6.127349999999999852e+00
6.410000000000000000e+02 8.776599999999999957e-01 6.137360000000000149e+00
6.420000000000000000e+02 8.820000000000000062e-01 6.147369999999999557e+00
6.430000000000000000e+02 8.858899999999999553e-01 6.156179999999999986e+00
6.440000000000000000e+02 8.893900000000000139e-01 6.163940000000000197e+00
6.450000000000000000e+02 8.928899999999999615e-01 6.171700000000000408e+00
6.460000000000000000e+02 8.963999999999999746e-01 6.179459999999999731e+00
6.470000000000000000e+02 9.005400000000000071e-01 6.188439999999999941e+00
6.480000000000000000e+02 9.052099999999999591e-01 6.198450000000000237e+00
6.490000000000000000e+02 9.098800000000000221e-01 6.208470000000000155e+00
6.500000000000000000e+02 9.140500000000000291e-01 6.217249999999999943e+00
6.510000000000000000e+02 9.178100000000000147e-01 6.225010000000000154e+00
6.520000000000000000e+02 9.215600000000000458e-01 6.232770000000000366e+00
6.530000000000000000e+02 9.253200000000000314e-01 6.240529999999999688e+00
6.540000000000000000e+02 9.297600000000000309e-01 6.249710000000000321e+00
6.550000000000000000e+02 9.347699999999999898e-01 6.260060000000000180e+00
6.560000000000000000e+02 9.397799999999999487e-01 6.270410000000000039e+00
6.570000000000000000e+02 9.442300000000000137e-01 6.279320000000000235e+00
6.580000000000000000e+02 9.482300000000000173e-01 6.287079999999999558e+00
6.590000000000000000e+02 9.522399999999999753e-01 6.294839999999999769e+00
6.600000000000000000e+02 9.562399999999999789e-01 6.302599999999999980e+00
6.610000000000000000e+02 9.611800000000000344e-01 6.311810000000000365e+00
6.620000000000000000e+02 9.668600000000000527e-01 6.322149999999999714e+00
6.630000000000000000e+02 9.725300000000000056e-01 6.332499999999999574e+00
6.640000000000000000e+02 9.772600000000000176e-01 6.341389999999999638e+00
6.650000000000000000e+02 9.812699999999999756e-01 6.349149999999999849e+00
6.660000000000000000e+02 9.852699999999999791e-01 6.356910000000000061e+00
6.670000000000000000e+02 9.892800000000000482e-01 6.364670000000000272e+00
6.680000000000000000e+02 9.944300000000000361e-01 6.373899999999999899e+00
6.690000000000000000e+02 1.000429999999999930e+00 6.384249999999999758e+00
6.700000000000000000e+02 1.006440000000000001e+00 6.394589999999999996e+00
6.710000000000000000e+02 1.011589999999999989e+00 6.403459999999999930e+00
6.720000000000000000e+02 1.016089999999999938e+00 6.411220000000000141e+00
6.730000000000000000e+02 1.020599999999999952e+00 6.418980000000000352e+00
6.740000000000000000e+02 1.025099999999999900e+00 6.426739999999999675e+00
6.750000000000000000e+02 1.029609999999999914e+00 6.434499999999999886e+00
6.760000000000000000e+02 1.034119999999999928e+00 6.442260000000000097e+00
6.770000000000000000e+02 1.038620000000000099e+00 6.450020000000000309e+00
6.780000000000000000e+02 1.043129999999999891e+00 6.457779999999999632e+00
6.790000000000000000e+02 1.048899999999999944e+00 6.467050000000000409e+00
6.800000000000000000e+02 1.055579999999999963e+00 6.477389999999999759e+00
6.810000000000000000e+02 1.062249999999999917e+00 6.487739999999999618e+00
6.820000000000000000e+02 1.067949999999999955e+00 6.496570000000000178e+00
6.830000000000000000e+02 1.072950000000000070e+00 6.504330000000000389e+00
6.840000000000000000e+02 1.077960000000000029e+00 6.512089999999999712e+00
6.850000000000000000e+02 1.082969999999999988e+00 6.519849999999999923e+00
6.860000000000000000e+02 1.087970000000000104e+00 6.527610000000000134e+00
6.870000000000000000e+02 1.092980000000000063e+00 6.535370000000000346e+00
6.880000000000000000e+02 1.097979999999999956e+00 6.543129999999999669e+00
6.890000000000000000e+02 1.102989999999999915e+00 6.550889999999999880e+00
6.900000000000000000e+02 1.108300000000000063e+00 6.558650000000000091e+00
6.910000000000000000e+02 1.113799999999999901e+00 6.566410000000000302e+00
6.920000000000000000e+02 1.119310000000000027e+00 6.574169999999999625e+00
6.930000000000000000e+02 1.124819999999999931e+00 6.581929999999999836e+00
6.940000000000000000e+02 1.130330000000000057e+00 6.589529999999999887e+00
6.950000000000000000e+02 1.135829999999999895e+00 6.597039999999999793e+00
6.960000000000000000e+02 1.141340000000000021e+00 6.604549999999999699e+00
6.970000000000000000e+02 1.146849999999999925e+00 6.612059999999999604e+00
6.980000000000000000e+02 1.152509999999999923e+00 6.619570000000000398e+00
6.990000000000000000e+02 1.158260000000000067e+00 6.627080000000000304e+00
7.000000000000000000e+02 1.164020000000000055e+00 6.634590000000000209e+00
7.010000000000000000e+02 1.169780000000000042e+00 6.642100000000000115e+00
7.020000000000000000e+02 1.175689999999999902e+00 6.649610000000000021e+00
7.030000000000000000e+02 1.181699999999999973e+00 6.657119999999999926e+00
7.040000000000000000e+02 1.187710000000000043e+00 6.664629999999999832e+00
7.050000000000000000e+02 1.193710000000000049e+00 6.672139999999999738e+00
7.060000000000000000e+02 1.199880000000000058e+00 6.679649999999999643e+00
7.070000000000000000e+02 1.206129999999999924e+00 6.687160000000000437e+00
7.080000000000000000e+02 1.212390000000000079e+00 6.694670000000000343e+00
7.090000000000000000e+02 1.218650000000000011e+00 6.702180000000000248e+00
7.100000000000000000e+02 1.224909999999999943e+00 6.709529999999999994e+00
7.110000000000000000e+02 1.231170000000000098e+00 6.716789999999999594e+00
7.120000000000000000e+02 1.237419999999999964e+00 6.724050000000000082e+00
7.130000000000000000e+02 1.243679999999999897e+00 6.731309999999999683e+00
7.140000000000000000e+02 1.250259999999999927e+00 6.738410000000000011e+00
7.150000000000000000e+02 1.257009999999999961e+00 6.745420000000000194e+00
7.160000000000000000e+02 1.263770000000000060e+00 6.752430000000000376e+00
7.170000000000000000e+02 1.270529999999999937e+00 6.759439999999999671e+00
7.180000000000000000e+02 1.277290000000000036e+00 6.766289999999999694e+00
7.190000000000000000e+02 1.284049999999999914e+00 6.773049999999999571e+00
7.200000000000000000e+02 1.290810000000000013e+00 6.779810000000000336e+00
7.210000000000000000e+02 1.297569999999999890e+00 6.786570000000000213e+00
7.220000000000000000e+02 1.304489999999999927e+00 6.793330000000000091e+00
7.230000000000000000e+02 1.311490000000000045e+00 6.800080000000000346e+00
7.240000000000000000e+02 1.318500000000000005e+00 6.806840000000000224e+00
7.250000000000000000e+02 1.325509999999999966e+00 6.813600000000000101e+00
7.260000000000000000e+02 1.332840000000000025e+00 6.820199999999999818e+00
7.270000000000000000e+02 1.340349999999999930e+00 6.826710000000000278e+00
7.280000000000000000e+02 1.347860000000000058e+00 6.833219999999999850e+00
7.290000000000000000e+02 1.355369999999999964e+00 6.839719999999999800e+00
7.300000000000000000e+02 1.361909999999999954e+00 6.845130000000000159e+00
7.310000000000000000e+02 1.367909999999999959e+00 6.849929999999999630e+00
7.320000000000000000e+02 1.373920000000000030e+00 6.854739999999999611e+00
7.330000000000000000e+02 1.379930000000000101e+00 6.859539999999999971e+00
7.340000000000000000e+02 1.385939999999999950e+00 6.864349999999999952e+00
7.350000000000000000e+02 1.393100000000000005e+00 6.869950000000000223e+00
7.360000000000000000e+02 1.400859999999999994e+00 6.875949999999999562e+00
7.370000000000000000e+02 1.408619999999999983e+00 6.881960000000000299e+00
7.380000000000000000e+02 1.416379999999999972e+00 6.887970000000000148e+00
7.390000000000000000e+02 1.423240000000000061e+00 6.892780000000000129e+00
7.400000000000000000e+02 1.429650000000000087e+00 6.896989999999999732e+00
7.410000000000000000e+02 1.436059999999999892e+00 6.901189999999999714e+00
7.420000000000000000e+02 1.442469999999999919e+00 6.905400000000000205e+00
7.430000000000000000e+02 1.448870000000000102e+00 6.909609999999999808e+00
7.440000000000000000e+02 1.456350000000000033e+00 6.914349999999999774e+00
7.450000000000000000e+02 1.464360000000000106e+00 6.919349999999999667e+00
7.460000000000000000e+02 1.472369999999999957e+00 6.924360000000000070e+00
7.470000000000000000e+02 1.480390000000000095e+00 6.929369999999999585e+00
7.480000000000000000e+02 1.487589999999999968e+00 6.933559999999999945e+00
7.490000000000000000e+02 1.494390000000000107e+00 6.937369999999999592e+00
7.500000000000000000e+02 1.501200000000000090e+00 6.941169999999999618e+00
7.510000000000000000e+02 1.508010000000000073e+00 6.944980000000000153e+00
7.520000000000000000e+02 1.514820000000000055e+00 6.948780000000000179e+00
7.530000000000000000e+02 1.522790000000000088e+00 6.952720000000000233e+00
7.540000000000000000e+02 1.531300000000000106e+00 6.956730000000000302e+00
7.550000000000000000e+02 1.539809999999999901e+00 6.960729999999999862e+00
7.560000000000000000e+02 1.548319999999999919e+00 6.964739999999999931e+00
7.570000000000000000e+02 1.555670000000000108e+00 6.967920000000000336e+00
7.580000000000000000e+02 1.562470000000000026e+00 6.970720000000000027e+00
7.590000000000000000e+02 1.569280000000000008e+00 6.973530000000000229e+00
7.600000000000000000e+02 1.576089999999999991e+00 6.976329999999999920e+00
7.610000000000000000e+02 1.582899999999999974e+00 6.979140000000000121e+00
7.620000000000000000e+02 1.591059999999999919e+00 6.981900000000000439e+00
7.630000000000000000e+02 1.599820000000000020e+00 6.984659999999999869e+00
7.640000000000000000e+02 1.608579999999999899e+00 6.987409999999999677e+00
7.650000000000000000e+02 1.617340000000000000e+00 6.990169999999999995e+00
7.660000000000000000e+02 1.624740000000000073e+00 6.992119999999999891e+00
7.670000000000000000e+02 1.631550000000000056e+00 6.993719999999999715e+00
7.680000000000000000e+02 1.638360000000000039e+00 6.995320000000000427e+00
7.690000000000000000e+02 1.645170000000000021e+00 6.996920000000000250e+00
7.700000000000000000e+02 1.651980000000000004e+00 6.998520000000000074e+00
7.710000000000000000e+02 1.658930000000000016e+00 6.999699999999999811e+00
7.720000000000000000e+02 1.665939999999999976e+00 7.000709999999999766e+00
7.730000000000000000e+02 1.672949999999999937e+00 7.001710000000000100e+00
7.740000000000000000e+02 1.679959999999999898e+00 7.002710000000000434e+00
7.750000000000000000e+02 1.686970000000000081e+00 7.003709999999999880e+00
7.760000000000000000e+02 1.693689999999999918e+00 7.004279999999999617e+00
7.770000000000000000e+02 1.700299999999999923e+00 7.004679999999999573e+00
7.780000000000000000e+02 1.706909999999999927e+00 7.005090000000000039e+00
7.790000000000000000e+02 1.713519999999999932e+00 7.005489999999999995e+00
7.800000000000000000e+02 1.720120000000000093e+00 7.005889999999999951e+00
7.810000000000000000e+02 1.726590000000000069e+00 7.005709999999999660e+00
7.820000000000000000e+02 1.733000000000000096e+00 7.005309999999999704e+00
7.830000000000000000e+02 1.739409999999999901e+00 7.004909999999999748e+00
7.840000000000000000e+02 1.745810000000000084e+00 7.004509999999999792e+00
7.850000000000000000e+02 1.752220000000000111e+00 7.004109999999999836e+00
7.860000000000000000e+02 1.758490000000000109e+00 7.003280000000000172e+00
7.870000000000000000e+02 1.764690000000000092e+00 7.002279999999999838e+00
7.880000000000000000e+02 1.770899999999999919e+00 7.001269999999999882e+00
7.890000000000000000e+02 1.777109999999999967e+00 7.000270000000000437e+00
7.900000000000000000e+02 1.783320000000000016e+00 6.999270000000000103e+00
7.910000000000000000e+02 1.789090000000000069e+00 6.997539999999999871e+00
7.920000000000000000e+02 1.794699999999999962e+00 6.995540000000000092e+00
7.930000000000000000e+02 1.800300000000000011e+00 6.993529999999999802e+00
7.940000000000000000e+02 1.805909999999999904e+00 6.991530000000000022e+00
7.950000000000000000e+02 1.811520000000000019e+00 6.989530000000000243e+00
7.960000000000000000e+02 1.816680000000000073e+00 6.987090000000000245e+00
7.970000000000000000e+02 1.821690000000000031e+00 6.984479999999999578e+00
7.980000000000000000e+02 1.826699999999999990e+00 6.981880000000000308e+00
7.990000000000000000e+02 1.831700000000000106e+00 6.979280000000000150e+00
8.000000000000000000e+02 1.836710000000000065e+00 6.976670000000000371e+00
8.010000000000000000e+02 1.841120000000000090e+00 6.973469999999999835e+00
8.020000000000000000e+02 1.845329999999999915e+00 6.970069999999999766e+00
8.030000000000000000e+02 1.849529999999999896e+00 6.966669999999999696e+00
8.040000000000000000e+02 1.853739999999999943e+00 6.963260000000000005e+00
8.050000000000000000e+02 1.857939999999999925e+00 6.959859999999999935e+00
8.060000000000000000e+02 1.861399999999999944e+00 6.956000000000000405e+00
8.070000000000000000e+02 1.864600000000000035e+00 6.951999999999999957e+00
8.080000000000000000e+02 1.867809999999999970e+00 6.947989999999999888e+00
8.090000000000000000e+02 1.871010000000000062e+00 6.943990000000000329e+00
8.100000000000000000e+02 1.874209999999999932e+00 6.939980000000000260e+00
8.110000000000000000e+02 1.876390000000000002e+00 6.935979999999999812e+00
8.120000000000000000e+02 1.878220000000000001e+00 6.931969999999999743e+00
8.130000000000000000e+02 1.880060000000000064e+00 6.927970000000000184e+00
8.140000000000000000e+02 1.881890000000000063e+00 6.923960000000000115e+00
8.150000000000000000e+02 1.883729999999999905e+00 6.919959999999999667e+00
8.160000000000000000e+02 1.885559999999999903e+00 6.915949999999999598e+00
8.170000000000000000e+02 1.886609999999999898e+00 6.911179999999999879e+00
8.180000000000000000e+02 1.887410000000000032e+00 6.906179999999999986e+00
8.190000000000000000e+02 1.888209999999999944e+00 6.901169999999999582e+00
8.200000000000000000e+02 1.889010000000000078e+00 6.896160000000000068e+00
8.210000000000000000e+02 1.889809999999999990e+00 6.891160000000000174e+00
8.220000000000000000e+02 1.889610000000000012e+00 6.886529999999999596e+00
8.230000000000000000e+02 1.889110000000000067e+00 6.882030000000000314e+00
8.240000000000000000e+02 1.888609999999999900e+00 6.877519999999999634e+00
8.250000000000000000e+02 1.888109999999999955e+00 6.873020000000000351e+00
8.260000000000000000e+02 1.887610000000000010e+00 6.868509999999999671e+00
8.270000000000000000e+02 1.887110000000000065e+00 6.864010000000000389e+00
8.280000000000000000e+02 1.885129999999999972e+00 6.858799999999999564e+00
8.290000000000000000e+02 1.882730000000000015e+00 6.853390000000000093e+00
8.300000000000000000e+02 1.880330000000000057e+00 6.847990000000000244e+00
8.310000000000000000e+02 1.877920000000000034e+00 6.842579999999999885e+00
8.320000000000000000e+02 1.875520000000000076e+00 6.837170000000000414e+00
8.330000000000000000e+02 1.872519999999999962e+00 6.832729999999999748e+00
8.340000000000000000e+02 1.869350000000000067e+00 6.828560000000000407e+00
8.350000000000000000e+02 1.866179999999999950e+00 6.824390000000000178e+00
8.360000000000000000e+02 1.862999999999999989e+00 6.820219999999999949e+00
8.370000000000000000e+02 1.859830000000000094e+00 6.816040000000000099e+00
8.380000000000000000e+02 1.856659999999999977e+00 6.811869999999999870e+00
8.390000000000000000e+02 1.852300000000000058e+00 6.807959999999999567e+00
8.400000000000000000e+02 1.847630000000000106e+00 6.804129999999999789e+00
8.410000000000000000e+02 1.842959999999999932e+00 6.800290000000000390e+00
8.420000000000000000e+02 1.838289999999999980e+00 6.796450000000000102e+00
8.430000000000000000e+02 1.833609999999999962e+00 6.792609999999999815e+00
8.440000000000000000e+02 1.828940000000000010e+00 6.788770000000000415e+00
8.450000000000000000e+02 1.822400000000000020e+00 6.785120000000000040e+00
8.460000000000000000e+02 1.815390000000000059e+00 6.781520000000000437e+00
8.470000000000000000e+02 1.808380000000000098e+00 6.777910000000000323e+00
8.480000000000000000e+02 1.801369999999999916e+00 6.774309999999999832e+00
8.490000000000000000e+02 1.794370000000000021e+00 6.770699999999999719e+00
8.500000000000000000e+02 1.787360000000000060e+00 6.768250000000000099e+00
8.510000000000000000e+02 1.780350000000000099e+00 6.766079999999999650e+00
8.520000000000000000e+02 1.773339999999999916e+00 6.763910000000000089e+00
8.530000000000000000e+02 1.766329999999999956e+00 6.761739999999999640e+00
8.540000000000000000e+02 1.759319999999999995e+00 6.759579999999999700e+00
8.550000000000000000e+02 1.752310000000000034e+00 6.757410000000000139e+00
8.560000000000000000e+02 1.744490000000000096e+00 6.756319999999999659e+00
8.570000000000000000e+02 1.736480000000000024e+00 6.755489999999999995e+00
8.580000000000000000e+02 1.728469999999999951e+00 6.754649999999999821e+00
8.590000000000000000e+02 1.720460000000000100e+00 6.753820000000000157e+00
8.600000000000000000e+02 1.712450000000000028e+00 6.752979999999999983e+00
8.610000000000000000e+02 1.704439999999999955e+00 6.752150000000000318e+00
8.620000000000000000e+02 1.695740000000000025e+00 6.752410000000000245e+00
8.630000000000000000e+02 1.686900000000000066e+00 6.752909999999999968e+00
8.640000000000000000e+02 1.678050000000000042e+00 6.753409999999999691e+00
8.650000000000000000e+02 1.669210000000000083e+00 6.753910000000000302e+00
8.660000000000000000e+02 1.660360000000000058e+00 6.754410000000000025e+00
8.670000000000000000e+02 1.651520000000000099e+00 6.754909999999999748e+00
8.680000000000000000e+02 1.642400000000000082e+00 6.756660000000000110e+00
8.690000000000000000e+02 1.633219999999999894e+00 6.758659999999999890e+00
8.700000000000000000e+02 1.624039999999999928e+00 6.760659999999999670e+00
8.710000000000000000e+02 1.614859999999999962e+00 6.762669999999999959e+00
8.720000000000000000e+02 1.605679999999999996e+00 6.764669999999999739e+00
8.730000000000000000e+02 1.596500000000000030e+00 6.766670000000000407e+00
8.740000000000000000e+02 1.587050000000000072e+00 6.769790000000000418e+00
8.750000000000000000e+02 1.577530000000000099e+00 6.773130000000000095e+00
8.760000000000000000e+02 1.568019999999999969e+00 6.776469999999999771e+00
8.770000000000000000e+02 1.558510000000000062e+00 6.779799999999999827e+00
8.780000000000000000e+02 1.548999999999999932e+00 6.783140000000000391e+00
8.790000000000000000e+02 1.539490000000000025e+00 6.786480000000000068e+00
8.800000000000000000e+02 1.531239999999999934e+00 6.790499999999999758e+00
8.810000000000000000e+02 1.523230000000000084e+00 6.794649999999999856e+00
8.820000000000000000e+02 1.515220000000000011e+00 6.798799999999999955e+00
8.830000000000000000e+02 1.507209999999999939e+00 6.802950000000000053e+00
8.840000000000000000e+02 1.499200000000000088e+00 6.807089999999999641e+00
8.850000000000000000e+02 1.491190000000000015e+00 6.811239999999999739e+00
8.860000000000000000e+02 1.483179999999999943e+00 6.815389999999999837e+00
8.870000000000000000e+02 1.474460000000000104e+00 6.821119999999999628e+00
8.880000000000000000e+02 1.465610000000000079e+00 6.827130000000000365e+00
8.890000000000000000e+02 1.456769999999999898e+00 6.833140000000000214e+00
8.900000000000000000e+02 1.447920000000000096e+00 6.839150000000000063e+00
8.910000000000000000e+02 1.439079999999999915e+00 6.845159999999999911e+00
8.920000000000000000e+02 1.430229999999999890e+00 6.851160000000000139e+00
8.930000000000000000e+02 1.422719999999999985e+00 6.857169999999999987e+00
8.940000000000000000e+02 1.415429999999999966e+00 6.863179999999999836e+00
8.950000000000000000e+02 1.408130000000000104e+00 6.869189999999999685e+00
8.960000000000000000e+02 1.400840000000000085e+00 6.875189999999999912e+00
8.970000000000000000e+02 1.393540000000000001e+00 6.881199999999999761e+00
8.980000000000000000e+02 1.386249999999999982e+00 6.887209999999999610e+00
8.990000000000000000e+02 1.378949999999999898e+00 6.893220000000000347e+00
9.000000000000000000e+02 1.371180000000000065e+00 6.900970000000000049e+00
9.010000000000000000e+02 1.363339999999999996e+00 6.908979999999999677e+00
9.020000000000000000e+02 1.355490000000000084e+00 6.916990000000000194e+00
9.030000000000000000e+02 1.347650000000000015e+00 6.924999999999999822e+00
9.040000000000000000e+02 1.339800000000000102e+00 6.933010000000000339e+00
9.050000000000000000e+02 1.331960000000000033e+00 6.941019999999999968e+00
9.060000000000000000e+02 1.325599999999999890e+00 6.948529999999999873e+00
9.070000000000000000e+02 1.319450000000000012e+00 6.955960000000000143e+00
9.080000000000000000e+02 1.313299999999999912e+00 6.963400000000000034e+00
9.090000000000000000e+02 1.307150000000000034e+00 6.970839999999999925e+00
9.100000000000000000e+02 1.300999999999999934e+00 6.978279999999999816e+00
9.110000000000000000e+02 1.294850000000000056e+00 6.985719999999999708e+00
9.120000000000000000e+02 1.288699999999999957e+00 6.993159999999999599e+00
9.130000000000000000e+02 1.282929999999999904e+00 7.000849999999999795e+00
9.140000000000000000e+02 1.277209999999999956e+00 7.008569999999999744e+00
9.150000000000000000e+02 1.271479999999999944e+00 7.016300000000000203e+00
9.160000000000000000e+02 1.265759999999999996e+00 7.024020000000000152e+00
9.170000000000000000e+02 1.260040000000000049e+00 7.031740000000000101e+00
9.180000000000000000e+02 1.254320000000000102e+00 7.039469999999999672e+00
9.190000000000000000e+02 1.248599999999999932e+00 7.047189999999999621e+00
9.200000000000000000e+02 1.242769999999999930e+00 7.056519999999999904e+00
9.210000000000000000e+02 1.236930000000000085e+00 7.066029999999999589e+00
9.220000000000000000e+02 1.231090000000000018e+00 7.075540000000000163e+00
9.230000000000000000e+02 1.225249999999999950e+00 7.085049999999999848e+00
9.240000000000000000e+02 1.219410000000000105e+00 7.094570000000000043e+00
9.250000000000000000e+02 1.213570000000000038e+00 7.104079999999999728e+00
9.260000000000000000e+02 1.208739999999999926e+00 7.112490000000000201e+00
9.270000000000000000e+02 1.204020000000000090e+00 7.120790000000000397e+00
9.280000000000000000e+02 1.199300000000000033e+00 7.129089999999999705e+00
9.290000000000000000e+02 1.194579999999999975e+00 7.137380000000000280e+00
9.300000000000000000e+02 1.189850000000000074e+00 7.145679999999999588e+00
9.310000000000000000e+02 1.185130000000000017e+00 7.153979999999999784e+00
9.320000000000000000e+02 1.180409999999999959e+00 7.162270000000000358e+00
9.330000000000000000e+02 1.176220000000000043e+00 7.170569999999999666e+00
9.340000000000000000e+02 1.172069999999999945e+00 7.178860000000000241e+00
9.350000000000000000e+02 1.167920000000000069e+00 7.187160000000000437e+00
9.360000000000000000e+02 1.163769999999999971e+00 7.195459999999999745e+00
9.370000000000000000e+02 1.159620000000000095e+00 7.203750000000000320e+00
9.380000000000000000e+02 1.155469999999999997e+00 7.212049999999999628e+00
9.390000000000000000e+02 1.151329999999999965e+00 7.220349999999999824e+00
9.400000000000000000e+02 1.147769999999999957e+00 7.227689999999999948e+00
9.410000000000000000e+02 1.144269999999999898e+00 7.234950000000000436e+00
9.420000000000000000e+02 1.140759999999999996e+00 7.242210000000000036e+00
9.430000000000000000e+02 1.137259999999999938e+00 7.249469999999999636e+00
9.440000000000000000e+02 1.133750000000000036e+00 7.256730000000000125e+00
9.450000000000000000e+02 1.130249999999999977e+00 7.263980000000000103e+00
9.460000000000000000e+02 1.126740000000000075e+00 7.271239999999999704e+00
9.470000000000000000e+02 1.123240000000000016e+00 7.278500000000000192e+00
9.480000000000000000e+02 1.119539999999999980e+00 7.286859999999999893e+00
9.490000000000000000e+02 1.115820000000000034e+00 7.295300000000000118e+00
9.500000000000000000e+02 1.112100000000000088e+00 7.303740000000000343e+00
9.510000000000000000e+02 1.108379999999999921e+00 7.312179999999999680e+00
9.520000000000000000e+02 1.104659999999999975e+00 7.320619999999999905e+00
9.530000000000000000e+02 1.100940000000000030e+00 7.329060000000000130e+00
9.540000000000000000e+02 1.097220000000000084e+00 7.337500000000000355e+00
9.550000000000000000e+02 1.093639999999999946e+00 7.345799999999999663e+00
9.560000000000000000e+02 1.090060000000000029e+00 7.354099999999999859e+00
9.570000000000000000e+02 1.086479999999999890e+00 7.362400000000000055e+00
9.580000000000000000e+02 1.082910000000000039e+00 7.370689999999999742e+00
9.590000000000000000e+02 1.079329999999999901e+00 7.378989999999999938e+00
9.600000000000000000e+02 1.075760000000000050e+00 7.387290000000000134e+00
9.610000000000000000e+02 1.072179999999999911e+00 7.395579999999999821e+00
9.620000000000000000e+02 1.069029999999999925e+00 7.403010000000000090e+00
9.630000000000000000e+02 1.065900000000000070e+00 7.410400000000000098e+00
9.640000000000000000e+02 1.062769999999999992e+00 7.417779999999999596e+00
9.650000000000000000e+02 1.059639999999999915e+00 7.425169999999999604e+00
9.660000000000000000e+02 1.056510000000000060e+00 7.432549999999999990e+00
9.670000000000000000e+02 1.053379999999999983e+00 7.439939999999999998e+00
9.680000000000000000e+02 1.050249999999999906e+00 7.447320000000000384e+00
9.690000000000000000e+02 1.047129999999999894e+00 7.454699999999999882e+00
9.700000000000000000e+02 1.043430000000000080e+00 7.463099999999999845e+00
9.710000000000000000e+02 1.039709999999999912e+00 7.471540000000000070e+00
9.720000000000000000e+02 1.035989999999999966e+00 7.479980000000000295e+00
9.730000000000000000e+02 1.032270000000000021e+00 7.488419999999999632e+00
9.740000000000000000e+02 1.028550000000000075e+00 7.496859999999999857e+00
9.750000000000000000e+02 1.024829999999999908e+00 7.505300000000000082e+00
9.760000000000000000e+02 1.021120000000000028e+00 7.513740000000000308e+00
9.770000000000000000e+02 1.017970000000000041e+00 7.521160000000000068e+00
9.780000000000000000e+02 1.014839999999999964e+00 7.528539999999999566e+00
9.790000000000000000e+02 1.011710000000000109e+00 7.535919999999999952e+00
9.800000000000000000e+02 1.008580000000000032e+00 7.543309999999999960e+00
9.810000000000000000e+02 1.005449999999999955e+00 7.550690000000000346e+00
9.820000000000000000e+02 1.002320000000000100e+00 7.558080000000000354e+00
9.830000000000000000e+02 9.991900000000000226e-01 7.565459999999999852e+00
9.840000000000000000e+02 9.960599999999999454e-01 7.572849999999999859e+00
9.850000000000000000e+02 9.929400000000000448e-01 7.580350000000000144e+00
9.860000000000000000e+02 9.898099999999999676e-01 7.587860000000000049e+00
9.870000000000000000e+02 9.866800000000000015e-01 7.595369999999999955e+00
9.880000000000000000e+02 9.835500000000000353e-01 7.602879999999999860e+00
9.890000000000000000e+02 9.804199999999999582e-01 7.610389999999999766e+00
9.900000000000000000e+02 9.772899999999999920e-01 7.617899999999999672e+00
9.910000000000000000e+02 9.741600000000000259e-01 7.625409999999999577e+00
9.920000000000000000e+02 9.710299999999999487e-01 7.632920000000000371e+00
9.930000000000000000e+02 9.677799999999999736e-01 7.640430000000000277e+00
9.940000000000000000e+02 9.645299999999999985e-01 7.647940000000000182e+00
9.950000000000000000e+02 9.612699999999999578e-01 7.655450000000000088e+00
9.970000000000000000e+02 9.580199999999999827e-01 7.662959999999999994e+00
9.980000000000000000e+02 9.547600000000000531e-01 7.670469999999999899e+00
9.990000000000000000e+02 9.515099999999999669e-01 7.677979999999999805e+00
1.000000000000000000e+03 9.482500000000000373e-01 7.685489999999999711e+00
1.001000000000000000e+03 9.449999999999999512e-01 7.692999999999999616e+00
