2.600000000000000000e+02 2.799899999999999878e+01 2.748340000000000032e+02 1.540499999999999925e-01 2.365540000000000198e+00
2.610000000000000000e+02 2.853478182173419953e+01 2.755155700000000252e+02 1.550499999999999934e-01 2.377510000000000012e+00
2.620000000000000000e+02 2.900449132078589898e+01 2.756929000000000087e+02 1.560499999999999943e-01 2.388570000000000082e+00
2.630000000000000000e+02 2.960230543222250077e+01 2.759910399999999981e+02 1.570499999999999952e-01 2.400589999999999780e+00
2.640000000000000000e+02 3.014060569970610004e+01 2.763822799999999802e+02 1.580499999999999960e-01 2.412300000000000111e+00
2.650000000000000000e+02 3.063215816386179924e+01 2.768693700000000035e+02 1.590499999999999969e-01 2.418620000000000214e+00
2.660000000000000000e+02 3.113909412373940100e+01 2.772264499999999998e+02 1.600499999999999978e-01 2.430639999999999912e+00
2.670000000000000000e+02 3.167349627501409870e+01 2.774236300000000028e+02 1.610499999999999987e-01 2.442709999999999937e+00
2.680000000000000000e+02 3.220933093220550347e+01 2.778966500000000224e+02 1.620000000000000051e-01 2.455330000000000013e+00
2.690000000000000000e+02 3.268651585375339863e+01 2.783849900000000162e+02 1.621100000000000041e-01 2.461679999999999868e+00
2.700000000000000000e+02 3.333487580222850255e+01 2.786933700000000158e+02 1.640600000000000114e-01 2.473759999999999959e+00
2.710000000000000000e+02 3.385411291868989991e+01 2.790865600000000200e+02 1.650000000000000078e-01 2.486359999999999904e+00
2.720000000000000000e+02 3.437607259414900085e+01 2.793945600000000127e+02 1.650600000000000123e-01 2.492789999999999839e+00
2.730000000000000000e+02 3.494317273614350228e+01 2.796638800000000060e+02 1.661199999999999899e-01 2.505739999999999856e+00
2.740000000000000000e+02 3.549397138976939914e+01 2.799873099999999795e+02 1.680000000000000104e-01 2.517440000000000122e+00
2.750000000000000000e+02 3.586936355971140244e+01 2.802904100000000085e+02 1.680599999999999872e-01 2.524840000000000195e+00
2.760000000000000000e+02 3.647251856185680197e+01 2.806067300000000273e+02 1.691300000000000026e-01 2.537859999999999783e+00
2.770000000000000000e+02 3.707706129556559915e+01 2.808643500000000017e+02 1.710000000000000131e-01 2.550399999999999778e+00
2.780000000000000000e+02 3.769039898171860159e+01 2.811666099999999915e+02 1.710699999999999998e-01 2.556890000000000107e+00
2.790000000000000000e+02 3.829386945487709681e+01 2.815045099999999820e+02 1.720700000000000007e-01 2.569490000000000052e+00
2.800000000000000000e+02 3.883756679752340091e+01 2.817589300000000208e+02 1.730700000000000016e-01 2.576919999999999877e+00
2.820000000000000000e+02 3.931793718404379945e+01 2.819674200000000042e+02 1.741399999999999892e-01 2.590009999999999923e+00
2.830000000000000000e+02 3.982043092222900071e+01 2.823587600000000180e+02 1.759999999999999898e-01 2.603520000000000056e+00
2.840000000000000000e+02 4.033210377082890119e+01 2.827521199999999908e+02 1.761500000000000010e-01 2.610970000000000013e+00
2.850000000000000000e+02 4.083159858434589751e+01 2.830655699999999797e+02 1.779999999999999916e-01 2.623530000000000140e+00
2.860000000000000000e+02 4.125187401817470345e+01 2.834491699999999810e+02 1.780799999999999883e-01 2.631089999999999929e+00
2.870000000000000000e+02 4.152409445517839970e+01 2.837157199999999762e+02 1.790799999999999892e-01 2.644550000000000178e+00
2.880000000000000000e+02 4.169860959783299847e+01 2.839500300000000266e+02 1.800799999999999901e-01 2.652120000000000033e+00
2.890000000000000000e+02 4.180159464232109912e+01 2.842360699999999838e+02 1.810799999999999910e-01 2.665570000000000217e+00
2.900000000000000000e+02 4.187368605438089730e+01 2.848031399999999849e+02 1.821699999999999986e-01 2.673160000000000203e+00
2.910000000000000000e+02 4.101046692710220043e+01 2.852095499999999788e+02 1.839999999999999969e-01 2.686589999999999812e+00
2.920000000000000000e+02 4.030492055435190224e+01 2.856472099999999728e+02 1.841700000000000004e-01 2.694189999999999863e+00
2.930000000000000000e+02 3.996961867853730155e+01 2.861561100000000124e+02 1.859999999999999987e-01 2.707609999999999850e+00
2.940000000000000000e+02 3.942697295704279981e+01 2.866561199999999872e+02 1.860900000000000054e-01 2.714700000000000113e+00
2.950000000000000000e+02 3.878853866793419769e+01 2.872255599999999731e+02 1.870900000000000063e-01 2.723250000000000171e+00
2.960000000000000000e+02 3.810514002699719782e+01 2.878458099999999718e+02 1.880900000000000072e-01 2.736720000000000041e+00
2.970000000000000000e+02 3.740676795664349896e+01 2.885158200000000193e+02 1.891799999999999871e-01 2.745280000000000165e+00
2.980000000000000000e+02 3.667424642212829866e+01 2.893925199999999904e+02 1.910000000000000031e-01 2.758739999999999970e+00
2.990000000000000000e+02 3.594373494415690118e+01 2.902763800000000174e+02 1.910900000000000098e-01 2.766659999999999897e+00
3.000000000000000000e+02 3.522059616536989779e+01 2.911594400000000178e+02 1.921899999999999997e-01 2.774430000000000174e+00
3.010000000000000000e+02 3.452971300162239743e+01 2.923200899999999933e+02 1.940000000000000058e-01 2.788780000000000037e+00
3.020000000000000000e+02 3.375633442659489702e+01 2.935256299999999783e+02 1.942000000000000115e-01 2.797470000000000123e+00
3.030000000000000000e+02 3.294174656447100347e+01 2.947907000000000153e+02 1.960999999999999965e-01 2.811799999999999855e+00
3.040000000000000000e+02 3.222766598879729827e+01 2.962512800000000084e+02 1.970999999999999974e-01 2.819710000000000161e+00
3.050000000000000000e+02 3.161451044556730139e+01 2.980047099999999887e+02 1.980999999999999983e-01 2.827630000000000088e+00
3.060000000000000000e+02 3.107219823847900031e+01 2.999449900000000184e+02 1.990999999999999992e-01 2.842830000000000190e+00
3.070000000000000000e+02 3.061912323586150109e+01 3.020414499999999975e+02 2.001000000000000001e-01 2.850729999999999986e+00
3.080000000000000000e+02 3.025048538551569877e+01 3.041508499999999913e+02 2.011100000000000110e-01 2.858699999999999797e+00
3.090000000000000000e+02 2.996505649057160170e+01 3.062855500000000006e+02 2.021100000000000119e-01 2.873860000000000081e+00
3.100000000000000000e+02 2.994882210664309952e+01 3.085538199999999733e+02 2.031100000000000128e-01 2.881870000000000154e+00
3.110000000000000000e+02 3.004040456136700143e+01 3.106416300000000206e+02 2.041100000000000136e-01 2.889879999999999782e+00
3.120000000000000000e+02 3.021649457589629861e+01 3.125860599999999749e+02 2.052200000000000135e-01 2.898779999999999912e+00
3.130000000000000000e+02 3.064740347870530002e+01 3.140258200000000102e+02 2.069999999999999896e-01 2.913899999999999935e+00
3.140000000000000000e+02 3.119286783965669940e+01 3.152102600000000052e+02 2.071099999999999886e-01 2.921910000000000007e+00
3.150000000000000000e+02 3.187651528569699977e+01 3.160867099999999823e+02 2.081099999999999894e-01 2.930029999999999912e+00
3.160000000000000000e+02 3.257687875732639782e+01 3.161553799999999796e+02 2.092299999999999993e-01 2.939859999999999918e+00
3.170000000000000000e+02 3.329011923828539921e+01 3.158365800000000263e+02 2.111200000000000021e-01 2.954940000000000122e+00
3.180000000000000000e+02 3.403221843024969928e+01 3.147814700000000130e+02 2.121200000000000030e-01 2.963070000000000093e+00
3.190000000000000000e+02 3.474115324607029720e+01 3.130768600000000106e+02 2.131200000000000039e-01 2.971960000000000157e+00
3.200000000000000000e+02 3.542899676410659993e+01 3.110043800000000260e+02 2.141200000000000048e-01 2.981059999999999821e+00
3.210000000000000000e+02 3.572293965520110248e+01 3.078218100000000277e+02 2.151200000000000057e-01 2.997100000000000097e+00
3.220000000000000000e+02 3.585101514281370072e+01 3.043288299999999822e+02 2.161200000000000065e-01 3.005990000000000162e+00
3.230000000000000000e+02 3.567562467757090161e+01 3.002679099999999721e+02 2.171299999999999897e-01 3.014130000000000198e+00
3.240000000000000000e+02 3.520172087522750104e+01 2.957320700000000215e+02 2.181299999999999906e-01 3.023010000000000197e+00
3.250000000000000000e+02 3.458917390566919892e+01 2.909756499999999733e+02 2.192600000000000104e-01 3.032300000000000217e+00
3.260000000000000000e+02 3.360454097353630232e+01 2.858442600000000198e+02 2.211299999999999932e-01 3.049160000000000093e+00
3.270000000000000000e+02 3.250748198547979939e+01 2.805284700000000271e+02 2.221299999999999941e-01 3.058040000000000092e+00
3.280000000000000000e+02 3.113848001464650039e+01 2.747635799999999904e+02 2.231299999999999950e-01 3.066190000000000193e+00
3.290000000000000000e+02 2.965796654501280116e+01 2.688040799999999990e+02 2.241299999999999959e-01 3.075200000000000156e+00
3.300000000000000000e+02 2.809160823489609982e+01 2.626947599999999738e+02 2.251299999999999968e-01 3.084210000000000118e+00
3.310000000000000000e+02 2.647109130642180119e+01 2.556707700000000045e+02 2.261400000000000077e-01 3.093220000000000081e+00
3.320000000000000000e+02 2.484471855993160005e+01 2.483509899999999959e+02 2.272699999999999998e-01 3.103470000000000173e+00
3.330000000000000000e+02 2.330634793809199934e+01 2.395354199999999878e+02 2.291400000000000103e-01 3.120239999999999903e+00
3.340000000000000000e+02 2.187189392381730002e+01 2.302178499999999985e+02 2.301400000000000112e-01 3.129259999999999931e+00
3.350000000000000000e+02 2.070185026318349841e+01 2.196229800000000125e+02 2.311400000000000121e-01 3.138409999999999922e+00
3.360000000000000000e+02 1.981651500729649840e+01 2.082157100000000014e+02 2.321400000000000130e-01 3.148280000000000189e+00
3.370000000000000000e+02 1.923586475714120070e+01 1.959390199999999993e+02 2.331399999999999861e-01 3.157290000000000152e+00
3.380000000000000000e+02 1.907569421460059900e+01 1.833460200000000100e+02 2.341399999999999870e-01 3.166300000000000114e+00
3.390000000000000000e+02 1.912791288210259921e+01 1.705932400000000086e+02 2.351499999999999979e-01 3.175460000000000171e+00
3.400000000000000000e+02 1.950806305436410071e+01 1.586685899999999947e+02 2.361499999999999988e-01 3.185329999999999995e+00
3.410000000000000000e+02 1.995730307554899952e+01 1.469184099999999944e+02 2.371499999999999997e-01 3.194490000000000052e+00
3.420000000000000000e+02 2.025251928086650111e+01 1.368506800000000112e+02 2.383000000000000118e-01 3.204349999999999810e+00
3.430000000000000000e+02 2.047257434602400039e+01 1.271506899999999973e+02 2.403000000000000136e-01 3.215019999999999989e+00
3.440000000000000000e+02 1.996784723876940149e+01 1.206713400000000007e+02 2.421500000000000041e-01 3.233369999999999855e+00
3.450000000000000000e+02 1.936105637820309866e+01 1.155326900000000023e+02 2.431500000000000050e-01 3.242539999999999978e+00
3.460000000000000000e+02 1.831338645508069973e+01 1.161853299999999933e+02 2.441599999999999882e-01 3.252549999999999830e+00
3.470000000000000000e+02 1.785248036816119921e+01 1.185597900000000067e+02 2.451599999999999890e-01 3.262560000000000127e+00
3.480000000000000000e+02 1.900592470173380022e+01 1.256714099999999945e+02 2.463200000000000112e-01 3.272419999999999884e+00
3.490000000000000000e+02 2.097546148048289893e+01 1.310058799999999906e+02 2.481599999999999917e-01 3.281590000000000007e+00
3.500000000000000000e+02 2.465005009102469913e+01 1.326273799999999881e+02 2.491599999999999926e-01 3.291760000000000019e+00
3.510000000000000000e+02 2.826826207417460068e+01 1.324946700000000135e+02 2.501599999999999935e-01 3.302610000000000046e+00
3.520000000000000000e+02 3.178574858186649976e+01 1.292277799999999957e+02 2.511599999999999944e-01 3.312629999999999963e+00
3.530000000000000000e+02 3.483066481381059987e+01 1.255432100000000020e+02 2.523299999999999987e-01 3.322639999999999816e+00
3.540000000000000000e+02 3.707656705777210249e+01 1.211524000000000001e+02 2.541700000000000070e-01 3.332650000000000112e+00
3.550000000000000000e+02 3.888989702227429746e+01 1.169458900000000057e+02 2.551700000000000079e-01 3.342670000000000030e+00
3.560000000000000000e+02 3.994004325300529956e+01 1.130645300000000049e+02 2.561700000000000088e-01 3.352850000000000108e+00
3.570000000000000000e+02 4.069359023445390022e+01 1.094879899999999964e+02 2.573400000000000132e-01 3.363690000000000069e+00
3.580000000000000000e+02 4.084141296361060114e+01 1.065339699999999965e+02 2.591700000000000115e-01 3.373709999999999987e+00
3.590000000000000000e+02 4.087102557012649839e+01 1.038300700000000063e+02 2.601700000000000124e-01 3.383890000000000065e+00
3.600000000000000000e+02 4.058455372794939819e+01 1.017949600000000032e+02 2.611700000000000133e-01 3.394730000000000025e+00
3.610000000000000000e+02 4.026519681811350182e+01 9.992629999999999768e+01 2.621700000000000141e-01 3.403960000000000097e+00
3.620000000000000000e+02 3.980718511072409882e+01 9.875942000000000576e+01 2.631800000000000250e-01 3.409469999999999779e+00
3.630000000000000000e+02 3.934351155316129933e+01 9.765725000000000477e+01 2.641800000000000259e-01 3.415950000000000042e+00
3.640000000000000000e+02 3.882038773773309970e+01 9.723462000000000671e+01 2.651800000000000268e-01 3.426779999999999937e+00
3.650000000000000000e+02 3.829726392230480059e+01 9.681198999999999444e+01 2.663599999999999857e-01 3.436980000000000146e+00
3.660000000000000000e+02 3.762535452684650039e+01 9.702684000000000708e+01 2.681799999999999740e-01 3.447989999999999888e+00
3.670000000000000000e+02 3.694683140439720148e+01 9.727003000000000554e+01 2.691799999999999748e-01 3.459000000000000075e+00
3.680000000000000000e+02 3.615472285167199828e+01 9.807053000000000509e+01 2.703699999999999992e-01 3.470019999999999882e+00
3.690000000000000000e+02 3.533470622333430100e+01 9.900794999999999391e+01 2.721799999999999775e-01 3.481030000000000069e+00
3.700000000000000000e+02 3.435795175716869920e+01 1.003345099999999945e+02 2.733700000000000019e-01 3.492049999999999876e+00
3.710000000000000000e+02 3.328607345395950290e+01 1.018972299999999933e+02 2.751899999999999902e-01 3.503060000000000063e+00
3.720000000000000000e+02 3.210779252278840090e+01 1.037946599999999933e+02 2.761899999999999911e-01 3.514069999999999805e+00
3.730000000000000000e+02 3.078008329152000044e+01 1.061621499999999969e+02 2.773800000000000154e-01 3.525279999999999969e+00
3.740000000000000000e+02 2.938961517115329869e+01 1.087090599999999938e+02 2.791000000000000147e-01 3.536049999999999915e+00
3.750000000000000000e+02 2.771847375581399930e+01 1.120584300000000013e+02 2.796000000000000152e-01 3.541560000000000041e+00
3.760000000000000000e+02 2.604733234047460044e+01 1.154077900000000056e+02 2.803899999999999726e-01 3.548130000000000006e+00
3.770000000000000000e+02 2.406769631763480177e+01 1.199850500000000011e+02 2.822000000000000064e-01 3.559340000000000170e+00
3.780000000000000000e+02 2.206218268759809931e+01 1.246653100000000052e+02 2.833899999999999753e-01 3.571159999999999890e+00
3.790000000000000000e+02 1.987359777599650101e+01 1.310722100000000125e+02 2.852000000000000091e-01 3.582370000000000054e+00
3.800000000000000000e+02 1.757974437645449939e+01 1.384719599999999957e+02 2.863999999999999879e-01 3.594390000000000196e+00
3.810000000000000000e+02 1.545861349745510083e+01 1.474862899999999968e+02 2.881000000000000227e-01 3.605100000000000193e+00
3.820000000000000000e+02 1.370593651895129916e+01 1.599448399999999992e+02 2.886000000000000232e-01 3.610609999999999875e+00
3.830000000000000000e+02 1.195325954044749928e+01 1.724033900000000017e+02 2.894100000000000006e-01 3.617430000000000145e+00
3.840000000000000000e+02 1.178497342279050031e+01 1.894850000000000136e+02 2.912000000000000144e-01 3.629449999999999843e+00
3.850000000000000000e+02 1.165773372027070032e+01 2.066863700000000108e+02 2.924100000000000033e-01 3.641469999999999985e+00
3.860000000000000000e+02 1.261707581966349956e+01 2.201681600000000003e+02 2.944100000000000050e-01 3.653480000000000061e+00
3.870000000000000000e+02 1.429696728747160073e+01 2.311833799999999997e+02 2.960999999999999743e-01 3.664250000000000007e+00
3.880000000000000000e+02 1.608639164923620157e+01 2.405621299999999962e+02 2.965999999999999748e-01 3.670259999999999856e+00
3.890000000000000000e+02 1.831908027524769977e+01 2.433183699999999874e+02 2.974200000000000177e-01 3.677529999999999966e+00
3.900000000000000000e+02 2.055176890125940048e+01 2.460746100000000069e+02 2.994200000000000195e-01 3.689750000000000085e+00
3.910000000000000000e+02 2.230258225034069852e+01 2.438907199999999875e+02 3.012099999999999778e-01 3.702560000000000073e+00
3.920000000000000000e+02 2.390516592043099919e+01 2.401872099999999932e+02 3.024299999999999766e-01 3.714570000000000149e+00
3.930000000000000000e+02 2.491590399930479904e+01 2.340446599999999933e+02 3.042199999999999904e-01 3.725400000000000045e+00
3.940000000000000000e+02 2.454965967584729825e+01 2.222274700000000109e+02 3.052199999999999913e-01 3.731910000000000061e+00
3.950000000000000000e+02 2.418341535238990048e+01 2.104102800000000002e+02 3.062199999999999922e-01 3.739619999999999944e+00
3.960000000000000000e+02 2.407664740723560115e+01 1.920119699999999909e+02 3.074399999999999911e-01 3.751860000000000195e+00
3.970000000000000000e+02 2.403273148414099936e+01 1.720195400000000063e+02 3.094399999999999928e-01 3.764650000000000052e+00
3.980000000000000000e+02 2.462011587816740033e+01 1.532138600000000110e+02 3.112199999999999966e-01 3.775440000000000129e+00
3.990000000000000000e+02 2.685157236095579947e+01 1.374987500000000011e+02 3.122199999999999975e-01 3.781950000000000145e+00
4.000000000000000000e+02 2.908302884374399966e+01 1.217836400000000054e+02 3.132199999999999984e-01 3.789919999999999956e+00
4.010000000000000000e+02 3.091508231699990006e+01 1.112729199999999992e+02 3.144500000000000073e-01 3.802939999999999987e+00
4.020000000000000000e+02 3.258967619062129728e+01 1.028139599999999945e+02 3.162300000000000111e-01 3.814480000000000093e+00
4.030000000000000000e+02 3.412210624075540011e+01 9.485099999999999909e+01 3.172300000000000120e-01 3.820990000000000109e+00
4.040000000000000000e+02 3.464811810021920024e+01 9.039930999999999983e+01 3.184600000000000208e-01 3.828990000000000116e+00
4.050000000000000000e+02 3.517412995968319933e+01 8.594762000000000057e+01 3.204600000000000226e-01 3.842010000000000147e+00
4.060000000000000000e+02 3.547518228418670105e+01 8.256606999999999630e+01 3.222300000000000164e-01 3.853509999999999991e+00
4.070000000000000000e+02 3.554806341309529927e+01 8.026994000000000540e+01 3.232300000000000173e-01 3.860020000000000007e+00
4.080000000000000000e+02 3.562094454200389748e+01 7.797381000000000029e+01 3.244699999999999807e-01 3.868290000000000006e+00
4.090000000000000000e+02 3.553707821158410241e+01 7.674339000000000510e+01 3.262399999999999745e-01 3.882070000000000132e+00
4.100000000000000000e+02 3.542214502429990119e+01 7.572418999999999301e+01 3.272399999999999753e-01 3.893660000000000121e+00
4.110000000000000000e+02 3.529882421202439957e+01 7.480776000000000181e+01 3.282399999999999762e-01 3.900669999999999860e+00
4.120000000000000000e+02 3.512283157944960266e+01 7.453663000000000238e+01 3.294799999999999951e-01 3.909120000000000150e+00
4.130000000000000000e+02 3.494683894687469916e+01 7.426551000000000613e+01 3.314799999999999969e-01 3.922379999999999978e+00
4.140000000000000000e+02 3.475033333915779821e+01 7.422647000000000617e+01 3.332399999999999807e-01 3.934699999999999864e+00
4.150000000000000000e+02 3.452360359491169817e+01 7.452937000000000012e+01 3.342399999999999816e-01 3.941710000000000047e+00
4.160000000000000000e+02 3.429687385066549865e+01 7.483227999999999724e+01 3.354900000000000104e-01 3.950439999999999952e+00
4.170000000000000000e+02 3.404448933756650320e+01 7.542192000000000007e+01 3.373700000000000032e-01 3.962600000000000122e+00
4.180000000000000000e+02 3.377732538491959957e+01 7.617674999999999841e+01 3.388700000000000045e-01 3.969110000000000138e+00
4.190000000000000000e+02 3.351016143227270305e+01 7.693157999999999674e+01 3.405000000000000249e-01 3.977489999999999970e+00
4.200000000000000000e+02 3.320118949678779785e+01 7.796671999999999514e+01 3.425000000000000266e-01 3.991760000000000197e+00
4.210000000000000000e+02 3.288348500764269744e+01 7.906041000000000452e+01 3.442500000000000004e-01 4.004760000000000097e+00
4.220000000000000000e+02 3.256578051849759703e+01 8.015409999999999968e+01 3.452500000000000013e-01 4.011770000000000280e+00
4.230000000000000000e+02 3.218286127493090021e+01 8.159166999999999348e+01 3.465099999999999847e-01 4.020559999999999690e+00
4.240000000000000000e+02 3.179873348335350158e+01 8.303561999999999443e+01 3.482600000000000140e-01 4.032919999999999838e+00
4.250000000000000000e+02 3.140925477857399883e+01 8.451127999999999929e+01 3.492600000000000149e-01 4.040429999999999744e+00
4.260000000000000000e+02 3.097016048089210116e+01 8.628099000000000274e+01 3.505199999999999982e-01 4.049619999999999997e+00
4.270000000000000000e+02 3.053106618321019994e+01 8.805070999999999515e+01 3.523899999999999810e-01 4.061950000000000394e+00
4.280000000000000000e+02 3.007893964748890170e+01 8.988466999999999985e+01 3.538899999999999824e-01 4.069460000000000299e+00
4.290000000000000000e+02 2.956457870076679839e+01 9.202541999999999689e+01 3.555200000000000027e-01 4.078669999999999796e+00
4.300000000000000000e+02 2.905021775404469864e+01 9.416616999999999393e+01 3.572600000000000220e-01 4.090980000000000061e+00
4.310000000000000000e+02 2.852472312896680151e+01 9.638627999999999929e+01 3.582600000000000229e-01 4.098489999999999966e+00
4.320000000000000000e+02 2.795691287579359852e+01 9.890800000000000125e+01 3.595300000000000162e-01 4.107990000000000030e+00
4.330000000000000000e+02 2.738910262262039907e+01 1.014297100000000000e+02 3.613999999999999990e-01 4.121010000000000062e+00
4.340000000000000000e+02 2.681367062327440109e+01 1.040474799999999931e+02 3.629000000000000004e-01 4.128519999999999968e+00
4.350000000000000000e+02 2.620813222940860143e+01 1.070446699999999964e+02 3.645399999999999752e-01 4.138049999999999784e+00
4.360000000000000000e+02 2.560259383554290125e+01 1.100418499999999966e+02 3.664100000000000135e-01 4.151030000000000442e+00
4.370000000000000000e+02 2.499751432450549871e+01 1.131153000000000048e+02 3.679100000000000148e-01 4.158540000000000347e+00
4.380000000000000000e+02 2.439496557495969853e+01 1.166093000000000046e+02 3.695499999999999896e-01 4.168110000000000426e+00
4.390000000000000000e+02 2.379241682541389835e+01 1.201033099999999934e+02 3.712799999999999989e-01 4.181199999999999584e+00
4.400000000000000000e+02 2.319286777290160018e+01 1.236352700000000056e+02 3.722799999999999998e-01 4.189210000000000100e+00
4.410000000000000000e+02 2.263899583552689876e+01 1.277451499999999953e+02 3.738299999999999956e-01 4.199169999999999625e+00
4.420000000000000000e+02 2.208512389815230037e+01 1.318550199999999961e+02 3.762800000000000034e-01 4.212229999999999919e+00
4.430000000000000000e+02 2.153125196077759895e+01 1.359649000000000001e+02 3.772800000000000042e-01 4.220240000000000435e+00
4.440000000000000000e+02 2.109024859779280092e+01 1.406185099999999863e+02 3.788400000000000101e-01 4.230220000000000091e+00
4.450000000000000000e+02 2.065832808412400112e+01 1.453158899999999960e+02 3.814199999999999813e-01 4.243260000000000254e+00
4.460000000000000000e+02 2.022640757045509829e+01 1.500132600000000025e+02 3.829299999999999926e-01 4.251269999999999882e+00
4.470000000000000000e+02 1.995431247529819885e+01 1.550571300000000008e+02 3.842900000000000205e-01 4.259280000000000399e+00
4.480000000000000000e+02 1.973710144166150116e+01 1.602199999999999989e+02 3.852900000000000214e-01 4.267290000000000028e+00
4.490000000000000000e+02 1.951989040802479991e+01 1.653828699999999969e+02 3.868599999999999817e-01 4.277610000000000134e+00
4.500000000000000000e+02 1.942826591122599922e+01 1.704217899999999872e+02 3.894299999999999984e-01 4.291319999999999801e+00
4.510000000000000000e+02 1.945392016906010113e+01 1.753449699999999893e+02 3.909400000000000097e-01 4.299330000000000318e+00
4.520000000000000000e+02 1.947957442689419949e+01 1.802681399999999883e+02 3.922900000000000276e-01 4.307479999999999976e+00
4.530000000000000000e+02 1.955621739608239906e+01 1.851401999999999930e+02 3.932899999999999729e-01 4.315990000000000215e+00
4.540000000000000000e+02 1.979188028410930045e+01 1.898528599999999926e+02 3.948800000000000088e-01 4.326710000000000278e+00
4.550000000000000000e+02 2.002754317213609880e+01 1.945655099999999891e+02 3.974400000000000155e-01 4.340370000000000061e+00
4.560000000000000000e+02 2.026320606016300019e+01 1.992781699999999887e+02 3.989500000000000268e-01 4.348379999999999690e+00
4.570000000000000000e+02 2.066355305553809885e+01 2.031908699999999897e+02 4.004499999999999726e-01 4.356539999999999857e+00
4.580000000000000000e+02 2.107817163396590132e+01 2.070342499999999859e+02 4.019499999999999740e-01 4.365050000000000097e+00
4.590000000000000000e+02 2.149279021239370024e+01 2.108776300000000106e+02 4.038999999999999813e-01 4.376120000000000232e+00
4.600000000000000000e+02 2.194830011187200114e+01 2.142793800000000033e+02 4.062999999999999945e-01 4.390570000000000306e+00
4.610000000000000000e+02 2.243747298234270104e+01 2.173175699999999892e+02 4.072999999999999954e-01 4.399079999999999657e+00
4.620000000000000000e+02 2.292664585281340095e+01 2.203557600000000036e+02 4.084599999999999898e-01 4.407589999999999897e+00
4.630000000000000000e+02 2.342396257270110027e+01 2.232999299999999891e+02 4.099599999999999911e-01 4.416100000000000136e+00
4.640000000000000000e+02 2.397757789659659977e+01 2.255941400000000101e+02 4.119200000000000084e-01 4.427229999999999777e+00
4.650000000000000000e+02 2.453119322049199980e+01 2.278883399999999995e+02 4.144599999999999951e-01 4.441620000000000346e+00
4.660000000000000000e+02 2.508480854438749930e+01 2.301825499999999920e+02 4.159700000000000064e-01 4.450140000000000207e+00
4.670000000000000000e+02 2.559711206603040168e+01 2.319106400000000008e+02 4.174700000000000077e-01 4.458649999999999558e+00
4.680000000000000000e+02 2.608744754376229835e+01 2.333376900000000091e+02 4.189700000000000091e-01 4.467159999999999798e+00
4.690000000000000000e+02 2.657778302149419858e+01 2.347647399999999891e+02 4.206300000000000039e-01 4.475830000000000197e+00
4.700000000000000000e+02 2.706647681081420131e+01 2.361269599999999969e+02 4.226300000000000057e-01 4.484840000000000160e+00
4.710000000000000000e+02 2.754385353903019862e+01 2.370423299999999927e+02 4.249499999999999944e-01 4.496380000000000265e+00
4.720000000000000000e+02 2.802123026724619947e+01 2.379576999999999884e+02 4.274800000000000266e-01 4.510860000000000092e+00
4.730000000000000000e+02 2.849860699546220033e+01 2.388730700000000127e+02 4.289799999999999724e-01 4.519870000000000054e+00
4.740000000000000000e+02 2.894194703596140172e+01 2.394292199999999866e+02 4.304799999999999738e-01 4.528880000000000017e+00
4.750000000000000000e+02 2.935706577202149958e+01 2.396875400000000127e+02 4.319799999999999751e-01 4.537899999999999601e+00
4.760000000000000000e+02 2.977218450808170047e+01 2.399458500000000072e+02 4.334799999999999764e-01 4.546909999999999563e+00
4.770000000000000000e+02 3.018730324414179833e+01 2.402041600000000017e+02 4.349899999999999878e-01 4.555920000000000414e+00
4.780000000000000000e+02 3.058059651421239877e+01 2.399410300000000120e+02 4.366499999999999826e-01 4.564930000000000376e+00
4.790000000000000000e+02 3.097177330099500026e+01 2.396273300000000006e+02 4.386499999999999844e-01 4.573940000000000339e+00
4.800000000000000000e+02 3.136295008777760174e+01 2.393136299999999892e+02 4.404899999999999927e-01 4.582950000000000301e+00
4.810000000000000000e+02 3.173724027515930146e+01 2.388853599999999915e+02 4.419899999999999940e-01 4.591969999999999885e+00
4.820000000000000000e+02 3.205172037781139949e+01 2.380512799999999913e+02 4.443199999999999927e-01 4.603950000000000209e+00
4.830000000000000000e+02 3.236620048046339804e+01 2.372171999999999912e+02 4.475000000000000089e-01 4.619150000000000311e+00
4.840000000000000000e+02 3.268068058311539659e+01 2.363831199999999910e+02 4.490000000000000102e-01 4.628669999999999618e+00
4.850000000000000000e+02 3.297207645183679858e+01 2.352560000000000002e+02 4.506700000000000150e-01 4.638010000000000410e+00
4.860000000000000000e+02 3.323755885838249924e+01 2.337999100000000112e+02 4.526700000000000168e-01 4.647020000000000373e+00
4.870000000000000000e+02 3.350304126492819989e+01 2.323438299999999970e+02 4.545100000000000251e-01 4.656200000000000117e+00
4.880000000000000000e+02 3.376852367147390055e+01 2.308877500000000111e+02 4.560100000000000264e-01 4.665720000000000312e+00
4.890000000000000000e+02 3.402234180066039926e+01 2.290803799999999910e+02 4.576799999999999757e-01 4.675229999999999997e+00
4.900000000000000000e+02 3.427023015330320277e+01 2.270944299999999885e+02 4.596799999999999775e-01 4.684739999999999682e+00
4.910000000000000000e+02 3.451811850594599917e+01 2.251084799999999859e+02 4.616799999999999793e-01 4.694250000000000256e+00
4.920000000000000000e+02 3.476600685858880269e+01 2.231225300000000118e+02 4.636899999999999911e-01 4.703759999999999941e+00
4.930000000000000000e+02 3.493218797383909902e+01 2.207311500000000137e+02 4.655199999999999894e-01 4.713449999999999918e+00
4.940000000000000000e+02 3.507720804263929892e+01 2.182347699999999975e+02 4.670199999999999907e-01 4.723460000000000214e+00
4.950000000000000000e+02 3.522222811143949883e+01 2.157383900000000096e+02 4.687000000000000055e-01 4.733299999999999841e+00
4.960000000000000000e+02 3.536724818023969874e+01 2.132420099999999934e+02 4.707000000000000073e-01 4.742810000000000414e+00
4.970000000000000000e+02 3.551179332411440015e+01 2.103334600000000023e+02 4.727000000000000091e-01 4.752329999999999721e+00
4.980000000000000000e+02 3.565626358363810056e+01 2.073599299999999914e+02 4.747000000000000108e-01 4.761840000000000295e+00
4.990000000000000000e+02 3.580073384316190044e+01 2.043864000000000090e+02 4.767100000000000226e-01 4.771530000000000271e+00
5.000000000000000000e+02 3.594520410268560084e+01 2.014128599999999949e+02 4.787100000000000244e-01 4.781539999999999679e+00
5.010000000000000000e+02 3.600943654612319733e+01 1.982387300000000039e+02 4.807100000000000262e-01 4.791549999999999976e+00
5.020000000000000000e+02 3.606166859643870026e+01 1.950345800000000054e+02 4.827099999999999724e-01 4.801569999999999894e+00
5.030000000000000000e+02 3.611390064675409661e+01 1.918304400000000101e+02 4.847199999999999842e-01 4.811580000000000190e+00
5.040000000000000000e+02 3.616613269706959954e+01 1.886262999999999863e+02 4.867199999999999860e-01 4.821589999999999598e+00
5.050000000000000000e+02 3.621964787999689861e+01 1.853492400000000089e+02 4.887199999999999878e-01 4.831599999999999895e+00
5.060000000000000000e+02 3.627346192126670132e+01 1.820551900000000103e+02 4.907199999999999895e-01 4.841619999999999813e+00
5.070000000000000000e+02 3.632727596253649693e+01 1.787611400000000117e+02 4.929100000000000148e-01 4.851630000000000109e+00
5.080000000000000000e+02 3.638109000380620017e+01 1.754670900000000131e+02 4.954100000000000170e-01 4.861640000000000406e+00
5.090000000000000000e+02 3.644264283507310154e+01 1.722497299999999996e+02 4.977300000000000058e-01 4.871839999999999726e+00
5.100000000000000000e+02 3.650774169792340018e+01 1.690675200000000018e+02 4.997300000000000075e-01 4.882349999999999746e+00
5.110000000000000000e+02 3.657284056077369883e+01 1.658853100000000040e+02 5.017399999999999638e-01 4.892680000000000362e+00
5.120000000000000000e+02 3.663793942362399747e+01 1.627030900000000031e+02 5.037399999999999656e-01 4.902700000000000280e+00
5.130000000000000000e+02 3.669962787115959912e+01 1.596695699999999931e+02 5.056199999999999584e-01 4.911599999999999966e+00
5.140000000000000000e+02 3.675779708254380296e+01 1.567894900000000007e+02 5.072900000000000187e-01 4.918599999999999639e+00
5.150000000000000000e+02 3.681596629392809916e+01 1.539094100000000083e+02 5.089599999999999680e-01 4.925609999999999822e+00
5.160000000000000000e+02 3.687413550531230300e+01 1.510293399999999906e+02 5.107500000000000373e-01 4.933930000000000149e+00
5.170000000000000000e+02 3.693002699780309683e+01 1.482301600000000121e+02 5.127500000000000391e-01 4.944449999999999790e+00
5.180000000000000000e+02 3.697823785270330177e+01 1.457038200000000074e+02 5.149399999999999533e-01 4.954959999999999809e+00
5.190000000000000000e+02 3.702644870760340012e+01 1.431774800000000027e+02 5.174499999999999655e-01 4.965469999999999828e+00
5.200000000000000000e+02 3.707465956250349848e+01 1.406511399999999981e+02 5.199500000000000233e-01 4.976180000000000270e+00
5.210000000000000000e+02 3.712287041740359683e+01 1.381247999999999934e+02 5.224499999999999700e-01 4.987190000000000012e+00
5.220000000000000000e+02 3.716631004274479722e+01 1.359362399999999980e+02 5.247600000000000042e-01 4.998020000000000351e+00
5.230000000000000000e+02 3.720918156935540111e+01 1.337879000000000076e+02 5.267699999999999605e-01 5.008530000000000371e+00
5.240000000000000000e+02 3.725205309596589842e+01 1.316395599999999888e+02 5.289599999999999858e-01 5.019239999999999924e+00
5.250000000000000000e+02 3.729492462257650232e+01 1.294912199999999984e+02 5.314699999999999980e-01 5.030249999999999666e+00
5.260000000000000000e+02 3.731818997995090115e+01 1.275339500000000044e+02 5.336499999999999577e-01 5.039710000000000356e+00
5.270000000000000000e+02 3.732064313878669992e+01 1.257794899999999956e+02 5.353099999999999525e-01 5.046719999999999651e+00
5.280000000000000000e+02 3.732309629762259817e+01 1.240250400000000042e+02 5.369800000000000129e-01 5.053729999999999833e+00
5.290000000000000000e+02 3.732554945645850353e+01 1.222705799999999954e+02 5.389800000000000146e-01 5.062310000000000088e+00
5.300000000000000000e+02 3.732798317141219968e+01 1.205164800000000014e+02 5.414799999999999613e-01 5.073319999999999830e+00
5.310000000000000000e+02 3.731219787384819853e+01 1.190912000000000006e+02 5.439899999999999736e-01 5.084529999999999994e+00
5.320000000000000000e+02 3.729641257628419737e+01 1.176659199999999998e+02 5.464900000000000313e-01 5.096049999999999969e+00
5.330000000000000000e+02 3.728062727872020332e+01 1.162406399999999991e+02 5.491899999999999560e-01 5.107359999999999900e+00
5.340000000000000000e+02 3.726484198115620217e+01 1.148153599999999983e+02 5.521899999999999586e-01 5.118380000000000152e+00
5.350000000000000000e+02 3.724036044288060054e+01 1.135194699999999983e+02 5.546699999999999964e-01 5.127930000000000099e+00
5.360000000000000000e+02 3.720480465823860072e+01 1.123883699999999948e+02 5.563299999999999912e-01 5.135270000000000223e+00
5.370000000000000000e+02 3.716924887359660090e+01 1.112572600000000023e+02 5.580000000000000515e-01 5.142610000000000348e+00
5.380000000000000000e+02 3.713369308895460108e+01 1.101261599999999987e+02 5.600100000000000078e-01 5.151640000000000441e+00
5.390000000000000000e+02 3.709813730431260126e+01 1.089950500000000062e+02 5.625099999999999545e-01 5.163149999999999906e+00
5.400000000000000000e+02 3.705189985875009739e+01 1.080601400000000041e+02 5.652199999999999447e-01 5.174669999999999881e+00
5.410000000000000000e+02 3.700297971292820165e+01 1.071744900000000058e+02 5.682199999999999473e-01 5.186180000000000234e+00
5.420000000000000000e+02 3.695405956710619932e+01 1.062888399999999933e+02 5.708199999999999941e-01 5.196130000000000138e+00
5.430000000000000000e+02 3.690513942128419700e+01 1.054031999999999982e+02 5.728199999999999958e-01 5.203809999999999825e+00
5.440000000000000000e+02 3.685416219525149728e+01 1.045312899999999985e+02 5.748199999999999976e-01 5.211479999999999890e+00
5.450000000000000000e+02 3.677862475349149918e+01 1.038233599999999939e+02 5.770300000000000429e-01 5.220740000000000158e+00
5.460000000000000000e+02 3.670308731173150107e+01 1.031154300000000035e+02 5.795299999999999896e-01 5.232249999999999623e+00
5.470000000000000000e+02 3.662754986997150297e+01 1.024074999999999989e+02 5.818299999999999583e-01 5.242320000000000313e+00
5.480000000000000000e+02 3.655201242821149776e+01 1.016995699999999943e+02 5.838299999999999601e-01 5.250329999999999941e+00
5.490000000000000000e+02 3.647639052557929773e+01 1.010372299999999939e+02 5.858299999999999619e-01 5.258339999999999570e+00
5.500000000000000000e+02 3.640054224562189944e+01 1.004971000000000032e+02 5.882600000000000051e-01 5.267809999999999881e+00
5.510000000000000000e+02 3.632469396566450115e+01 9.995695999999999515e+01 5.912600000000000078e-01 5.279329999999999856e+00
5.520000000000000000e+02 3.624884568570700338e+01 9.941682000000000130e+01 5.938400000000000345e-01 5.289369999999999905e+00
5.530000000000000000e+02 3.617299740574959799e+01 9.887667999999999324e+01 5.958400000000000363e-01 5.297380000000000422e+00
5.540000000000000000e+02 3.609773639973119685e+01 9.838258000000000436e+01 5.978499999999999925e-01 5.305390000000000050e+00
5.550000000000000000e+02 3.602343204935529997e+01 9.796345999999999776e+01 6.004899999999999682e-01 5.315100000000000158e+00
5.560000000000000000e+02 3.594912769897950255e+01 9.754434000000000538e+01 6.039900000000000269e-01 5.327119999999999855e+00
5.570000000000000000e+02 3.587482334860359856e+01 9.712523000000000195e+01 6.068599999999999550e-01 5.337419999999999831e+00
5.580000000000000000e+02 3.580051899822770167e+01 9.670610999999999535e+01 6.088599999999999568e-01 5.345430000000000348e+00
5.590000000000000000e+02 3.572366328678660352e+01 9.632858000000000231e+01 6.108599999999999586e-01 5.353439999999999976e+00
5.600000000000000000e+02 3.564299415597810139e+01 9.601319999999999766e+01 6.135099999999999998e-01 5.363389999999999880e+00
5.610000000000000000e+02 3.556232502516969873e+01 9.569781999999999300e+01 6.170099999999999474e-01 5.375910000000000188e+00
5.620000000000000000e+02 3.548165589436119660e+01 9.538244000000000256e+01 6.198700000000000321e-01 5.386619999999999742e+00
5.630000000000000000e+02 3.540098676355280105e+01 9.506705999999999790e+01 6.218700000000000339e-01 5.394960000000000200e+00
5.640000000000000000e+02 3.531861994035300256e+01 9.477925000000000466e+01 6.238700000000000356e-01 5.403310000000000279e+00
5.650000000000000000e+02 3.523281815514889814e+01 9.454721999999999582e+01 6.265300000000000313e-01 5.413260000000000183e+00
5.660000000000000000e+02 3.514701636994480083e+01 9.431519000000000119e+01 6.300400000000000444e-01 5.425270000000000259e+00
5.670000000000000000e+02 3.506121458474070351e+01 9.408315000000000339e+01 6.330299999999999816e-01 5.435819999999999652e+00
5.680000000000000000e+02 3.497541279953649962e+01 9.385111999999999455e+01 6.353600000000000358e-01 5.444499999999999673e+00
5.690000000000000000e+02 3.488971332684739934e+01 9.363031999999999755e+01 6.377000000000000446e-01 5.453170000000000073e+00
5.700000000000000000e+02 3.480452163304519786e+01 9.346526000000000067e+01 6.405600000000000183e-01 5.463560000000000194e+00
5.710000000000000000e+02 3.471932993924289690e+01 9.330020000000000380e+01 6.440599999999999659e-01 5.476069999999999993e+00
5.720000000000000000e+02 3.463413824544060304e+01 9.313514000000000692e+01 6.470399999999999485e-01 5.486729999999999663e+00
5.730000000000000000e+02 3.454894655163840156e+01 9.297007999999999583e+01 6.493799999999999573e-01 5.495070000000000121e+00
5.740000000000000000e+02 3.446375485783610060e+01 9.280503000000000213e+01 6.517199999999999660e-01 5.503409999999999691e+00
5.750000000000000000e+02 3.437200863550250318e+01 9.269498000000000104e+01 6.542000000000000037e-01 5.511910000000000309e+00
5.760000000000000000e+02 3.427960601448859990e+01 9.259044000000000096e+01 6.568699999999999539e-01 5.520590000000000330e+00
5.770000000000000000e+02 3.418720339347459714e+01 9.248591000000000406e+01 6.595400000000000151e-01 5.529259999999999842e+00
5.780000000000000000e+02 3.409480077246060148e+01 9.238137000000000398e+01 6.628199999999999648e-01 5.539909999999999890e+00
5.790000000000000000e+02 3.400239815144659872e+01 9.227683000000000391e+01 6.668199999999999683e-01 5.552929999999999922e+00
5.800000000000000000e+02 3.391002971852010006e+01 9.219550999999999874e+01 6.700700000000000545e-01 5.563959999999999795e+00
5.810000000000000000e+02 3.381768903460520193e+01 9.213303999999999405e+01 6.723999999999999977e-01 5.572639999999999816e+00
5.820000000000000000e+02 3.372534835069029668e+01 9.207056000000000040e+01 6.747400000000000064e-01 5.581319999999999837e+00
5.830000000000000000e+02 3.363300766677539855e+01 9.200808000000000675e+01 6.772299999999999986e-01 5.589999999999999858e+00
5.840000000000000000e+02 3.354066698286050041e+01 9.194561000000000206e+01 6.798999999999999488e-01 5.598679999999999879e+00
5.850000000000000000e+02 3.344825197807539752e+01 9.188733999999999469e+01 6.825700000000000101e-01 5.607350000000000279e+00
5.860000000000000000e+02 3.335512007021360148e+01 9.186973000000000411e+01 6.854000000000000092e-01 5.616189999999999571e+00
5.870000000000000000e+02 3.326198816235169886e+01 9.185210999999999615e+01 6.884000000000000119e-01 5.625200000000000422e+00
5.880000000000000000e+02 3.316885625448990282e+01 9.183449000000000240e+01 6.914000000000000146e-01 5.634210000000000385e+00
5.890000000000000000e+02 3.307572434662800021e+01 9.181686999999999443e+01 6.948800000000000532e-01 5.645100000000000229e+00
5.900000000000000000e+02 3.298259243876609759e+01 9.179925000000000068e+01 6.988799999999999457e-01 5.658109999999999751e+00
5.910000000000000000e+02 3.288664186796410149e+01 9.180292000000000030e+01 7.024099999999999788e-01 5.669240000000000279e+00
5.920000000000000000e+02 3.278821100429929913e+01 9.182532000000000494e+01 7.054200000000000470e-01 5.678259999999999863e+00
5.930000000000000000e+02 3.268978014063449677e+01 9.184771999999999537e+01 7.084200000000000497e-01 5.687269999999999825e+00
5.940000000000000000e+02 3.259134927696970152e+01 9.187012000000000000e+01 7.112699999999999578e-01 5.696439999999999948e+00
5.950000000000000000e+02 3.249291841330489916e+01 9.189252999999999361e+01 7.139400000000000190e-01 5.705779999999999852e+00
5.960000000000000000e+02 3.239448754964020338e+01 9.191492999999999824e+01 7.166099999999999692e-01 5.715130000000000265e+00
5.970000000000000000e+02 3.231021909744539755e+01 9.195234999999999559e+01 7.196000000000000174e-01 5.724310000000000009e+00
5.980000000000000000e+02 3.222819939466580053e+01 9.199214000000000624e+01 7.229400000000000270e-01 5.733329999999999593e+00
5.990000000000000000e+02 3.214617969188609692e+01 9.203194000000000585e+01 7.262699999999999712e-01 5.742340000000000444e+00
6.000000000000000000e+02 3.206415998910649989e+01 9.207174000000000547e+01 7.294500000000000428e-01 5.751350000000000406e+00
6.010000000000000000e+02 3.198214028632679984e+01 9.211154000000000508e+01 7.324500000000000455e-01 5.760360000000000369e+00
6.020000000000000000e+02 3.189979728729539943e+01 9.215529999999999688e+01 7.354600000000000026e-01 5.769370000000000331e+00
6.030000000000000000e+02 3.181392309152710141e+01 9.224236000000000502e+01 7.384600000000000053e-01 5.778550000000000075e+00
6.040000000000000000e+02 3.172804889575889931e+01 9.232943000000000211e+01 7.414699999999999624e-01 5.787889999999999979e+00
6.050000000000000000e+02 3.164217469999070076e+01 9.241648999999999603e+01 7.444699999999999651e-01 5.797240000000000393e+00
6.060000000000000000e+02 3.155630050422239918e+01 9.250355000000000416e+01 7.476399999999999713e-01 5.806580000000000297e+00
6.070000000000000000e+02 3.147042630845420064e+01 9.259060999999999808e+01 7.509700000000000264e-01 5.815929999999999822e+00
6.080000000000000000e+02 3.138257669595240174e+01 9.268480999999999881e+01 7.543100000000000360e-01 5.825269999999999726e+00
6.090000000000000000e+02 3.128638887630910048e+01 9.280911999999999296e+01 7.576500000000000457e-01 5.834780000000000300e+00
6.100000000000000000e+02 3.119020105666579923e+01 9.293343000000000131e+01 7.609900000000000553e-01 5.844459999999999766e+00
6.110000000000000000e+02 3.109401323702260100e+01 9.305774999999999864e+01 7.643199999999999994e-01 5.854140000000000121e+00
6.120000000000000000e+02 3.099782541737929975e+01 9.318206000000000699e+01 7.678300000000000125e-01 5.863649999999999807e+00
6.130000000000000000e+02 3.090163759773599850e+01 9.330637000000000114e+01 7.714999999999999636e-01 5.873000000000000220e+00
6.140000000000000000e+02 3.080543682309630071e+01 9.343201999999999430e+01 7.751700000000000257e-01 5.882349999999999746e+00
6.150000000000000000e+02 3.070917800076900050e+01 9.356368999999999403e+01 7.786800000000000388e-01 5.891860000000000319e+00
6.160000000000000000e+02 3.061291917844179977e+01 9.369535000000000480e+01 7.820099999999999829e-01 5.901539999999999786e+00
6.170000000000000000e+02 3.051666035611459904e+01 9.382701000000000136e+01 7.853499999999999925e-01 5.911220000000000141e+00
6.180000000000000000e+02 3.042040153378729883e+01 9.395866999999999791e+01 7.888600000000000056e-01 5.920899999999999608e+00
6.190000000000000000e+02 3.032414271146010165e+01 9.409033999999999764e+01 7.925299999999999567e-01 5.930570000000000341e+00
6.200000000000000000e+02 3.022785762283670152e+01 9.422386000000000195e+01 7.962000000000000188e-01 5.940249999999999808e+00
6.210000000000000000e+02 3.013110460427400028e+01 9.439050000000000296e+01 7.998699999999999699e-01 5.949930000000000163e+00
6.220000000000000000e+02 3.003435158571129904e+01 9.455713000000000079e+01 8.035400000000000320e-01 5.959609999999999630e+00
6.230000000000000000e+02 2.993759856714860135e+01 9.472377000000000180e+01 8.072099999999999831e-01 5.969289999999999985e+00
6.240000000000000000e+02 2.984084554858590010e+01 9.489041000000000281e+01 8.110600000000000032e-01 5.978970000000000340e+00
6.250000000000000000e+02 2.974409253002319886e+01 9.505705000000000382e+01 8.150600000000000067e-01 5.988649999999999807e+00
6.260000000000000000e+02 2.964733951146050117e+01 9.522369000000000483e+01 8.190699999999999648e-01 5.998330000000000162e+00
6.270000000000000000e+02 2.954611580753159927e+01 9.540058000000000504e+01 8.230699999999999683e-01 6.008180000000000298e+00
6.280000000000000000e+02 2.944377523299300137e+01 9.558002999999999361e+01 8.270800000000000374e-01 6.018189999999999706e+00
6.290000000000000000e+02 2.934143465845449938e+01 9.575947999999999638e+01 8.310800000000000409e-01 6.028209999999999624e+00
6.300000000000000000e+02 2.923909408391590148e+01 9.593892999999999915e+01 8.345700000000000340e-01 6.036780000000000257e+00
6.310000000000000000e+02 2.913675350937730002e+01 9.611836999999999875e+01 8.375700000000000367e-01 6.044039999999999857e+00
6.320000000000000000e+02 2.903441293483880159e+01 9.629782000000000153e+01 8.405700000000000394e-01 6.051300000000000345e+00
6.330000000000000000e+02 2.893055675594520082e+01 9.648927999999999372e+01 8.435799999999999965e-01 6.058559999999999945e+00
6.340000000000000000e+02 2.882460294244090093e+01 9.669733999999999696e+01 8.472800000000000331e-01 6.067269999999999719e+00
6.350000000000000000e+02 2.871864912893670052e+01 9.690541000000000338e+01 8.516200000000000436e-01 6.077280000000000015e+00
6.360000000000000000e+02 2.861269531543250011e+01 9.711347999999999558e+01 8.559600000000000541e-01 6.087299999999999933e+00
6.370000000000000000e+02 2.850674150192820022e+01 9.732155000000000200e+01 8.602999999999999536e-01 6.097310000000000230e+00
6.380000000000000000e+02 2.840078768842399981e+01 9.752961999999999421e+01 8.646399999999999642e-01 6.107319999999999638e+00
6.390000000000000000e+02 2.829483387491979940e+01 9.773769000000000062e+01 8.689799999999999747e-01 6.117340000000000444e+00
6.400000000000000000e+02 2.818579169277739993e+01 9.796210000000000662e+01 8.733199999999999852e-01 6.127349999999999852e+00
6.410000000000000000e+02 2.807643354465179897e+01 9.818819000000000585e+01 8.776599999999999957e-01 6.137360000000000149e+00
6.420000000000000000e+02 2.796707539652630103e+01 9.841428000000000509e+01 8.820000000000000062e-01 6.147369999999999557e+00
6.430000000000000000e+02 2.785771724840070007e+01 9.864036000000000115e+01 8.858899999999999553e-01 6.156179999999999986e+00
6.440000000000000000e+02 2.774835910027519859e+01 9.886645000000000039e+01 8.893900000000000139e-01 6.163940000000000197e+00
6.450000000000000000e+02 2.763900095214960118e+01 9.909253999999999962e+01 8.928899999999999615e-01 6.171700000000000408e+00
6.460000000000000000e+02 2.752999847877299899e+01 9.932330000000000325e+01 8.963999999999999746e-01 6.179459999999999731e+00
6.470000000000000000e+02 2.742201197303100102e+01 9.956740999999999531e+01 9.005400000000000071e-01 6.188439999999999941e+00
6.480000000000000000e+02 2.731402546728890002e+01 9.981152000000000157e+01 9.052099999999999591e-01 6.198450000000000237e+00
6.490000000000000000e+02 2.720603896154689849e+01 1.000556299999999936e+02 9.098800000000000221e-01 6.208470000000000155e+00
6.500000000000000000e+02 2.709805245580490052e+01 1.002997399999999999e+02 9.140500000000000291e-01 6.217249999999999943e+00
6.510000000000000000e+02 2.699006595006279952e+01 1.005438599999999951e+02 9.178100000000000147e-01 6.225010000000000154e+00
6.520000000000000000e+02 2.688207944432080154e+01 1.007879700000000014e+02 9.215600000000000458e-01 6.232770000000000366e+00
6.530000000000000000e+02 2.677005304471349945e+01 1.010389299999999935e+02 9.253200000000000314e-01 6.240529999999999688e+00
6.540000000000000000e+02 2.665349692191039921e+01 1.012975799999999964e+02 9.297600000000000309e-01 6.249710000000000321e+00
6.550000000000000000e+02 2.653694079910729897e+01 1.015562199999999962e+02 9.347699999999999898e-01 6.260060000000000180e+00
6.560000000000000000e+02 2.642038467630419873e+01 1.018148699999999991e+02 9.397799999999999487e-01 6.270410000000000039e+00
6.570000000000000000e+02 2.630382855350109850e+01 1.020735099999999989e+02 9.442300000000000137e-01 6.279320000000000235e+00
6.580000000000000000e+02 2.618727243069810129e+01 1.023321600000000018e+02 9.482300000000000173e-01 6.287079999999999558e+00
6.590000000000000000e+02 2.607071630789500105e+01 1.025908000000000015e+02 9.522399999999999753e-01 6.294839999999999769e+00
6.600000000000000000e+02 2.594535730566419929e+01 1.028582300000000060e+02 9.562399999999999789e-01 6.302599999999999980e+00
6.610000000000000000e+02 2.581247348525259966e+01 1.031331799999999959e+02 9.611800000000000344e-01 6.311810000000000365e+00
6.620000000000000000e+02 2.567958966484090055e+01 1.034081299999999999e+02 9.668600000000000527e-01 6.322149999999999714e+00
6.630000000000000000e+02 2.554670584442930092e+01 1.036830700000000007e+02 9.725300000000000056e-01 6.332499999999999574e+00
6.640000000000000000e+02 2.541382202401759827e+01 1.039580200000000048e+02 9.772600000000000176e-01 6.341389999999999638e+00
6.650000000000000000e+02 2.528093820360599864e+01 1.042329699999999946e+02 9.812699999999999756e-01 6.349149999999999849e+00
6.660000000000000000e+02 2.514805438319429953e+01 1.045079099999999954e+02 9.852699999999999791e-01 6.356910000000000061e+00
6.670000000000000000e+02 2.501855218494739930e+01 1.047908099999999934e+02 9.892800000000000482e-01 6.364670000000000272e+00
6.680000000000000000e+02 2.489305562460249988e+01 1.050831299999999970e+02 9.944300000000000361e-01 6.373899999999999899e+00
6.690000000000000000e+02 2.476755906425760045e+01 1.053754500000000007e+02 1.000429999999999930e+00 6.384249999999999758e+00
6.700000000000000000e+02 2.464206250391260156e+01 1.056677700000000044e+02 1.006440000000000001e+00 6.394589999999999996e+00
6.710000000000000000e+02 2.451656594356769858e+01 1.059600899999999939e+02 1.011589999999999989e+00 6.403459999999999930e+00
6.720000000000000000e+02 2.439106938322279916e+01 1.062524099999999976e+02 1.016089999999999938e+00 6.411220000000000141e+00
6.730000000000000000e+02 2.426557282287789974e+01 1.065447199999999981e+02 1.020599999999999952e+00 6.418980000000000352e+00
6.740000000000000000e+02 2.413839004856890114e+01 1.068358499999999935e+02 1.025099999999999900e+00 6.426739999999999675e+00
6.750000000000000000e+02 2.400531520280479825e+01 1.071228299999999933e+02 1.029609999999999914e+00 6.434499999999999886e+00
6.760000000000000000e+02 2.387224035704069891e+01 1.074098099999999931e+02 1.034119999999999928e+00 6.442260000000000097e+00
6.770000000000000000e+02 2.373916551127659957e+01 1.076967800000000040e+02 1.038620000000000099e+00 6.450020000000000309e+00
6.780000000000000000e+02 2.360609066551250024e+01 1.079837600000000037e+02 1.043129999999999891e+00 6.457779999999999632e+00
6.790000000000000000e+02 2.347301581974840090e+01 1.082707400000000035e+02 1.048899999999999944e+00 6.467050000000000409e+00
6.800000000000000000e+02 2.333994097398430156e+01 1.085577100000000002e+02 1.055579999999999963e+00 6.477389999999999759e+00
6.810000000000000000e+02 2.320686612822019868e+01 1.088446899999999999e+02 1.062249999999999917e+00 6.487739999999999618e+00
6.820000000000000000e+02 2.306698437610300090e+01 1.091662699999999973e+02 1.067949999999999955e+00 6.496570000000000178e+00
6.830000000000000000e+02 2.292569032560410136e+01 1.094950299999999999e+02 1.072950000000000070e+00 6.504330000000000389e+00
6.840000000000000000e+02 2.278439627510509879e+01 1.098237900000000025e+02 1.077960000000000029e+00 6.512089999999999712e+00
6.850000000000000000e+02 2.264310222460619926e+01 1.101525500000000051e+02 1.082969999999999988e+00 6.519849999999999923e+00
6.860000000000000000e+02 2.250180817410729972e+01 1.104813099999999935e+02 1.087970000000000104e+00 6.527610000000000134e+00
6.870000000000000000e+02 2.236051412360830071e+01 1.108100699999999961e+02 1.092980000000000063e+00 6.535370000000000346e+00
6.880000000000000000e+02 2.221922007310930169e+01 1.111388299999999987e+02 1.097979999999999956e+00 6.543129999999999669e+00
6.890000000000000000e+02 2.207719334622219876e+01 1.114656800000000061e+02 1.102989999999999915e+00 6.550889999999999880e+00
6.900000000000000000e+02 2.193318030438859978e+01 1.117873500000000035e+02 1.108300000000000063e+00 6.558650000000000091e+00
6.910000000000000000e+02 2.178916726255500080e+01 1.121090099999999978e+02 1.113799999999999901e+00 6.566410000000000302e+00
6.920000000000000000e+02 2.164515422072150130e+01 1.124306799999999953e+02 1.119310000000000027e+00 6.574169999999999625e+00
6.930000000000000000e+02 2.150114117888789877e+01 1.127523500000000070e+02 1.124819999999999931e+00 6.581929999999999836e+00
6.940000000000000000e+02 2.135712813705429980e+01 1.130740200000000044e+02 1.130330000000000057e+00 6.589529999999999887e+00
6.950000000000000000e+02 2.121311509522070082e+01 1.133956900000000019e+02 1.135829999999999895e+00 6.597039999999999793e+00
6.960000000000000000e+02 2.106910205338709829e+01 1.137173499999999962e+02 1.141340000000000021e+00 6.604549999999999699e+00
6.970000000000000000e+02 2.092483552011239922e+01 1.140511699999999990e+02 1.146849999999999925e+00 6.612059999999999604e+00
6.980000000000000000e+02 2.078035391698530177e+01 1.143953000000000060e+02 1.152509999999999923e+00 6.619570000000000398e+00
6.990000000000000000e+02 2.063587231385820076e+01 1.147394199999999955e+02 1.158260000000000067e+00 6.627080000000000304e+00
7.000000000000000000e+02 2.049139071073109974e+01 1.150835399999999993e+02 1.164020000000000055e+00 6.634590000000000209e+00
7.010000000000000000e+02 2.034690910760399873e+01 1.154276700000000062e+02 1.169780000000000042e+00 6.642100000000000115e+00
7.020000000000000000e+02 2.020242750447690128e+01 1.157717899999999958e+02 1.175689999999999902e+00 6.649610000000000021e+00
7.030000000000000000e+02 2.005794590134980027e+01 1.161159200000000027e+02 1.181699999999999973e+00 6.657119999999999926e+00
7.040000000000000000e+02 1.991346429822269926e+01 1.164600400000000064e+02 1.187710000000000043e+00 6.664629999999999832e+00
7.050000000000000000e+02 1.976010269610729964e+01 1.167984500000000025e+02 1.193710000000000049e+00 6.672139999999999738e+00
7.060000000000000000e+02 1.960167810159479984e+01 1.171336000000000013e+02 1.199880000000000058e+00 6.679649999999999643e+00
7.070000000000000000e+02 1.944325350708220057e+01 1.174687600000000032e+02 1.206129999999999924e+00 6.687160000000000437e+00
7.080000000000000000e+02 1.928482891256960130e+01 1.178039100000000019e+02 1.212390000000000079e+00 6.694670000000000343e+00
7.090000000000000000e+02 1.912640431805710151e+01 1.181390600000000006e+02 1.218650000000000011e+00 6.702180000000000248e+00
7.100000000000000000e+02 1.896797972354449868e+01 1.184742200000000025e+02 1.224909999999999943e+00 6.709529999999999994e+00
7.110000000000000000e+02 1.880955512903199889e+01 1.188093700000000013e+02 1.231170000000000098e+00 6.716789999999999594e+00
7.120000000000000000e+02 1.865113053451939962e+01 1.191445200000000000e+02 1.237419999999999964e+00 6.724050000000000082e+00
7.130000000000000000e+02 1.849076062784429908e+01 1.194893299999999954e+02 1.243679999999999897e+00 6.731309999999999683e+00
7.140000000000000000e+02 1.832880560651269874e+01 1.198419999999999987e+02 1.250259999999999927e+00 6.738410000000000011e+00
7.150000000000000000e+02 1.816685058518099893e+01 1.201946800000000053e+02 1.257009999999999961e+00 6.745420000000000194e+00
7.160000000000000000e+02 1.800489556384939860e+01 1.205473499999999945e+02 1.263770000000000060e+00 6.752430000000000376e+00
7.170000000000000000e+02 1.784294054251769879e+01 1.209000300000000010e+02 1.270529999999999937e+00 6.759439999999999671e+00
7.180000000000000000e+02 1.768098552118609845e+01 1.212527000000000044e+02 1.277290000000000036e+00 6.766289999999999694e+00
7.190000000000000000e+02 1.751903049985439864e+01 1.216053799999999967e+02 1.284049999999999914e+00 6.773049999999999571e+00
7.200000000000000000e+02 1.735707547852279831e+01 1.219580600000000032e+02 1.290810000000000013e+00 6.779810000000000336e+00
7.210000000000000000e+02 1.719058966070240047e+01 1.223140499999999946e+02 1.297569999999999890e+00 6.786570000000000213e+00
7.220000000000000000e+02 1.701228453426600140e+01 1.226786900000000031e+02 1.304489999999999927e+00 6.793330000000000091e+00
7.230000000000000000e+02 1.683397940782949931e+01 1.230433299999999974e+02 1.311490000000000045e+00 6.800080000000000346e+00
7.240000000000000000e+02 1.665567428139300077e+01 1.234079700000000059e+02 1.318500000000000005e+00 6.806840000000000224e+00
7.250000000000000000e+02 1.647736915495660170e+01 1.237726100000000002e+02 1.325509999999999966e+00 6.813600000000000101e+00
7.260000000000000000e+02 1.629906402852009961e+01 1.241372499999999945e+02 1.332840000000000025e+00 6.820199999999999818e+00
7.270000000000000000e+02 1.612075890208370055e+01 1.245018900000000031e+02 1.340349999999999930e+00 6.826710000000000278e+00
7.280000000000000000e+02 1.594245377564720023e+01 1.248665199999999942e+02 1.347860000000000058e+00 6.833219999999999850e+00
7.290000000000000000e+02 1.576414864921079939e+01 1.252311600000000027e+02 1.355369999999999964e+00 6.839719999999999800e+00
7.300000000000000000e+02 1.559133883248640018e+01 1.255884899999999931e+02 1.361909999999999954e+00 6.845130000000000159e+00
7.310000000000000000e+02 1.541983077762020038e+01 1.259440699999999964e+02 1.367909999999999959e+00 6.849929999999999630e+00
7.320000000000000000e+02 1.524832272275400058e+01 1.262996600000000029e+02 1.373920000000000030e+00 6.854739999999999611e+00
7.330000000000000000e+02 1.507681466788780078e+01 1.266552499999999952e+02 1.379930000000000101e+00 6.859539999999999971e+00
7.340000000000000000e+02 1.490530661302159920e+01 1.270108400000000017e+02 1.385939999999999950e+00 6.864349999999999952e+00
7.350000000000000000e+02 1.473379855815539941e+01 1.273664299999999940e+02 1.393100000000000005e+00 6.869950000000000223e+00
7.360000000000000000e+02 1.456229050328919961e+01 1.277220099999999974e+02 1.400859999999999994e+00 6.875949999999999562e+00
7.370000000000000000e+02 1.439078244842299981e+01 1.280775999999999897e+02 1.408619999999999983e+00 6.881960000000000299e+00
7.380000000000000000e+02 1.421821257552110040e+01 1.284371700000000089e+02 1.416379999999999972e+00 6.887970000000000148e+00
7.390000000000000000e+02 1.403902883293910087e+01 1.288215600000000052e+02 1.423240000000000061e+00 6.892780000000000129e+00
7.400000000000000000e+02 1.385984509035709955e+01 1.292059399999999982e+02 1.429650000000000087e+00 6.896989999999999732e+00
7.410000000000000000e+02 1.368066134777510001e+01 1.295903199999999913e+02 1.436059999999999892e+00 6.901189999999999714e+00
7.420000000000000000e+02 1.350147760519310047e+01 1.299747099999999875e+02 1.442469999999999919e+00 6.905400000000000205e+00
7.430000000000000000e+02 1.332229386261120041e+01 1.303590900000000090e+02 1.448870000000000102e+00 6.909609999999999808e+00
7.440000000000000000e+02 1.314311012002920087e+01 1.307434700000000021e+02 1.456350000000000033e+00 6.914349999999999774e+00
7.450000000000000000e+02 1.296392637744719956e+01 1.311278599999999983e+02 1.464360000000000106e+00 6.919349999999999667e+00
7.460000000000000000e+02 1.278474263486520002e+01 1.315122399999999914e+02 1.472369999999999957e+00 6.924360000000000070e+00
7.470000000000000000e+02 1.260455617637540016e+01 1.318948499999999910e+02 1.480390000000000095e+00 6.929369999999999585e+00
7.480000000000000000e+02 1.242150365464599915e+01 1.322723900000000015e+02 1.487589999999999968e+00 6.933559999999999945e+00
7.490000000000000000e+02 1.223845113291669939e+01 1.326499300000000119e+02 1.494390000000000107e+00 6.937369999999999592e+00
7.500000000000000000e+02 1.205539861118739964e+01 1.330274699999999939e+02 1.501200000000000090e+00 6.941169999999999618e+00
7.510000000000000000e+02 1.187234608945800041e+01 1.334050100000000043e+02 1.508010000000000073e+00 6.944980000000000153e+00
7.520000000000000000e+02 1.168929356772870065e+01 1.337825499999999863e+02 1.514820000000000055e+00 6.948780000000000179e+00
7.530000000000000000e+02 1.150624104599929964e+01 1.341600799999999936e+02 1.522790000000000088e+00 6.952720000000000233e+00
7.540000000000000000e+02 1.132318852426999989e+01 1.345376200000000040e+02 1.531300000000000106e+00 6.956730000000000302e+00
7.550000000000000000e+02 1.114013600254060066e+01 1.349151599999999860e+02 1.539809999999999901e+00 6.960729999999999862e+00
7.560000000000000000e+02 1.095815474629110042e+01 1.352936400000000106e+02 1.548319999999999919e+00 6.964739999999999931e+00
7.570000000000000000e+02 1.078165705957709974e+01 1.356768899999999860e+02 1.555670000000000108e+00 6.967920000000000336e+00
7.580000000000000000e+02 1.060515937286320032e+01 1.360601399999999899e+02 1.562470000000000026e+00 6.970720000000000027e+00
7.590000000000000000e+02 1.042866168614929911e+01 1.364433899999999937e+02 1.569280000000000008e+00 6.973530000000000229e+00
7.600000000000000000e+02 1.025216399943539969e+01 1.368266399999999976e+02 1.576089999999999991e+00 6.976329999999999920e+00
7.610000000000000000e+02 1.007566631272150026e+01 1.372099000000000046e+02 1.582899999999999974e+00 6.979140000000000121e+00
7.620000000000000000e+02 9.899168626007600835e+00 1.375931500000000085e+02 1.591059999999999919e+00 6.981900000000000439e+00
7.630000000000000000e+02 9.722670939293669434e+00 1.379764000000000124e+02 1.599820000000000020e+00 6.984659999999999869e+00
7.640000000000000000e+02 9.546173252579770008e+00 1.383596499999999878e+02 1.608579999999999899e+00 6.987409999999999677e+00
7.650000000000000000e+02 9.369675565865870581e+00 1.387428999999999917e+02 1.617340000000000000e+00 6.990169999999999995e+00
7.660000000000000000e+02 9.185334627818040332e+00 1.391278900000000078e+02 1.624740000000000073e+00 6.992119999999999891e+00
7.670000000000000000e+02 8.999535126905689353e+00 1.395132000000000119e+02 1.631550000000000056e+00 6.993719999999999715e+00
7.680000000000000000e+02 8.813735625993329492e+00 1.398985199999999907e+02 1.638360000000000039e+00 6.995320000000000427e+00
7.690000000000000000e+02 8.627936125080950092e+00 1.402838299999999947e+02 1.645170000000000021e+00 6.996920000000000250e+00
7.700000000000000000e+02 8.442136624168590231e+00 1.406691399999999987e+02 1.651980000000000004e+00 6.998520000000000074e+00
7.710000000000000000e+02 8.256337123256230370e+00 1.410544500000000028e+02 1.658930000000000016e+00 6.999699999999999811e+00
7.720000000000000000e+02 8.070537622343849193e+00 1.414397600000000068e+02 1.665939999999999976e+00 7.000709999999999766e+00
7.730000000000000000e+02 7.884738121431490221e+00 1.418250700000000109e+02 1.672949999999999937e+00 7.001710000000000100e+00
7.740000000000000000e+02 7.698938620519130360e+00 1.422103899999999896e+02 1.679959999999999898e+00 7.002710000000000434e+00
7.750000000000000000e+02 7.513492413164869710e+00 1.426055499999999938e+02 1.686970000000000081e+00 7.003709999999999880e+00
7.760000000000000000e+02 7.328911640321810417e+00 1.430248300000000086e+02 1.693689999999999918e+00 7.004279999999999617e+00
7.770000000000000000e+02 7.144330867478760005e+00 1.434441199999999981e+02 1.700299999999999923e+00 7.004679999999999573e+00
7.780000000000000000e+02 6.959750094635690054e+00 1.438634099999999876e+02 1.706909999999999927e+00 7.005090000000000039e+00
7.790000000000000000e+02 6.775169321792639643e+00 1.442827000000000055e+02 1.713519999999999932e+00 7.005489999999999995e+00
7.800000000000000000e+02 6.590588548949580350e+00 1.447019899999999950e+02 1.720120000000000093e+00 7.005889999999999951e+00
7.810000000000000000e+02 6.406007776106510399e+00 1.451212800000000129e+02 1.726590000000000069e+00 7.005709999999999660e+00
7.820000000000000000e+02 6.221427003263459987e+00 1.455405599999999993e+02 1.733000000000000096e+00 7.005309999999999704e+00
7.830000000000000000e+02 6.036846230420399806e+00 1.459598499999999888e+02 1.739409999999999901e+00 7.004909999999999748e+00
7.840000000000000000e+02 5.852265457577329855e+00 1.463791400000000067e+02 1.745810000000000084e+00 7.004509999999999792e+00
7.850000000000000000e+02 5.670902230551829959e+00 1.468278599999999869e+02 1.752220000000000111e+00 7.004109999999999836e+00
7.860000000000000000e+02 5.492825263690630067e+00 1.473066499999999905e+02 1.758490000000000109e+00 7.003280000000000172e+00
7.870000000000000000e+02 5.314748296829420404e+00 1.477854399999999941e+02 1.764690000000000092e+00 7.002279999999999838e+00
7.880000000000000000e+02 5.136671329968230282e+00 1.482642299999999977e+02 1.770899999999999919e+00 7.001269999999999882e+00
7.890000000000000000e+02 4.958594363107040159e+00 1.487430099999999982e+02 1.777109999999999967e+00 7.000270000000000437e+00
7.900000000000000000e+02 4.780517396245829609e+00 1.492218000000000018e+02 1.783320000000000016e+00 6.999270000000000103e+00
7.910000000000000000e+02 4.602440429384640375e+00 1.497005900000000054e+02 1.789090000000000069e+00 6.997539999999999871e+00
7.920000000000000000e+02 4.424363462523450252e+00 1.501793700000000058e+02 1.794699999999999962e+00 6.995540000000000092e+00
7.930000000000000000e+02 4.246286495662239702e+00 1.506581600000000094e+02 1.800300000000000011e+00 6.993529999999999802e+00
7.940000000000000000e+02 4.068209528801049579e+00 1.511369500000000130e+02 1.805909999999999904e+00 6.991530000000000022e+00
7.950000000000000000e+02 3.893069000796539836e+00 1.517358299999999929e+02 1.811520000000000019e+00 6.989530000000000243e+00
7.960000000000000000e+02 3.721539284450320118e+00 1.524823900000000094e+02 1.816680000000000073e+00 6.987090000000000245e+00
7.970000000000000000e+02 3.550009568104119939e+00 1.532289600000000007e+02 1.821690000000000031e+00 6.984479999999999578e+00
7.980000000000000000e+02 3.378479851757920205e+00 1.539755199999999888e+02 1.826699999999999990e+00 6.981880000000000308e+00
7.990000000000000000e+02 3.206950135411700042e+00 1.547220800000000054e+02 1.831700000000000106e+00 6.979280000000000150e+00
8.000000000000000000e+02 3.035420419065499864e+00 1.554686399999999935e+02 1.836710000000000065e+00 6.976670000000000371e+00
8.010000000000000000e+02 2.863890702719300130e+00 1.562152000000000100e+02 1.841120000000000090e+00 6.973469999999999835e+00
8.020000000000000000e+02 2.692360986373079967e+00 1.569617599999999982e+02 1.845329999999999915e+00 6.970069999999999766e+00
8.030000000000000000e+02 2.520831270026879789e+00 1.577083299999999895e+02 1.849529999999999896e+00 6.966669999999999696e+00
8.040000000000000000e+02 2.349301553680680055e+00 1.584548900000000060e+02 1.853739999999999943e+00 6.963260000000000005e+00
8.050000000000000000e+02 2.179621648282529911e+00 1.597240899999999897e+02 1.857939999999999925e+00 6.959859999999999935e+00
8.060000000000000000e+02 2.021188160139689938e+00 1.641708099999999888e+02 1.861399999999999944e+00 6.956000000000000405e+00
8.070000000000000000e+02 1.862754671996849964e+00 1.686175399999999911e+02 1.864600000000000035e+00 6.951999999999999957e+00
8.080000000000000000e+02 1.704321183853990007e+00 1.730642599999999902e+02 1.867809999999999970e+00 6.947989999999999888e+00
8.090000000000000000e+02 1.545887695711150034e+00 1.775109899999999925e+02 1.871010000000000062e+00 6.943990000000000329e+00
8.100000000000000000e+02 1.387454207568290077e+00 1.819577099999999916e+02 1.874209999999999932e+00 6.939980000000000260e+00
8.110000000000000000e+02 1.229020719425450103e+00 1.864044399999999939e+02 1.876390000000000002e+00 6.935979999999999812e+00
8.120000000000000000e+02 1.070587231282609908e+00 1.908511699999999962e+02 1.878220000000000001e+00 6.931969999999999743e+00
8.130000000000000000e+02 9.121537431397559459e-01 1.952978899999999953e+02 1.880060000000000064e+00 6.927970000000000184e+00
8.140000000000000000e+02 7.537202549969159726e-01 1.997446199999999976e+02 1.881890000000000063e+00 6.923960000000000115e+00
8.150000000000000000e+02 5.952867668540769985e-01 2.041913399999999967e+02 1.883729999999999905e+00 6.919959999999999667e+00
8.160000000000000000e+02 5.674990385870479770e-01 2.117171299999999974e+02 1.885559999999999903e+00 6.915949999999999598e+00
8.170000000000000000e+02 6.412520307652109786e-01 2.216360300000000052e+02 1.886609999999999898e+00 6.911179999999999879e+00
8.180000000000000000e+02 7.150050229433739801e-01 2.315549300000000130e+02 1.887410000000000032e+00 6.906179999999999986e+00
8.190000000000000000e+02 7.887580151215449753e-01 2.414738399999999956e+02 1.888209999999999944e+00 6.901169999999999582e+00
8.200000000000000000e+02 8.625110072997079769e-01 2.513927400000000034e+02 1.889010000000000078e+00 6.896160000000000068e+00
8.210000000000000000e+02 9.362639994778709784e-01 2.613116400000000112e+02 1.889809999999999990e+00 6.891160000000000174e+00
8.220000000000000000e+02 1.010016991656039975e+00 2.712305400000000191e+02 1.889610000000000012e+00 6.886529999999999596e+00
8.230000000000000000e+02 1.083769983834210082e+00 2.811494500000000016e+02 1.889110000000000067e+00 6.882030000000000314e+00
8.240000000000000000e+02 1.157522976012369975e+00 2.910683500000000095e+02 1.888609999999999900e+00 6.877519999999999634e+00
8.250000000000000000e+02 1.231275968190540082e+00 3.009872500000000173e+02 1.888109999999999955e+00 6.873020000000000351e+00
8.260000000000000000e+02 1.305028960368699975e+00 3.109061599999999999e+02 1.887610000000000010e+00 6.868509999999999671e+00
8.270000000000000000e+02 1.433566957830129995e+00 3.147015099999999848e+02 1.887110000000000065e+00 6.864010000000000389e+00
8.280000000000000000e+02 1.585350187714789971e+00 3.158986600000000067e+02 1.885129999999999972e+00 6.858799999999999564e+00
8.290000000000000000e+02 1.737133417599429963e+00 3.170957999999999970e+02 1.882730000000000015e+00 6.853390000000000093e+00
8.300000000000000000e+02 1.888916647484069955e+00 3.182929399999999873e+02 1.880330000000000057e+00 6.847990000000000244e+00
8.310000000000000000e+02 2.040699877368730153e+00 3.194900799999999776e+02 1.877920000000000034e+00 6.842579999999999885e+00
8.320000000000000000e+02 2.192483107253369923e+00 3.206872200000000248e+02 1.875520000000000076e+00 6.837170000000000414e+00
8.330000000000000000e+02 2.344266337138010137e+00 3.218843699999999899e+02 1.872519999999999962e+00 6.832729999999999748e+00
8.340000000000000000e+02 2.496049567022660121e+00 3.230815099999999802e+02 1.869350000000000067e+00 6.828560000000000407e+00
8.350000000000000000e+02 2.647832796907299890e+00 3.242786500000000274e+02 1.866179999999999950e+00 6.824390000000000178e+00
8.360000000000000000e+02 2.799616026791949874e+00 3.254757900000000177e+02 1.862999999999999989e+00 6.820219999999999949e+00
8.370000000000000000e+02 2.951399256676599858e+00 3.266729300000000080e+02 1.859830000000000094e+00 6.816040000000000099e+00
8.380000000000000000e+02 3.100772426173529883e+00 3.274897500000000150e+02 1.856659999999999977e+00 6.811869999999999870e+00
8.390000000000000000e+02 3.248158014619610068e+00 3.279929000000000201e+02 1.852300000000000058e+00 6.807959999999999567e+00
8.400000000000000000e+02 3.395543603065700022e+00 3.284960500000000252e+02 1.847630000000000106e+00 6.804129999999999789e+00
8.410000000000000000e+02 3.542929191511780207e+00 3.289991999999999734e+02 1.842959999999999932e+00 6.800290000000000390e+00
8.420000000000000000e+02 3.690314779957859948e+00 3.295023600000000101e+02 1.838289999999999980e+00 6.796450000000000102e+00
8.430000000000000000e+02 3.837700368403949902e+00 3.300055100000000152e+02 1.833609999999999962e+00 6.792609999999999815e+00
8.440000000000000000e+02 3.985085956850030087e+00 3.305086600000000203e+02 1.828940000000000010e+00 6.788770000000000415e+00
8.450000000000000000e+02 4.132471545296099613e+00 3.310118200000000002e+02 1.822400000000000020e+00 6.785120000000000040e+00
8.460000000000000000e+02 4.279857133742200226e+00 3.315149700000000053e+02 1.815390000000000059e+00 6.781520000000000437e+00
8.470000000000000000e+02 4.427242722188280410e+00 3.320181200000000104e+02 1.808380000000000098e+00 6.777910000000000323e+00
8.480000000000000000e+02 4.574628310634349937e+00 3.325212700000000154e+02 1.801369999999999916e+00 6.774309999999999832e+00
8.490000000000000000e+02 4.720987529385509696e+00 3.330056599999999776e+02 1.794370000000000021e+00 6.770699999999999719e+00
8.500000000000000000e+02 4.856749230131430117e+00 3.332962899999999991e+02 1.787360000000000060e+00 6.768250000000000099e+00
8.510000000000000000e+02 4.992510930877349651e+00 3.335869200000000205e+02 1.780350000000000099e+00 6.766079999999999650e+00
8.520000000000000000e+02 5.128272631623289612e+00 3.338775400000000104e+02 1.773339999999999916e+00 6.763910000000000089e+00
8.530000000000000000e+02 5.264034332369219804e+00 3.341681699999999751e+02 1.766329999999999956e+00 6.761739999999999640e+00
8.540000000000000000e+02 5.399796033115140226e+00 3.344587999999999965e+02 1.759319999999999995e+00 6.759579999999999700e+00
8.550000000000000000e+02 5.535557733861080187e+00 3.347494199999999864e+02 1.752310000000000034e+00 6.757410000000000139e+00
8.560000000000000000e+02 5.671319434606999721e+00 3.350400500000000079e+02 1.744490000000000096e+00 6.756319999999999659e+00
8.570000000000000000e+02 5.807081135352929913e+00 3.353306799999999726e+02 1.736480000000000024e+00 6.755489999999999995e+00
8.580000000000000000e+02 5.942842836098869874e+00 3.356213000000000193e+02 1.728469999999999951e+00 6.754649999999999821e+00
8.590000000000000000e+02 6.078604536844790296e+00 3.359119299999999839e+02 1.720460000000000100e+00 6.753820000000000157e+00
8.600000000000000000e+02 6.214366237590709829e+00 3.362025600000000054e+02 1.712450000000000028e+00 6.752979999999999983e+00
8.610000000000000000e+02 6.348614800894270438e+00 3.364797500000000241e+02 1.704439999999999955e+00 6.752150000000000318e+00
8.620000000000000000e+02 6.479500257495550031e+00 3.367270700000000261e+02 1.695740000000000025e+00 6.752410000000000245e+00
8.630000000000000000e+02 6.610385714096829624e+00 3.369743799999999965e+02 1.686900000000000066e+00 6.752909999999999968e+00
8.640000000000000000e+02 6.741271170698129644e+00 3.372216999999999985e+02 1.678050000000000042e+00 6.753409999999999691e+00
8.650000000000000000e+02 6.872156627299410125e+00 3.374690200000000004e+02 1.669210000000000083e+00 6.753910000000000302e+00
8.660000000000000000e+02 7.003042083900689718e+00 3.377163400000000024e+02 1.660360000000000058e+00 6.754410000000000025e+00
8.670000000000000000e+02 7.133927540501989739e+00 3.379636600000000044e+02 1.651520000000000099e+00 6.754909999999999748e+00
8.680000000000000000e+02 7.264812997103270220e+00 3.382109800000000064e+02 1.642400000000000082e+00 6.756660000000000110e+00
8.690000000000000000e+02 7.395698453704549813e+00 3.384583000000000084e+02 1.633219999999999894e+00 6.758659999999999890e+00
8.700000000000000000e+02 7.526583910305840064e+00 3.387056200000000104e+02 1.624039999999999928e+00 6.760659999999999670e+00
8.710000000000000000e+02 7.657469366907119657e+00 3.389529400000000123e+02 1.614859999999999962e+00 6.762669999999999959e+00
8.720000000000000000e+02 7.788354823508400138e+00 3.392002600000000143e+02 1.605679999999999996e+00 6.764669999999999739e+00
8.730000000000000000e+02 7.909063293280330420e+00 3.394206899999999791e+02 1.596500000000000030e+00 6.766670000000000407e+00
8.740000000000000000e+02 7.989186350912619972e+00 3.395338899999999853e+02 1.587050000000000072e+00 6.769790000000000418e+00
8.750000000000000000e+02 8.069309408544910411e+00 3.396470899999999915e+02 1.577530000000000099e+00 6.773130000000000095e+00
8.760000000000000000e+02 8.149432466177200851e+00 3.397602899999999977e+02 1.568019999999999969e+00 6.776469999999999771e+00
8.770000000000000000e+02 8.229555523809489515e+00 3.398734900000000039e+02 1.558510000000000062e+00 6.779799999999999827e+00
8.780000000000000000e+02 8.309678581441769296e+00 3.399866900000000101e+02 1.548999999999999932e+00 6.783140000000000391e+00
8.790000000000000000e+02 8.389801639074070394e+00 3.400998900000000162e+02 1.539490000000000025e+00 6.786480000000000068e+00
8.800000000000000000e+02 8.469924696706350176e+00 3.402130900000000224e+02 1.531239999999999934e+00 6.790499999999999758e+00
8.810000000000000000e+02 8.550047754338640615e+00 3.403262899999999718e+02 1.523230000000000084e+00 6.794649999999999856e+00
8.820000000000000000e+02 8.630170811970929279e+00 3.404394899999999780e+02 1.515220000000000011e+00 6.798799999999999955e+00
8.830000000000000000e+02 8.710293869603219719e+00 3.405526899999999841e+02 1.507209999999999939e+00 6.802950000000000053e+00
8.840000000000000000e+02 8.790416927235510158e+00 3.406658899999999903e+02 1.499200000000000088e+00 6.807089999999999641e+00
8.850000000000000000e+02 8.870539984867800598e+00 3.407790899999999965e+02 1.491190000000000015e+00 6.811239999999999739e+00
8.860000000000000000e+02 8.969142877886689291e+00 3.409150200000000268e+02 1.483179999999999943e+00 6.815389999999999837e+00
8.870000000000000000e+02 9.074082988985789910e+00 3.410587400000000002e+02 1.474460000000000104e+00 6.821119999999999628e+00
8.880000000000000000e+02 9.179023100084869213e+00 3.412024499999999989e+02 1.465610000000000079e+00 6.827130000000000365e+00
8.890000000000000000e+02 9.283963211183950293e+00 3.413461699999999723e+02 1.456769999999999898e+00 6.833140000000000214e+00
8.900000000000000000e+02 9.388903322283049135e+00 3.414898900000000026e+02 1.447920000000000096e+00 6.839150000000000063e+00
8.910000000000000000e+02 9.493843433382130215e+00 3.416336000000000013e+02 1.439079999999999915e+00 6.845159999999999911e+00
8.920000000000000000e+02 9.598783544481209518e+00 3.417773199999999747e+02 1.430229999999999890e+00 6.851160000000000139e+00
8.930000000000000000e+02 9.703723655580310137e+00 3.419210400000000050e+02 1.422719999999999985e+00 6.857169999999999987e+00
8.940000000000000000e+02 9.808663766679389440e+00 3.420647599999999784e+02 1.415429999999999966e+00 6.863179999999999836e+00
8.950000000000000000e+02 9.913603877778479401e+00 3.422084699999999771e+02 1.408130000000000104e+00 6.869189999999999685e+00
8.960000000000000000e+02 1.001854398887759956e+01 3.423521900000000073e+02 1.400840000000000085e+00 6.875189999999999912e+00
8.970000000000000000e+02 1.012348409997670018e+01 3.424959099999999808e+02 1.393540000000000001e+00 6.881199999999999761e+00
8.980000000000000000e+02 1.022842421107569955e+01 3.426396199999999794e+02 1.386249999999999982e+00 6.887209999999999610e+00
8.990000000000000000e+02 1.025899513652669981e+01 3.426338999999999828e+02 1.378949999999999898e+00 6.893220000000000347e+00
9.000000000000000000e+02 1.028377949416350035e+01 3.426165399999999863e+02 1.371180000000000065e+00 6.900970000000000049e+00
9.010000000000000000e+02 1.030856385180030088e+01 3.425991799999999898e+02 1.363339999999999996e+00 6.908979999999999677e+00
9.020000000000000000e+02 1.033334820943709964e+01 3.425818300000000249e+02 1.355490000000000084e+00 6.916990000000000194e+00
9.030000000000000000e+02 1.035813256707390018e+01 3.425644699999999716e+02 1.347650000000000015e+00 6.924999999999999822e+00
9.040000000000000000e+02 1.038291692471070071e+01 3.425471099999999751e+02 1.339800000000000102e+00 6.933010000000000339e+00
9.050000000000000000e+02 1.040770128234760072e+01 3.425297600000000102e+02 1.331960000000000033e+00 6.941019999999999968e+00
9.060000000000000000e+02 1.043248563998439948e+01 3.425124000000000137e+02 1.325599999999999890e+00 6.948529999999999873e+00
9.070000000000000000e+02 1.045726999762120002e+01 3.424950400000000172e+02 1.319450000000000012e+00 6.955960000000000143e+00
9.080000000000000000e+02 1.048205435525800056e+01 3.424776899999999955e+02 1.313299999999999912e+00 6.963400000000000034e+00
9.090000000000000000e+02 1.050683871289479931e+01 3.424603299999999990e+02 1.307150000000000034e+00 6.970839999999999925e+00
9.100000000000000000e+02 1.053162307053159985e+01 3.424429700000000025e+02 1.300999999999999934e+00 6.978279999999999816e+00
9.110000000000000000e+02 1.055640742816849986e+01 3.424256199999999808e+02 1.294850000000000056e+00 6.985719999999999708e+00
9.120000000000000000e+02 1.060367722951390057e+01 3.425844700000000103e+02 1.288699999999999957e+00 6.993159999999999599e+00
9.130000000000000000e+02 1.065909559331499956e+01 3.428071699999999851e+02 1.282929999999999904e+00 7.000849999999999795e+00
9.140000000000000000e+02 1.071451395711610033e+01 3.430298700000000167e+02 1.277209999999999956e+00 7.008569999999999744e+00
9.150000000000000000e+02 1.076993232091719932e+01 3.432525800000000231e+02 1.271479999999999944e+00 7.016300000000000203e+00
9.160000000000000000e+02 1.082535068471820061e+01 3.434752799999999979e+02 1.265759999999999996e+00 7.024020000000000152e+00
9.170000000000000000e+02 1.088076904851929960e+01 3.436979799999999727e+02 1.260040000000000049e+00 7.031740000000000101e+00
9.180000000000000000e+02 1.093618741232040037e+01 3.439206899999999791e+02 1.254320000000000102e+00 7.039469999999999672e+00
9.190000000000000000e+02 1.099160577612149936e+01 3.441433900000000108e+02 1.248599999999999932e+00 7.047189999999999621e+00
9.200000000000000000e+02 1.104702413992250065e+01 3.443661000000000172e+02 1.242769999999999930e+00 7.056519999999999904e+00
9.210000000000000000e+02 1.110244250372359964e+01 3.445887999999999920e+02 1.236930000000000085e+00 7.066029999999999589e+00
9.220000000000000000e+02 1.115786086752470041e+01 3.448115000000000236e+02 1.231090000000000018e+00 7.075540000000000163e+00
9.230000000000000000e+02 1.121327923132579940e+01 3.450342099999999732e+02 1.225249999999999950e+00 7.085049999999999848e+00
9.240000000000000000e+02 1.126869759512680069e+01 3.452569100000000049e+02 1.219410000000000105e+00 7.094570000000000043e+00
9.250000000000000000e+02 1.131890816567680069e+01 3.454644599999999741e+02 1.213570000000000038e+00 7.104079999999999728e+00
9.260000000000000000e+02 1.133876605122089920e+01 3.455836800000000153e+02 1.208739999999999926e+00 7.112490000000000201e+00
9.270000000000000000e+02 1.135862393676499948e+01 3.457028999999999996e+02 1.204020000000000090e+00 7.120790000000000397e+00
9.280000000000000000e+02 1.137848182230909977e+01 3.458221199999999840e+02 1.199300000000000033e+00 7.129089999999999705e+00
9.290000000000000000e+02 1.139833970785310058e+01 3.459413299999999936e+02 1.194579999999999975e+00 7.137380000000000280e+00
9.300000000000000000e+02 1.141819759339720086e+01 3.460605499999999779e+02 1.189850000000000074e+00 7.145679999999999588e+00
9.310000000000000000e+02 1.143805547894129937e+01 3.461797700000000191e+02 1.185130000000000017e+00 7.153979999999999784e+00
9.320000000000000000e+02 1.145791336448539965e+01 3.462989900000000034e+02 1.180409999999999959e+00 7.162270000000000358e+00
9.330000000000000000e+02 1.147777125002949994e+01 3.464182099999999878e+02 1.176220000000000043e+00 7.170569999999999666e+00
9.340000000000000000e+02 1.149762913557360022e+01 3.465374299999999721e+02 1.172069999999999945e+00 7.178860000000000241e+00
9.350000000000000000e+02 1.151748702111770051e+01 3.466566500000000133e+02 1.167920000000000069e+00 7.187160000000000437e+00
9.360000000000000000e+02 1.153734490666169954e+01 3.467758699999999976e+02 1.163769999999999971e+00 7.195459999999999745e+00
9.370000000000000000e+02 1.155720279220579982e+01 3.468950800000000072e+02 1.159620000000000095e+00 7.203750000000000320e+00
9.380000000000000000e+02 1.157706067774990011e+01 3.470142999999999915e+02 1.155469999999999997e+00 7.212049999999999628e+00
9.390000000000000000e+02 1.158632039405300063e+01 3.471385000000000218e+02 1.151329999999999965e+00 7.220349999999999824e+00
9.400000000000000000e+02 1.153406840546909962e+01 3.472915800000000104e+02 1.147769999999999957e+00 7.227689999999999948e+00
9.410000000000000000e+02 1.148181641688520038e+01 3.474446699999999737e+02 1.144269999999999898e+00 7.234950000000000436e+00
9.420000000000000000e+02 1.142956442830129937e+01 3.475977500000000191e+02 1.140759999999999996e+00 7.242210000000000036e+00
9.430000000000000000e+02 1.137731243971740014e+01 3.477508300000000077e+02 1.137259999999999938e+00 7.249469999999999636e+00
9.440000000000000000e+02 1.132506045113349913e+01 3.479039099999999962e+02 1.133750000000000036e+00 7.256730000000000125e+00
9.450000000000000000e+02 1.127280846254959989e+01 3.480570000000000164e+02 1.130249999999999977e+00 7.263980000000000103e+00
9.460000000000000000e+02 1.122055647396570066e+01 3.482100800000000049e+02 1.126740000000000075e+00 7.271239999999999704e+00
9.470000000000000000e+02 1.116830448538179965e+01 3.483631599999999935e+02 1.123240000000000016e+00 7.278500000000000192e+00
9.480000000000000000e+02 1.111605249679790042e+01 3.485162500000000136e+02 1.119539999999999980e+00 7.286859999999999893e+00
9.490000000000000000e+02 1.106380050821399941e+01 3.486693300000000022e+02 1.115820000000000034e+00 7.295300000000000118e+00
9.500000000000000000e+02 1.101154851963010017e+01 3.488224099999999908e+02 1.112100000000000088e+00 7.303740000000000343e+00
9.510000000000000000e+02 1.095929653104619916e+01 3.489755000000000109e+02 1.108379999999999921e+00 7.312179999999999680e+00
9.520000000000000000e+02 1.090704454246229993e+01 3.491285799999999995e+02 1.104659999999999975e+00 7.320619999999999905e+00
9.530000000000000000e+02 1.085479255387840070e+01 3.492816599999999880e+02 1.100940000000000030e+00 7.329060000000000130e+00
9.540000000000000000e+02 1.079962930775550056e+01 3.494471199999999840e+02 1.097220000000000084e+00 7.337500000000000355e+00
9.550000000000000000e+02 1.074331641977759944e+01 3.496174700000000257e+02 1.093639999999999946e+00 7.345799999999999663e+00
9.560000000000000000e+02 1.068700353179970008e+01 3.497878200000000106e+02 1.090060000000000029e+00 7.354099999999999859e+00
9.570000000000000000e+02 1.063069064382180073e+01 3.499581699999999955e+02 1.086479999999999890e+00 7.362400000000000055e+00
9.580000000000000000e+02 1.057437775584400086e+01 3.501285199999999804e+02 1.082910000000000039e+00 7.370689999999999742e+00
9.590000000000000000e+02 1.051806486786609973e+01 3.502988700000000222e+02 1.079329999999999901e+00 7.378989999999999938e+00
9.600000000000000000e+02 1.046175197988820038e+01 3.504692200000000071e+02 1.075760000000000050e+00 7.387290000000000134e+00
9.610000000000000000e+02 1.040543909191040051e+01 3.506395699999999920e+02 1.072179999999999911e+00 7.395579999999999821e+00
9.620000000000000000e+02 1.034912620393249938e+01 3.508099199999999769e+02 1.069029999999999925e+00 7.403010000000000090e+00
9.630000000000000000e+02 1.029281331595460003e+01 3.509802700000000186e+02 1.065900000000000070e+00 7.410400000000000098e+00
9.640000000000000000e+02 1.023650042797680015e+01 3.511506200000000035e+02 1.062769999999999992e+00 7.417779999999999596e+00
9.650000000000000000e+02 1.018018753999890080e+01 3.513209699999999884e+02 1.059639999999999915e+00 7.425169999999999604e+00
9.660000000000000000e+02 1.012387465202099968e+01 3.514913199999999733e+02 1.056510000000000060e+00 7.432549999999999990e+00
9.670000000000000000e+02 1.006756176404310033e+01 3.516616700000000151e+02 1.053379999999999983e+00 7.439939999999999998e+00
9.680000000000000000e+02 1.001124887606530045e+01 3.518320200000000000e+02 1.050249999999999906e+00 7.447320000000000384e+00
9.690000000000000000e+02 9.913979388538079363e+00 3.521636399999999867e+02 1.047129999999999894e+00 7.454699999999999882e+00
9.700000000000000000e+02 9.808661234994259459e+00 3.525269400000000246e+02 1.043430000000000080e+00 7.463099999999999845e+00
9.710000000000000000e+02 9.703343081450450214e+00 3.528902499999999804e+02 1.039709999999999912e+00 7.471540000000000070e+00
9.720000000000000000e+02 9.598024927906630310e+00 3.532535500000000184e+02 1.035989999999999966e+00 7.479980000000000295e+00
9.730000000000000000e+02 9.492706774362810407e+00 3.536168599999999742e+02 1.032270000000000021e+00 7.488419999999999632e+00
9.740000000000000000e+02 9.387388620818990503e+00 3.539801600000000121e+02 1.028550000000000075e+00 7.496859999999999857e+00
9.750000000000000000e+02 9.282070467275179482e+00 3.543434700000000248e+02 1.024829999999999908e+00 7.505300000000000082e+00
9.760000000000000000e+02 9.176752313731350696e+00 3.547067700000000059e+02 1.021120000000000028e+00 7.513740000000000308e+00
9.770000000000000000e+02 9.071434160187539675e+00 3.550700800000000186e+02 1.017970000000000041e+00 7.521160000000000068e+00
9.780000000000000000e+02 8.966116006643730429e+00 3.554333799999999997e+02 1.014839999999999964e+00 7.528539999999999566e+00
9.790000000000000000e+02 8.860797853099899868e+00 3.557966900000000123e+02 1.011710000000000109e+00 7.535919999999999952e+00
9.800000000000000000e+02 8.755479699556090623e+00 3.561599899999999934e+02 1.008580000000000032e+00 7.543309999999999960e+00
9.810000000000000000e+02 8.650161546012270719e+00 3.565233000000000061e+02 1.005449999999999955e+00 7.550690000000000346e+00
9.820000000000000000e+02 8.544843392468450816e+00 3.568865999999999872e+02 1.002320000000000100e+00 7.558080000000000354e+00
9.830000000000000000e+02 8.439525238924629136e+00 3.572499099999999999e+02 9.991900000000000226e-01 7.565459999999999852e+00
9.840000000000000000e+02 8.362755567820000735e+00 3.466568399999999883e+02 9.960599999999999454e-01 7.572849999999999859e+00
9.850000000000000000e+02 8.316632155895449685e+00 3.243023200000000088e+02 9.929400000000000448e-01 7.580350000000000144e+00
9.860000000000000000e+02 8.270508743970909293e+00 3.019477999999999724e+02 9.898099999999999676e-01 7.587860000000000049e+00
9.870000000000000000e+02 8.224385332046370678e+00 2.795932799999999929e+02 9.866800000000000015e-01 7.595369999999999955e+00
9.880000000000000000e+02 8.178261920121830286e+00 2.572387600000000134e+02 9.835500000000000353e-01 7.602879999999999860e+00
9.890000000000000000e+02 8.132138508197289894e+00 2.348842300000000023e+02 9.804199999999999582e-01 7.610389999999999766e+00
9.900000000000000000e+02 8.086015096272749503e+00 2.125297099999999944e+02 9.772899999999999920e-01 7.617899999999999672e+00
9.910000000000000000e+02 8.039891684348200229e+00 1.901751899999999864e+02 9.741600000000000259e-01 7.625409999999999577e+00
9.920000000000000000e+02 7.993768272423669607e+00 1.678206700000000069e+02 9.710299999999999487e-01 7.632920000000000371e+00
9.930000000000000000e+02 7.947644860499120334e+00 1.454661399999999958e+02 9.677799999999999736e-01 7.640430000000000277e+00
9.940000000000000000e+02 7.901521448574579942e+00 1.231116200000000021e+02 9.645299999999999985e-01 7.647940000000000182e+00
9.950000000000000000e+02 7.855398036650040439e+00 1.007570999999999941e+02 9.612699999999999578e-01 7.655450000000000088e+00
9.970000000000000000e+02 7.809274624725500047e+00 7.840258000000000038e+01 9.580199999999999827e-01 7.662959999999999994e+00
9.980000000000000000e+02 7.763151212800959655e+00 5.604805000000000348e+01 9.547600000000000531e-01 7.670469999999999899e+00
9.990000000000000000e+02 7.717027800876420152e+00 3.369353000000000264e+01 9.515099999999999669e-01 7.677979999999999805e+00
1.000000000000000000e+03 7.670904388951879760e+00 1.133901000000000003e+01 9.482500000000000373e-01 7.685489999999999711e+00
1.001000000000000000e+03 7.595946579273830324e+00 3.409790000000000099e+00 9.449999999999999512e-01 7.692999999999999616e+00
