2.600000000000000000e+02 2.799899999999999878e+01 2.748340000000000032e+02
2.610000000000000000e+02 2.853478182173419953e+01 2.755155700000000252e+02
2.620000000000000000e+02 2.900449132078589898e+01 2.756929000000000087e+02
2.630000000000000000e+02 2.960230543222250077e+01 2.759910399999999981e+02
2.640000000000000000e+02 3.014060569970610004e+01 2.763822799999999802e+02
2.650000000000000000e+02 3.063215816386179924e+01 2.768693700000000035e+02
2.660000000000000000e+02 3.113909412373940100e+01 2.772264499999999998e+02
2.670000000000000000e+02 3.167349627501409870e+01 2.774236300000000028e+02
2.680000000000000000e+02 3.220933093220550347e+01 2.778966500000000224e+02
2.690000000000000000e+02 3.268651585375339863e+01 2.783849900000000162e+02
2.700000000000000000e+02 3.333487580222850255e+01 2.786933700000000158e+02
2.710000000000000000e+02 3.385411291868989991e+01 2.790865600000000200e+02
2.720000000000000000e+02 3.437607259414900085e+01 2.793945600000000127e+02
2.730000000000000000e+02 3.494317273614350228e+01 2.796638800000000060e+02
2.740000000000000000e+02 3.549397138976939914e+01 2.799873099999999795e+02
2.750000000000000000e+02 3.586936355971140244e+01 2.802904100000000085e+02
2.760000000000000000e+02 3.647251856185680197e+01 2.806067300000000273e+02
2.770000000000000000e+02 3.707706129556559915e+01 2.808643500000000017e+02
2.780000000000000000e+02 3.769039898171860159e+01 2.811666099999999915e+02
2.790000000000000000e+02 3.829386945487709681e+01 2.815045099999999820e+02
2.800000000000000000e+02 3.883756679752340091e+01 2.817589300000000208e+02
2.820000000000000000e+02 3.931793718404379945e+01 2.819674200000000042e+02
2.830000000000000000e+02 3.982043092222900071e+01 2.823587600000000180e+02
2.840000000000000000e+02 4.033210377082890119e+01 2.827521199999999908e+02
2.850000000000000000e+02 4.083159858434589751e+01 2.830655699999999797e+02
2.860000000000000000e+02 4.125187401817470345e+01 2.834491699999999810e+02
2.870000000000000000e+02 4.152409445517839970e+01 2.837157199999999762e+02
2.880000000000000000e+02 4.169860959783299847e+01 2.839500300000000266e+02
2.890000000000000000e+02 4.180159464232109912e+01 2.842360699999999838e+02
2.900000000000000000e+02 4.187368605438089730e+01 2.848031399999999849e+02
2.910000000000000000e+02 4.101046692710220043e+01 2.852095499999999788e+02
2.920000000000000000e+02 4.030492055435190224e+01 2.856472099999999728e+02
2.930000000000000000e+02 3.996961867853730155e+01 2.861561100000000124e+02
2.940000000000000000e+02 3.942697295704279981e+01 2.866561199999999872e+02
2.950000000000000000e+02 3.878853866793419769e+01 2.872255599999999731e+02
2.960000000000000000e+02 3.810514002699719782e+01 2.878458099999999718e+02
2.970000000000000000e+02 3.740676795664349896e+01 2.885158200000000193e+02
2.980000000000000000e+02 3.667424642212829866e+01 2.893925199999999904e+02
2.990000000000000000e+02 3.594373494415690118e+01 2.902763800000000174e+02
3.000000000000000000e+02 3.522059616536989779e+01 2.911594400000000178e+02
3.010000000000000000e+02 3.452971300162239743e+01 2.923200899999999933e+02
3.020000000000000000e+02 3.375633442659489702e+01 2.935256299999999783e+02
3.030000000000000000e+02 3.294174656447100347e+01 2.947907000000000153e+02
3.040000000000000000e+02 3.222766598879729827e+01 2.962512800000000084e+02
3.050000000000000000e+02 3.161451044556730139e+01 2.980047099999999887e+02
3.060000000000000000e+02 3.107219823847900031e+01 2.999449900000000184e+02
3.070000000000000000e+02 3.061912323586150109e+01 3.020414499999999975e+02
3.080000000000000000e+02 3.025048538551569877e+01 3.041508499999999913e+02
3.090000000000000000e+02 2.996505649057160170e+01 3.062855500000000006e+02
3.100000000000000000e+02 2.994882210664309952e+01 3.085538199999999733e+02
3.110000000000000000e+02 3.004040456136700143e+01 3.106416300000000206e+02
3.120000000000000000e+02 3.021649457589629861e+01 3.125860599999999749e+02
3.130000000000000000e+02 3.064740347870530002e+01 3.140258200000000102e+02
3.140000000000000000e+02 3.119286783965669940e+01 3.152102600000000052e+02
3.150000000000000000e+02 3.187651528569699977e+01 3.160867099999999823e+02
3.160000000000000000e+02 3.257687875732639782e+01 3.161553799999999796e+02
3.170000000000000000e+02 3.329011923828539921e+01 3.158365800000000263e+02
3.180000000000000000e+02 3.403221843024969928e+01 3.147814700000000130e+02
3.190000000000000000e+02 3.474115324607029720e+01 3.130768600000000106e+02
3.200000000000000000e+02 3.542899676410659993e+01 3.110043800000000260e+02
3.210000000000000000e+02 3.572293965520110248e+01 3.078218100000000277e+02
3.220000000000000000e+02 3.585101514281370072e+01 3.043288299999999822e+02
3.230000000000000000e+02 3.567562467757090161e+01 3.002679099999999721e+02
3.240000000000000000e+02 3.520172087522750104e+01 2.957320700000000215e+02
3.250000000000000000e+02 3.458917390566919892e+01 2.909756499999999733e+02
3.260000000000000000e+02 3.360454097353630232e+01 2.858442600000000198e+02
3.270000000000000000e+02 3.250748198547979939e+01 2.805284700000000271e+02
3.280000000000000000e+02 3.113848001464650039e+01 2.747635799999999904e+02
3.290000000000000000e+02 2.965796654501280116e+01 2.688040799999999990e+02
3.300000000000000000e+02 2.809160823489609982e+01 2.626947599999999738e+02
3.310000000000000000e+02 2.647109130642180119e+01 2.556707700000000045e+02
3.320000000000000000e+02 2.484471855993160005e+01 2.483509899999999959e+02
3.330000000000000000e+02 2.330634793809199934e+01 2.395354199999999878e+02
3.340000000000000000e+02 2.187189392381730002e+01 2.302178499999999985e+02
3.350000000000000000e+02 2.070185026318349841e+01 2.196229800000000125e+02
3.360000000000000000e+02 1.981651500729649840e+01 2.082157100000000014e+02
3.370000000000000000e+02 1.923586475714120070e+01 1.959390199999999993e+02
3.380000000000000000e+02 1.907569421460059900e+01 1.833460200000000100e+02
3.390000000000000000e+02 1.912791288210259921e+01 1.705932400000000086e+02
3.400000000000000000e+02 1.950806305436410071e+01 1.586685899999999947e+02
3.410000000000000000e+02 1.995730307554899952e+01 1.469184099999999944e+02
3.420000000000000000e+02 2.025251928086650111e+01 1.368506800000000112e+02
3.430000000000000000e+02 2.047257434602400039e+01 1.271506899999999973e+02
3.440000000000000000e+02 1.996784723876940149e+01 1.206713400000000007e+02
3.450000000000000000e+02 1.936105637820309866e+01 1.155326900000000023e+02
3.460000000000000000e+02 1.831338645508069973e+01 1.161853299999999933e+02
3.470000000000000000e+02 1.785248036816119921e+01 1.185597900000000067e+02
3.480000000000000000e+02 1.900592470173380022e+01 1.256714099999999945e+02
3.490000000000000000e+02 2.097546148048289893e+01 1.310058799999999906e+02
3.500000000000000000e+02 2.465005009102469913e+01 1.326273799999999881e+02
3.510000000000000000e+02 2.826826207417460068e+01 1.324946700000000135e+02
3.520000000000000000e+02 3.178574858186649976e+01 1.292277799999999957e+02
3.530000000000000000e+02 3.483066481381059987e+01 1.255432100000000020e+02
3.540000000000000000e+02 3.707656705777210249e+01 1.211524000000000001e+02
3.550000000000000000e+02 3.888989702227429746e+01 1.169458900000000057e+02
3.560000000000000000e+02 3.994004325300529956e+01 1.130645300000000049e+02
3.570000000000000000e+02 4.069359023445390022e+01 1.094879899999999964e+02
3.580000000000000000e+02 4.084141296361060114e+01 1.065339699999999965e+02
3.590000000000000000e+02 4.087102557012649839e+01 1.038300700000000063e+02
3.600000000000000000e+02 4.058455372794939819e+01 1.017949600000000032e+02
3.610000000000000000e+02 4.026519681811350182e+01 9.992629999999999768e+01
3.620000000000000000e+02 3.980718511072409882e+01 9.875942000000000576e+01
3.630000000000000000e+02 3.934351155316129933e+01 9.765725000000000477e+01
3.640000000000000000e+02 3.882038773773309970e+01 9.723462000000000671e+01
3.650000000000000000e+02 3.829726392230480059e+01 9.681198999999999444e+01
3.660000000000000000e+02 3.762535452684650039e+01 9.702684000000000708e+01
3.670000000000000000e+02 3.694683140439720148e+01 9.727003000000000554e+01
3.680000000000000000e+02 3.615472285167199828e+01 9.807053000000000509e+01
3.690000000000000000e+02 3.533470622333430100e+01 9.900794999999999391e+01
3.700000000000000000e+02 3.435795175716869920e+01 1.003345099999999945e+02
3.710000000000000000e+02 3.328607345395950290e+01 1.018972299999999933e+02
3.720000000000000000e+02 3.210779252278840090e+01 1.037946599999999933e+02
3.730000000000000000e+02 3.078008329152000044e+01 1.061621499999999969e+02
3.740000000000000000e+02 2.938961517115329869e+01 1.087090599999999938e+02
3.750000000000000000e+02 2.771847375581399930e+01 1.120584300000000013e+02
3.760000000000000000e+02 2.604733234047460044e+01 1.154077900000000056e+02
3.770000000000000000e+02 2.406769631763480177e+01 1.199850500000000011e+02
3.780000000000000000e+02 2.206218268759809931e+01 1.246653100000000052e+02
3.790000000000000000e+02 1.987359777599650101e+01 1.310722100000000125e+02
3.800000000000000000e+02 1.757974437645449939e+01 1.384719599999999957e+02
3.810000000000000000e+02 1.545861349745510083e+01 1.474862899999999968e+02
3.820000000000000000e+02 1.370593651895129916e+01 1.599448399999999992e+02
3.830000000000000000e+02 1.195325954044749928e+01 1.724033900000000017e+02
3.840000000000000000e+02 1.178497342279050031e+01 1.894850000000000136e+02
3.850000000000000000e+02 1.165773372027070032e+01 2.066863700000000108e+02
3.860000000000000000e+02 1.261707581966349956e+01 2.201681600000000003e+02
3.870000000000000000e+02 1.429696728747160073e+01 2.311833799999999997e+02
3.880000000000000000e+02 1.608639164923620157e+01 2.405621299999999962e+02
3.890000000000000000e+02 1.831908027524769977e+01 2.433183699999999874e+02
3.900000000000000000e+02 2.055176890125940048e+01 2.460746100000000069e+02
3.910000000000000000e+02 2.230258225034069852e+01 2.438907199999999875e+02
3.920000000000000000e+02 2.390516592043099919e+01 2.401872099999999932e+02
3.930000000000000000e+02 2.491590399930479904e+01 2.340446599999999933e+02
3.940000000000000000e+02 2.454965967584729825e+01 2.222274700000000109e+02
3.950000000000000000e+02 2.418341535238990048e+01 2.104102800000000002e+02
3.960000000000000000e+02 2.407664740723560115e+01 1.920119699999999909e+02
3.970000000000000000e+02 2.403273148414099936e+01 1.720195400000000063e+02
3.980000000000000000e+02 2.462011587816740033e+01 1.532138600000000110e+02
3.990000000000000000e+02 2.685157236095579947e+01 1.374987500000000011e+02
4.000000000000000000e+02 2.908302884374399966e+01 1.217836400000000054e+02
4.010000000000000000e+02 3.091508231699990006e+01 1.112729199999999992e+02
4.020000000000000000e+02 3.258967619062129728e+01 1.028139599999999945e+02
4.030000000000000000e+02 3.412210624075540011e+01 9.485099999999999909e+01
4.040000000000000000e+02 3.464811810021920024e+01 9.039930999999999983e+01
4.050000000000000000e+02 3.517412995968319933e+01 8.594762000000000057e+01
4.060000000000000000e+02 3.547518228418670105e+01 8.256606999999999630e+01
4.070000000000000000e+02 3.554806341309529927e+01 8.026994000000000540e+01
4.080000000000000000e+02 3.562094454200389748e+01 7.797381000000000029e+01
4.090000000000000000e+02 3.553707821158410241e+01 7.674339000000000510e+01
4.100000000000000000e+02 3.542214502429990119e+01 7.572418999999999301e+01
4.110000000000000000e+02 3.529882421202439957e+01 7.480776000000000181e+01
4.120000000000000000e+02 3.512283157944960266e+01 7.453663000000000238e+01
4.130000000000000000e+02 3.494683894687469916e+01 7.426551000000000613e+01
4.140000000000000000e+02 3.475033333915779821e+01 7.422647000000000617e+01
4.150000000000000000e+02 3.452360359491169817e+01 7.452937000000000012e+01
4.160000000000000000e+02 3.429687385066549865e+01 7.483227999999999724e+01
4.170000000000000000e+02 3.404448933756650320e+01 7.542192000000000007e+01
4.180000000000000000e+02 3.377732538491959957e+01 7.617674999999999841e+01
4.190000000000000000e+02 3.351016143227270305e+01 7.693157999999999674e+01
4.200000000000000000e+02 3.320118949678779785e+01 7.796671999999999514e+01
4.210000000000000000e+02 3.288348500764269744e+01 7.906041000000000452e+01
4.220000000000000000e+02 3.256578051849759703e+01 8.015409999999999968e+01
4.230000000000000000e+02 3.218286127493090021e+01 8.159166999999999348e+01
4.240000000000000000e+02 3.179873348335350158e+01 8.303561999999999443e+01
4.250000000000000000e+02 3.140925477857399883e+01 8.451127999999999929e+01
4.260000000000000000e+02 3.097016048089210116e+01 8.628099000000000274e+01
4.270000000000000000e+02 3.053106618321019994e+01 8.805070999999999515e+01
4.280000000000000000e+02 3.007893964748890170e+01 8.988466999999999985e+01
4.290000000000000000e+02 2.956457870076679839e+01 9.202541999999999689e+01
4.300000000000000000e+02 2.905021775404469864e+01 9.416616999999999393e+01
4.310000000000000000e+02 2.852472312896680151e+01 9.638627999999999929e+01
4.320000000000000000e+02 2.795691287579359852e+01 9.890800000000000125e+01
4.330000000000000000e+02 2.738910262262039907e+01 1.014297100000000000e+02
4.340000000000000000e+02 2.681367062327440109e+01 1.040474799999999931e+02
4.350000000000000000e+02 2.620813222940860143e+01 1.070446699999999964e+02
4.360000000000000000e+02 2.560259383554290125e+01 1.100418499999999966e+02
4.370000000000000000e+02 2.499751432450549871e+01 1.131153000000000048e+02
4.380000000000000000e+02 2.439496557495969853e+01 1.166093000000000046e+02
4.390000000000000000e+02 2.379241682541389835e+01 1.201033099999999934e+02
4.400000000000000000e+02 2.319286777290160018e+01 1.236352700000000056e+02
4.410000000000000000e+02 2.263899583552689876e+01 1.277451499999999953e+02
4.420000000000000000e+02 2.208512389815230037e+01 1.318550199999999961e+02
4.430000000000000000e+02 2.153125196077759895e+01 1.359649000000000001e+02
4.440000000000000000e+02 2.109024859779280092e+01 1.406185099999999863e+02
4.450000000000000000e+02 2.065832808412400112e+01 1.453158899999999960e+02
4.460000000000000000e+02 2.022640757045509829e+01 1.500132600000000025e+02
4.470000000000000000e+02 1.995431247529819885e+01 1.550571300000000008e+02
4.480000000000000000e+02 1.973710144166150116e+01 1.602199999999999989e+02
4.490000000000000000e+02 1.951989040802479991e+01 1.653828699999999969e+02
4.500000000000000000e+02 1.942826591122599922e+01 1.704217899999999872e+02
4.510000000000000000e+02 1.945392016906010113e+01 1.753449699999999893e+02
4.520000000000000000e+02 1.947957442689419949e+01 1.802681399999999883e+02
4.530000000000000000e+02 1.955621739608239906e+01 1.851401999999999930e+02
4.540000000000000000e+02 1.979188028410930045e+01 1.898528599999999926e+02
4.550000000000000000e+02 2.002754317213609880e+01 1.945655099999999891e+02
4.560000000000000000e+02 2.026320606016300019e+01 1.992781699999999887e+02
4.570000000000000000e+02 2.066355305553809885e+01 2.031908699999999897e+02
4.580000000000000000e+02 2.107817163396590132e+01 2.070342499999999859e+02
4.590000000000000000e+02 2.149279021239370024e+01 2.108776300000000106e+02
4.600000000000000000e+02 2.194830011187200114e+01 2.142793800000000033e+02
4.610000000000000000e+02 2.243747298234270104e+01 2.173175699999999892e+02
4.620000000000000000e+02 2.292664585281340095e+01 2.203557600000000036e+02
4.630000000000000000e+02 2.342396257270110027e+01 2.232999299999999891e+02
4.640000000000000000e+02 2.397757789659659977e+01 2.255941400000000101e+02
4.650000000000000000e+02 2.453119322049199980e+01 2.278883399999999995e+02
4.660000000000000000e+02 2.508480854438749930e+01 2.301825499999999920e+02
4.670000000000000000e+02 2.559711206603040168e+01 2.319106400000000008e+02
4.680000000000000000e+02 2.608744754376229835e+01 2.333376900000000091e+02
4.690000000000000000e+02 2.657778302149419858e+01 2.347647399999999891e+02
4.700000000000000000e+02 2.706647681081420131e+01 2.361269599999999969e+02
4.710000000000000000e+02 2.754385353903019862e+01 2.370423299999999927e+02
4.720000000000000000e+02 2.802123026724619947e+01 2.379576999999999884e+02
4.730000000000000000e+02 2.849860699546220033e+01 2.388730700000000127e+02
4.740000000000000000e+02 2.894194703596140172e+01 2.394292199999999866e+02
4.750000000000000000e+02 2.935706577202149958e+01 2.396875400000000127e+02
4.760000000000000000e+02 2.977218450808170047e+01 2.399458500000000072e+02
4.770000000000000000e+02 3.018730324414179833e+01 2.402041600000000017e+02
4.780000000000000000e+02 3.058059651421239877e+01 2.399410300000000120e+02
4.790000000000000000e+02 3.097177330099500026e+01 2.396273300000000006e+02
4.800000000000000000e+02 3.136295008777760174e+01 2.393136299999999892e+02
4.810000000000000000e+02 3.173724027515930146e+01 2.388853599999999915e+02
4.820000000000000000e+02 3.205172037781139949e+01 2.380512799999999913e+02
4.830000000000000000e+02 3.236620048046339804e+01 2.372171999999999912e+02
4.840000000000000000e+02 3.268068058311539659e+01 2.363831199999999910e+02
4.850000000000000000e+02 3.297207645183679858e+01 2.352560000000000002e+02
4.860000000000000000e+02 3.323755885838249924e+01 2.337999100000000112e+02
4.870000000000000000e+02 3.350304126492819989e+01 2.323438299999999970e+02
4.880000000000000000e+02 3.376852367147390055e+01 2.308877500000000111e+02
4.890000000000000000e+02 3.402234180066039926e+01 2.290803799999999910e+02
4.900000000000000000e+02 3.427023015330320277e+01 2.270944299999999885e+02
4.910000000000000000e+02 3.451811850594599917e+01 2.251084799999999859e+02
4.920000000000000000e+02 3.476600685858880269e+01 2.231225300000000118e+02
4.930000000000000000e+02 3.493218797383909902e+01 2.207311500000000137e+02
4.940000000000000000e+02 3.507720804263929892e+01 2.182347699999999975e+02
4.950000000000000000e+02 3.522222811143949883e+01 2.157383900000000096e+02
4.960000000000000000e+02 3.536724818023969874e+01 2.132420099999999934e+02
4.970000000000000000e+02 3.551179332411440015e+01 2.103334600000000023e+02
4.980000000000000000e+02 3.565626358363810056e+01 2.073599299999999914e+02
4.990000000000000000e+02 3.580073384316190044e+01 2.043864000000000090e+02
5.000000000000000000e+02 3.594520410268560084e+01 2.014128599999999949e+02
5.010000000000000000e+02 3.600943654612319733e+01 1.982387300000000039e+02
5.020000000000000000e+02 3.606166859643870026e+01 1.950345800000000054e+02
5.030000000000000000e+02 3.611390064675409661e+01 1.918304400000000101e+02
5.040000000000000000e+02 3.616613269706959954e+01 1.886262999999999863e+02
5.050000000000000000e+02 3.621964787999689861e+01 1.853492400000000089e+02
5.060000000000000000e+02 3.627346192126670132e+01 1.820551900000000103e+02
5.070000000000000000e+02 3.632727596253649693e+01 1.787611400000000117e+02
5.080000000000000000e+02 3.638109000380620017e+01 1.754670900000000131e+02
5.090000000000000000e+02 3.644264283507310154e+01 1.722497299999999996e+02
5.100000000000000000e+02 3.650774169792340018e+01 1.690675200000000018e+02
5.110000000000000000e+02 3.657284056077369883e+01 1.658853100000000040e+02
5.120000000000000000e+02 3.663793942362399747e+01 1.627030900000000031e+02
5.130000000000000000e+02 3.669962787115959912e+01 1.596695699999999931e+02
5.140000000000000000e+02 3.675779708254380296e+01 1.567894900000000007e+02
5.150000000000000000e+02 3.681596629392809916e+01 1.539094100000000083e+02
5.160000000000000000e+02 3.687413550531230300e+01 1.510293399999999906e+02
5.170000000000000000e+02 3.693002699780309683e+01 1.482301600000000121e+02
5.180000000000000000e+02 3.697823785270330177e+01 1.457038200000000074e+02
5.190000000000000000e+02 3.702644870760340012e+01 1.431774800000000027e+02
5.200000000000000000e+02 3.707465956250349848e+01 1.406511399999999981e+02
5.210000000000000000e+02 3.712287041740359683e+01 1.381247999999999934e+02
5.220000000000000000e+02 3.716631004274479722e+01 1.359362399999999980e+02
5.230000000000000000e+02 3.720918156935540111e+01 1.337879000000000076e+02
5.240000000000000000e+02 3.725205309596589842e+01 1.316395599999999888e+02
5.250000000000000000e+02 3.729492462257650232e+01 1.294912199999999984e+02
5.260000000000000000e+02 3.731818997995090115e+01 1.275339500000000044e+02
5.270000000000000000e+02 3.732064313878669992e+01 1.257794899999999956e+02
5.280000000000000000e+02 3.732309629762259817e+01 1.240250400000000042e+02
5.290000000000000000e+02 3.732554945645850353e+01 1.222705799999999954e+02
5.300000000000000000e+02 3.732798317141219968e+01 1.205164800000000014e+02
5.310000000000000000e+02 3.731219787384819853e+01 1.190912000000000006e+02
5.320000000000000000e+02 3.729641257628419737e+01 1.176659199999999998e+02
5.330000000000000000e+02 3.728062727872020332e+01 1.162406399999999991e+02
5.340000000000000000e+02 3.726484198115620217e+01 1.148153599999999983e+02
5.350000000000000000e+02 3.724036044288060054e+01 1.135194699999999983e+02
5.360000000000000000e+02 3.720480465823860072e+01 1.123883699999999948e+02
5.370000000000000000e+02 3.716924887359660090e+01 1.112572600000000023e+02
5.380000000000000000e+02 3.713369308895460108e+01 1.101261599999999987e+02
5.390000000000000000e+02 3.709813730431260126e+01 1.089950500000000062e+02
5.400000000000000000e+02 3.705189985875009739e+01 1.080601400000000041e+02
5.410000000000000000e+02 3.700297971292820165e+01 1.071744900000000058e+02
5.420000000000000000e+02 3.695405956710619932e+01 1.062888399999999933e+02
5.430000000000000000e+02 3.690513942128419700e+01 1.054031999999999982e+02
5.440000000000000000e+02 3.685416219525149728e+01 1.045312899999999985e+02
5.450000000000000000e+02 3.677862475349149918e+01 1.038233599999999939e+02
5.460000000000000000e+02 3.670308731173150107e+01 1.031154300000000035e+02
5.470000000000000000e+02 3.662754986997150297e+01 1.024074999999999989e+02
5.480000000000000000e+02 3.655201242821149776e+01 1.016995699999999943e+02
5.490000000000000000e+02 3.647639052557929773e+01 1.010372299999999939e+02
5.500000000000000000e+02 3.640054224562189944e+01 1.004971000000000032e+02
5.510000000000000000e+02 3.632469396566450115e+01 9.995695999999999515e+01
5.520000000000000000e+02 3.624884568570700338e+01 9.941682000000000130e+01
5.530000000000000000e+02 3.617299740574959799e+01 9.887667999999999324e+01
5.540000000000000000e+02 3.609773639973119685e+01 9.838258000000000436e+01
5.550000000000000000e+02 3.602343204935529997e+01 9.796345999999999776e+01
5.560000000000000000e+02 3.594912769897950255e+01 9.754434000000000538e+01
5.570000000000000000e+02 3.587482334860359856e+01 9.712523000000000195e+01
5.580000000000000000e+02 3.580051899822770167e+01 9.670610999999999535e+01
5.590000000000000000e+02 3.572366328678660352e+01 9.632858000000000231e+01
5.600000000000000000e+02 3.564299415597810139e+01 9.601319999999999766e+01
5.610000000000000000e+02 3.556232502516969873e+01 9.569781999999999300e+01
5.620000000000000000e+02 3.548165589436119660e+01 9.538244000000000256e+01
5.630000000000000000e+02 3.540098676355280105e+01 9.506705999999999790e+01
5.640000000000000000e+02 3.531861994035300256e+01 9.477925000000000466e+01
5.650000000000000000e+02 3.523281815514889814e+01 9.454721999999999582e+01
5.660000000000000000e+02 3.514701636994480083e+01 9.431519000000000119e+01
5.670000000000000000e+02 3.506121458474070351e+01 9.408315000000000339e+01
5.680000000000000000e+02 3.497541279953649962e+01 9.385111999999999455e+01
5.690000000000000000e+02 3.488971332684739934e+01 9.363031999999999755e+01
5.700000000000000000e+02 3.480452163304519786e+01 9.346526000000000067e+01
5.710000000000000000e+02 3.471932993924289690e+01 9.330020000000000380e+01
5.720000000000000000e+02 3.463413824544060304e+01 9.313514000000000692e+01
5.730000000000000000e+02 3.454894655163840156e+01 9.297007999999999583e+01
5.740000000000000000e+02 3.446375485783610060e+01 9.280503000000000213e+01
5.750000000000000000e+02 3.437200863550250318e+01 9.269498000000000104e+01
5.760000000000000000e+02 3.427960601448859990e+01 9.259044000000000096e+01
5.770000000000000000e+02 3.418720339347459714e+01 9.248591000000000406e+01
5.780000000000000000e+02 3.409480077246060148e+01 9.238137000000000398e+01
5.790000000000000000e+02 3.400239815144659872e+01 9.227683000000000391e+01
5.800000000000000000e+02 3.391002971852010006e+01 9.219550999999999874e+01
5.810000000000000000e+02 3.381768903460520193e+01 9.213303999999999405e+01
5.820000000000000000e+02 3.372534835069029668e+01 9.207056000000000040e+01
5.830000000000000000e+02 3.363300766677539855e+01 9.200808000000000675e+01
5.840000000000000000e+02 3.354066698286050041e+01 9.194561000000000206e+01
5.850000000000000000e+02 3.344825197807539752e+01 9.188733999999999469e+01
5.860000000000000000e+02 3.335512007021360148e+01 9.186973000000000411e+01
5.870000000000000000e+02 3.326198816235169886e+01 9.185210999999999615e+01
5.880000000000000000e+02 3.316885625448990282e+01 9.183449000000000240e+01
5.890000000000000000e+02 3.307572434662800021e+01 9.181686999999999443e+01
5.900000000000000000e+02 3.298259243876609759e+01 9.179925000000000068e+01
5.910000000000000000e+02 3.288664186796410149e+01 9.180292000000000030e+01
5.920000000000000000e+02 3.278821100429929913e+01 9.182532000000000494e+01
5.930000000000000000e+02 3.268978014063449677e+01 9.184771999999999537e+01
5.940000000000000000e+02 3.259134927696970152e+01 9.187012000000000000e+01
5.950000000000000000e+02 3.249291841330489916e+01 9.189252999999999361e+01
5.960000000000000000e+02 3.239448754964020338e+01 9.191492999999999824e+01
5.970000000000000000e+02 3.231021909744539755e+01 9.195234999999999559e+01
5.980000000000000000e+02 3.222819939466580053e+01 9.199214000000000624e+01
5.990000000000000000e+02 3.214617969188609692e+01 9.203194000000000585e+01
6.000000000000000000e+02 3.206415998910649989e+01 9.207174000000000547e+01
6.010000000000000000e+02 3.198214028632679984e+01 9.211154000000000508e+01
6.020000000000000000e+02 3.189979728729539943e+01 9.215529999999999688e+01
6.030000000000000000e+02 3.181392309152710141e+01 9.224236000000000502e+01
6.040000000000000000e+02 3.172804889575889931e+01 9.232943000000000211e+01
6.050000000000000000e+02 3.164217469999070076e+01 9.241648999999999603e+01
6.060000000000000000e+02 3.155630050422239918e+01 9.250355000000000416e+01
6.070000000000000000e+02 3.147042630845420064e+01 9.259060999999999808e+01
6.080000000000000000e+02 3.138257669595240174e+01 9.268480999999999881e+01
6.090000000000000000e+02 3.128638887630910048e+01 9.280911999999999296e+01
6.100000000000000000e+02 3.119020105666579923e+01 9.293343000000000131e+01
6.110000000000000000e+02 3.109401323702260100e+01 9.305774999999999864e+01
6.120000000000000000e+02 3.099782541737929975e+01 9.318206000000000699e+01
6.130000000000000000e+02 3.090163759773599850e+01 9.330637000000000114e+01
6.140000000000000000e+02 3.080543682309630071e+01 9.343201999999999430e+01
6.150000000000000000e+02 3.070917800076900050e+01 9.356368999999999403e+01
6.160000000000000000e+02 3.061291917844179977e+01 9.369535000000000480e+01
6.170000000000000000e+02 3.051666035611459904e+01 9.382701000000000136e+01
6.180000000000000000e+02 3.042040153378729883e+01 9.395866999999999791e+01
6.190000000000000000e+02 3.032414271146010165e+01 9.409033999999999764e+01
6.200000000000000000e+02 3.022785762283670152e+01 9.422386000000000195e+01
6.210000000000000000e+02 3.013110460427400028e+01 9.439050000000000296e+01
6.220000000000000000e+02 3.003435158571129904e+01 9.455713000000000079e+01
6.230000000000000000e+02 2.993759856714860135e+01 9.472377000000000180e+01
6.240000000000000000e+02 2.984084554858590010e+01 9.489041000000000281e+01
6.250000000000000000e+02 2.974409253002319886e+01 9.505705000000000382e+01
6.260000000000000000e+02 2.964733951146050117e+01 9.522369000000000483e+01
6.270000000000000000e+02 2.954611580753159927e+01 9.540058000000000504e+01
6.280000000000000000e+02 2.944377523299300137e+01 9.558002999999999361e+01
6.290000000000000000e+02 2.934143465845449938e+01 9.575947999999999638e+01
6.300000000000000000e+02 2.923909408391590148e+01 9.593892999999999915e+01
6.310000000000000000e+02 2.913675350937730002e+01 9.611836999999999875e+01
6.320000000000000000e+02 2.903441293483880159e+01 9.629782000000000153e+01
6.330000000000000000e+02 2.893055675594520082e+01 9.648927999999999372e+01
6.340000000000000000e+02 2.882460294244090093e+01 9.669733999999999696e+01
6.350000000000000000e+02 2.871864912893670052e+01 9.690541000000000338e+01
6.360000000000000000e+02 2.861269531543250011e+01 9.711347999999999558e+01
6.370000000000000000e+02 2.850674150192820022e+01 9.732155000000000200e+01
6.380000000000000000e+02 2.840078768842399981e+01 9.752961999999999421e+01
6.390000000000000000e+02 2.829483387491979940e+01 9.773769000000000062e+01
6.400000000000000000e+02 2.818579169277739993e+01 9.796210000000000662e+01
6.410000000000000000e+02 2.807643354465179897e+01 9.818819000000000585e+01
6.420000000000000000e+02 2.796707539652630103e+01 9.841428000000000509e+01
6.430000000000000000e+02 2.785771724840070007e+01 9.864036000000000115e+01
6.440000000000000000e+02 2.774835910027519859e+01 9.886645000000000039e+01
6.450000000000000000e+02 2.763900095214960118e+01 9.909253999999999962e+01
6.460000000000000000e+02 2.752999847877299899e+01 9.932330000000000325e+01
6.470000000000000000e+02 2.742201197303100102e+01 9.956740999999999531e+01
6.480000000000000000e+02 2.731402546728890002e+01 9.981152000000000157e+01
6.490000000000000000e+02 2.720603896154689849e+01 1.000556299999999936e+02
6.500000000000000000e+02 2.709805245580490052e+01 1.002997399999999999e+02
6.510000000000000000e+02 2.699006595006279952e+01 1.005438599999999951e+02
6.520000000000000000e+02 2.688207944432080154e+01 1.007879700000000014e+02
6.530000000000000000e+02 2.677005304471349945e+01 1.010389299999999935e+02
6.540000000000000000e+02 2.665349692191039921e+01 1.012975799999999964e+02
6.550000000000000000e+02 2.653694079910729897e+01 1.015562199999999962e+02
6.560000000000000000e+02 2.642038467630419873e+01 1.018148699999999991e+02
6.570000000000000000e+02 2.630382855350109850e+01 1.020735099999999989e+02
6.580000000000000000e+02 2.618727243069810129e+01 1.023321600000000018e+02
6.590000000000000000e+02 2.607071630789500105e+01 1.025908000000000015e+02
6.600000000000000000e+02 2.594535730566419929e+01 1.028582300000000060e+02
6.610000000000000000e+02 2.581247348525259966e+01 1.031331799999999959e+02
6.620000000000000000e+02 2.567958966484090055e+01 1.034081299999999999e+02
6.630000000000000000e+02 2.554670584442930092e+01 1.036830700000000007e+02
6.640000000000000000e+02 2.541382202401759827e+01 1.039580200000000048e+02
6.650000000000000000e+02 2.528093820360599864e+01 1.042329699999999946e+02
6.660000000000000000e+02 2.514805438319429953e+01 1.045079099999999954e+02
6.670000000000000000e+02 2.501855218494739930e+01 1.047908099999999934e+02
6.680000000000000000e+02 2.489305562460249988e+01 1.050831299999999970e+02
6.690000000000000000e+02 2.476755906425760045e+01 1.053754500000000007e+02
6.700000000000000000e+02 2.464206250391260156e+01 1.056677700000000044e+02
6.710000000000000000e+02 2.451656594356769858e+01 1.059600899999999939e+02
6.720000000000000000e+02 2.439106938322279916e+01 1.062524099999999976e+02
6.730000000000000000e+02 2.426557282287789974e+01 1.065447199999999981e+02
6.740000000000000000e+02 2.413839004856890114e+01 1.068358499999999935e+02
6.750000000000000000e+02 2.400531520280479825e+01 1.071228299999999933e+02
6.760000000000000000e+02 2.387224035704069891e+01 1.074098099999999931e+02
6.770000000000000000e+02 2.373916551127659957e+01 1.076967800000000040e+02
6.780000000000000000e+02 2.360609066551250024e+01 1.079837600000000037e+02
6.790000000000000000e+02 2.347301581974840090e+01 1.082707400000000035e+02
6.800000000000000000e+02 2.333994097398430156e+01 1.085577100000000002e+02
6.810000000000000000e+02 2.320686612822019868e+01 1.088446899999999999e+02
6.820000000000000000e+02 2.306698437610300090e+01 1.091662699999999973e+02
6.830000000000000000e+02 2.292569032560410136e+01 1.094950299999999999e+02
6.840000000000000000e+02 2.278439627510509879e+01 1.098237900000000025e+02
6.850000000000000000e+02 2.264310222460619926e+01 1.101525500000000051e+02
6.860000000000000000e+02 2.250180817410729972e+01 1.104813099999999935e+02
6.870000000000000000e+02 2.236051412360830071e+01 1.108100699999999961e+02
6.880000000000000000e+02 2.221922007310930169e+01 1.111388299999999987e+02
6.890000000000000000e+02 2.207719334622219876e+01 1.114656800000000061e+02
6.900000000000000000e+02 2.193318030438859978e+01 1.117873500000000035e+02
6.910000000000000000e+02 2.178916726255500080e+01 1.121090099999999978e+02
6.920000000000000000e+02 2.164515422072150130e+01 1.124306799999999953e+02
6.930000000000000000e+02 2.150114117888789877e+01 1.127523500000000070e+02
6.940000000000000000e+02 2.135712813705429980e+01 1.130740200000000044e+02
6.950000000000000000e+02 2.121311509522070082e+01 1.133956900000000019e+02
6.960000000000000000e+02 2.106910205338709829e+01 1.137173499999999962e+02
6.970000000000000000e+02 2.092483552011239922e+01 1.140511699999999990e+02
6.980000000000000000e+02 2.078035391698530177e+01 1.143953000000000060e+02
6.990000000000000000e+02 2.063587231385820076e+01 1.147394199999999955e+02
7.000000000000000000e+02 2.049139071073109974e+01 1.150835399999999993e+02
7.010000000000000000e+02 2.034690910760399873e+01 1.154276700000000062e+02
7.020000000000000000e+02 2.020242750447690128e+01 1.157717899999999958e+02
7.030000000000000000e+02 2.005794590134980027e+01 1.161159200000000027e+02
7.040000000000000000e+02 1.991346429822269926e+01 1.164600400000000064e+02
7.050000000000000000e+02 1.976010269610729964e+01 1.167984500000000025e+02
7.060000000000000000e+02 1.960167810159479984e+01 1.171336000000000013e+02
7.070000000000000000e+02 1.944325350708220057e+01 1.174687600000000032e+02
7.080000000000000000e+02 1.928482891256960130e+01 1.178039100000000019e+02
7.090000000000000000e+02 1.912640431805710151e+01 1.181390600000000006e+02
7.100000000000000000e+02 1.896797972354449868e+01 1.184742200000000025e+02
7.110000000000000000e+02 1.880955512903199889e+01 1.188093700000000013e+02
7.120000000000000000e+02 1.865113053451939962e+01 1.191445200000000000e+02
7.130000000000000000e+02 1.849076062784429908e+01 1.194893299999999954e+02
7.140000000000000000e+02 1.832880560651269874e+01 1.198419999999999987e+02
7.150000000000000000e+02 1.816685058518099893e+01 1.201946800000000053e+02
7.160000000000000000e+02 1.800489556384939860e+01 1.205473499999999945e+02
7.170000000000000000e+02 1.784294054251769879e+01 1.209000300000000010e+02
7.180000000000000000e+02 1.768098552118609845e+01 1.212527000000000044e+02
7.190000000000000000e+02 1.751903049985439864e+01 1.216053799999999967e+02
7.200000000000000000e+02 1.735707547852279831e+01 1.219580600000000032e+02
7.210000000000000000e+02 1.719058966070240047e+01 1.223140499999999946e+02
7.220000000000000000e+02 1.701228453426600140e+01 1.226786900000000031e+02
7.230000000000000000e+02 1.683397940782949931e+01 1.230433299999999974e+02
7.240000000000000000e+02 1.665567428139300077e+01 1.234079700000000059e+02
7.250000000000000000e+02 1.647736915495660170e+01 1.237726100000000002e+02
7.260000000000000000e+02 1.629906402852009961e+01 1.241372499999999945e+02
7.270000000000000000e+02 1.612075890208370055e+01 1.245018900000000031e+02
7.280000000000000000e+02 1.594245377564720023e+01 1.248665199999999942e+02
7.290000000000000000e+02 1.576414864921079939e+01 1.252311600000000027e+02
7.300000000000000000e+02 1.559133883248640018e+01 1.255884899999999931e+02
7.310000000000000000e+02 1.541983077762020038e+01 1.259440699999999964e+02
7.320000000000000000e+02 1.524832272275400058e+01 1.262996600000000029e+02
7.330000000000000000e+02 1.507681466788780078e+01 1.266552499999999952e+02
7.340000000000000000e+02 1.490530661302159920e+01 1.270108400000000017e+02
7.350000000000000000e+02 1.473379855815539941e+01 1.273664299999999940e+02
7.360000000000000000e+02 1.456229050328919961e+01 1.277220099999999974e+02
7.370000000000000000e+02 1.439078244842299981e+01 1.280775999999999897e+02
7.380000000000000000e+02 1.421821257552110040e+01 1.284371700000000089e+02
7.390000000000000000e+02 1.403902883293910087e+01 1.288215600000000052e+02
7.400000000000000000e+02 1.385984509035709955e+01 1.292059399999999982e+02
7.410000000000000000e+02 1.368066134777510001e+01 1.295903199999999913e+02
7.420000000000000000e+02 1.350147760519310047e+01 1.299747099999999875e+02
7.430000000000000000e+02 1.332229386261120041e+01 1.303590900000000090e+02
7.440000000000000000e+02 1.314311012002920087e+01 1.307434700000000021e+02
7.450000000000000000e+02 1.296392637744719956e+01 1.311278599999999983e+02
7.460000000000000000e+02 1.278474263486520002e+01 1.315122399999999914e+02
7.470000000000000000e+02 1.260455617637540016e+01 1.318948499999999910e+02
7.480000000000000000e+02 1.242150365464599915e+01 1.322723900000000015e+02
7.490000000000000000e+02 1.223845113291669939e+01 1.326499300000000119e+02
7.500000000000000000e+02 1.205539861118739964e+01 1.330274699999999939e+02
7.510000000000000000e+02 1.187234608945800041e+01 1.334050100000000043e+02
7.520000000000000000e+02 1.168929356772870065e+01 1.337825499999999863e+02
7.530000000000000000e+02 1.150624104599929964e+01 1.341600799999999936e+02
7.540000000000000000e+02 1.132318852426999989e+01 1.345376200000000040e+02
7.550000000000000000e+02 1.114013600254060066e+01 1.349151599999999860e+02
7.560000000000000000e+02 1.095815474629110042e+01 1.352936400000000106e+02
7.570000000000000000e+02 1.078165705957709974e+01 1.356768899999999860e+02
7.580000000000000000e+02 1.060515937286320032e+01 1.360601399999999899e+02
7.590000000000000000e+02 1.042866168614929911e+01 1.364433899999999937e+02
7.600000000000000000e+02 1.025216399943539969e+01 1.368266399999999976e+02
7.610000000000000000e+02 1.007566631272150026e+01 1.372099000000000046e+02
7.620000000000000000e+02 9.899168626007600835e+00 1.375931500000000085e+02
7.630000000000000000e+02 9.722670939293669434e+00 1.379764000000000124e+02
7.640000000000000000e+02 9.546173252579770008e+00 1.383596499999999878e+02
7.650000000000000000e+02 9.369675565865870581e+00 1.387428999999999917e+02
7.660000000000000000e+02 9.185334627818040332e+00 1.391278900000000078e+02
7.670000000000000000e+02 8.999535126905689353e+00 1.395132000000000119e+02
7.680000000000000000e+02 8.813735625993329492e+00 1.398985199999999907e+02
7.690000000000000000e+02 8.627936125080950092e+00 1.402838299999999947e+02
7.700000000000000000e+02 8.442136624168590231e+00 1.406691399999999987e+02
7.710000000000000000e+02 8.256337123256230370e+00 1.410544500000000028e+02
7.720000000000000000e+02 8.070537622343849193e+00 1.414397600000000068e+02
7.730000000000000000e+02 7.884738121431490221e+00 1.418250700000000109e+02
7.740000000000000000e+02 7.698938620519130360e+00 1.422103899999999896e+02
7.750000000000000000e+02 7.513492413164869710e+00 1.426055499999999938e+02
7.760000000000000000e+02 7.328911640321810417e+00 1.430248300000000086e+02
7.770000000000000000e+02 7.144330867478760005e+00 1.434441199999999981e+02
7.780000000000000000e+02 6.959750094635690054e+00 1.438634099999999876e+02
7.790000000000000000e+02 6.775169321792639643e+00 1.442827000000000055e+02
7.800000000000000000e+02 6.590588548949580350e+00 1.447019899999999950e+02
7.810000000000000000e+02 6.406007776106510399e+00 1.451212800000000129e+02
7.820000000000000000e+02 6.221427003263459987e+00 1.455405599999999993e+02
7.830000000000000000e+02 6.036846230420399806e+00 1.459598499999999888e+02
7.840000000000000000e+02 5.852265457577329855e+00 1.463791400000000067e+02
7.850000000000000000e+02 5.670902230551829959e+00 1.468278599999999869e+02
7.860000000000000000e+02 5.492825263690630067e+00 1.473066499999999905e+02
7.870000000000000000e+02 5.314748296829420404e+00 1.477854399999999941e+02
7.880000000000000000e+02 5.136671329968230282e+00 1.482642299999999977e+02
7.890000000000000000e+02 4.958594363107040159e+00 1.487430099999999982e+02
7.900000000000000000e+02 4.780517396245829609e+00 1.492218000000000018e+02
7.910000000000000000e+02 4.602440429384640375e+00 1.497005900000000054e+02
7.920000000000000000e+02 4.424363462523450252e+00 1.501793700000000058e+02
7.930000000000000000e+02 4.246286495662239702e+00 1.506581600000000094e+02
7.940000000000000000e+02 4.068209528801049579e+00 1.511369500000000130e+02
7.950000000000000000e+02 3.893069000796539836e+00 1.517358299999999929e+02
7.960000000000000000e+02 3.721539284450320118e+00 1.524823900000000094e+02
7.970000000000000000e+02 3.550009568104119939e+00 1.532289600000000007e+02
7.980000000000000000e+02 3.378479851757920205e+00 1.539755199999999888e+02
7.990000000000000000e+02 3.206950135411700042e+00 1.547220800000000054e+02
8.000000000000000000e+02 3.035420419065499864e+00 1.554686399999999935e+02
8.010000000000000000e+02 2.863890702719300130e+00 1.562152000000000100e+02
8.020000000000000000e+02 2.692360986373079967e+00 1.569617599999999982e+02
8.030000000000000000e+02 2.520831270026879789e+00 1.577083299999999895e+02
8.040000000000000000e+02 2.349301553680680055e+00 1.584548900000000060e+02
8.050000000000000000e+02 2.179621648282529911e+00 1.597240899999999897e+02
8.060000000000000000e+02 2.021188160139689938e+00 1.641708099999999888e+02
8.070000000000000000e+02 1.862754671996849964e+00 1.686175399999999911e+02
8.080000000000000000e+02 1.704321183853990007e+00 1.730642599999999902e+02
8.090000000000000000e+02 1.545887695711150034e+00 1.775109899999999925e+02
8.100000000000000000e+02 1.387454207568290077e+00 1.819577099999999916e+02
8.110000000000000000e+02 1.229020719425450103e+00 1.864044399999999939e+02
8.120000000000000000e+02 1.070587231282609908e+00 1.908511699999999962e+02
8.130000000000000000e+02 9.121537431397559459e-01 1.952978899999999953e+02
8.140000000000000000e+02 7.537202549969159726e-01 1.997446199999999976e+02
8.150000000000000000e+02 5.952867668540769985e-01 2.041913399999999967e+02
8.160000000000000000e+02 5.674990385870479770e-01 2.117171299999999974e+02
8.170000000000000000e+02 6.412520307652109786e-01 2.216360300000000052e+02
8.180000000000000000e+02 7.150050229433739801e-01 2.315549300000000130e+02
8.190000000000000000e+02 7.887580151215449753e-01 2.414738399999999956e+02
8.200000000000000000e+02 8.625110072997079769e-01 2.513927400000000034e+02
8.210000000000000000e+02 9.362639994778709784e-01 2.613116400000000112e+02
8.220000000000000000e+02 1.010016991656039975e+00 2.712305400000000191e+02
8.230000000000000000e+02 1.083769983834210082e+00 2.811494500000000016e+02
8.240000000000000000e+02 1.157522976012369975e+00 2.910683500000000095e+02
8.250000000000000000e+02 1.231275968190540082e+00 3.009872500000000173e+02
8.260000000000000000e+02 1.305028960368699975e+00 3.109061599999999999e+02
8.270000000000000000e+02 1.433566957830129995e+00 3.147015099999999848e+02
8.280000000000000000e+02 1.585350187714789971e+00 3.158986600000000067e+02
8.290000000000000000e+02 1.737133417599429963e+00 3.170957999999999970e+02
8.300000000000000000e+02 1.888916647484069955e+00 3.182929399999999873e+02
8.310000000000000000e+02 2.040699877368730153e+00 3.194900799999999776e+02
8.320000000000000000e+02 2.192483107253369923e+00 3.206872200000000248e+02
8.330000000000000000e+02 2.344266337138010137e+00 3.218843699999999899e+02
8.340000000000000000e+02 2.496049567022660121e+00 3.230815099999999802e+02
8.350000000000000000e+02 2.647832796907299890e+00 3.242786500000000274e+02
8.360000000000000000e+02 2.799616026791949874e+00 3.254757900000000177e+02
8.370000000000000000e+02 2.951399256676599858e+00 3.266729300000000080e+02
8.380000000000000000e+02 3.100772426173529883e+00 3.274897500000000150e+02
8.390000000000000000e+02 3.248158014619610068e+00 3.279929000000000201e+02
8.400000000000000000e+02 3.395543603065700022e+00 3.284960500000000252e+02
8.410000000000000000e+02 3.542929191511780207e+00 3.289991999999999734e+02
8.420000000000000000e+02 3.690314779957859948e+00 3.295023600000000101e+02
8.430000000000000000e+02 3.837700368403949902e+00 3.300055100000000152e+02
8.440000000000000000e+02 3.985085956850030087e+00 3.305086600000000203e+02
8.450000000000000000e+02 4.132471545296099613e+00 3.310118200000000002e+02
8.460000000000000000e+02 4.279857133742200226e+00 3.315149700000000053e+02
8.470000000000000000e+02 4.427242722188280410e+00 3.320181200000000104e+02
8.480000000000000000e+02 4.574628310634349937e+00 3.325212700000000154e+02
8.490000000000000000e+02 4.720987529385509696e+00 3.330056599999999776e+02
8.500000000000000000e+02 4.856749230131430117e+00 3.332962899999999991e+02
8.510000000000000000e+02 4.992510930877349651e+00 3.335869200000000205e+02
8.520000000000000000e+02 5.128272631623289612e+00 3.338775400000000104e+02
8.530000000000000000e+02 5.264034332369219804e+00 3.341681699999999751e+02
8.540000000000000000e+02 5.399796033115140226e+00 3.344587999999999965e+02
8.550000000000000000e+02 5.535557733861080187e+00 3.347494199999999864e+02
8.560000000000000000e+02 5.671319434606999721e+00 3.350400500000000079e+02
8.570000000000000000e+02 5.807081135352929913e+00 3.353306799999999726e+02
8.580000000000000000e+02 5.942842836098869874e+00 3.356213000000000193e+02
8.590000000000000000e+02 6.078604536844790296e+00 3.359119299999999839e+02
8.600000000000000000e+02 6.214366237590709829e+00 3.362025600000000054e+02
8.610000000000000000e+02 6.348614800894270438e+00 3.364797500000000241e+02
8.620000000000000000e+02 6.479500257495550031e+00 3.367270700000000261e+02
8.630000000000000000e+02 6.610385714096829624e+00 3.369743799999999965e+02
8.640000000000000000e+02 6.741271170698129644e+00 3.372216999999999985e+02
8.650000000000000000e+02 6.872156627299410125e+00 3.374690200000000004e+02
8.660000000000000000e+02 7.003042083900689718e+00 3.377163400000000024e+02
8.670000000000000000e+02 7.133927540501989739e+00 3.379636600000000044e+02
8.680000000000000000e+02 7.264812997103270220e+00 3.382109800000000064e+02
8.690000000000000000e+02 7.395698453704549813e+00 3.384583000000000084e+02
8.700000000000000000e+02 7.526583910305840064e+00 3.387056200000000104e+02
8.710000000000000000e+02 7.657469366907119657e+00 3.389529400000000123e+02
8.720000000000000000e+02 7.788354823508400138e+00 3.392002600000000143e+02
8.730000000000000000e+02 7.909063293280330420e+00 3.394206899999999791e+02
8.740000000000000000e+02 7.989186350912619972e+00 3.395338899999999853e+02
8.750000000000000000e+02 8.069309408544910411e+00 3.396470899999999915e+02
8.760000000000000000e+02 8.149432466177200851e+00 3.397602899999999977e+02
8.770000000000000000e+02 8.229555523809489515e+00 3.398734900000000039e+02
8.780000000000000000e+02 8.309678581441769296e+00 3.399866900000000101e+02
8.790000000000000000e+02 8.389801639074070394e+00 3.400998900000000162e+02
8.800000000000000000e+02 8.469924696706350176e+00 3.402130900000000224e+02
8.810000000000000000e+02 8.550047754338640615e+00 3.403262899999999718e+02
8.820000000000000000e+02 8.630170811970929279e+00 3.404394899999999780e+02
8.830000000000000000e+02 8.710293869603219719e+00 3.405526899999999841e+02
8.840000000000000000e+02 8.790416927235510158e+00 3.406658899999999903e+02
8.850000000000000000e+02 8.870539984867800598e+00 3.407790899999999965e+02
8.860000000000000000e+02 8.969142877886689291e+00 3.409150200000000268e+02
8.870000000000000000e+02 9.074082988985789910e+00 3.410587400000000002e+02
8.880000000000000000e+02 9.179023100084869213e+00 3.412024499999999989e+02
8.890000000000000000e+02 9.283963211183950293e+00 3.413461699999999723e+02
8.900000000000000000e+02 9.388903322283049135e+00 3.414898900000000026e+02
8.910000000000000000e+02 9.493843433382130215e+00 3.416336000000000013e+02
8.920000000000000000e+02 9.598783544481209518e+00 3.417773199999999747e+02
8.930000000000000000e+02 9.703723655580310137e+00 3.419210400000000050e+02
8.940000000000000000e+02 9.808663766679389440e+00 3.420647599999999784e+02
8.950000000000000000e+02 9.913603877778479401e+00 3.422084699999999771e+02
8.960000000000000000e+02 1.001854398887759956e+01 3.423521900000000073e+02
8.970000000000000000e+02 1.012348409997670018e+01 3.424959099999999808e+02
8.980000000000000000e+02 1.022842421107569955e+01 3.426396199999999794e+02
8.990000000000000000e+02 1.025899513652669981e+01 3.426338999999999828e+02
9.000000000000000000e+02 1.028377949416350035e+01 3.426165399999999863e+02
9.010000000000000000e+02 1.030856385180030088e+01 3.425991799999999898e+02
9.020000000000000000e+02 1.033334820943709964e+01 3.425818300000000249e+02
9.030000000000000000e+02 1.035813256707390018e+01 3.425644699999999716e+02
9.040000000000000000e+02 1.038291692471070071e+01 3.425471099999999751e+02
9.050000000000000000e+02 1.040770128234760072e+01 3.425297600000000102e+02
9.060000000000000000e+02 1.043248563998439948e+01 3.425124000000000137e+02
9.070000000000000000e+02 1.045726999762120002e+01 3.424950400000000172e+02
9.080000000000000000e+02 1.048205435525800056e+01 3.424776899999999955e+02
9.090000000000000000e+02 1.050683871289479931e+01 3.424603299999999990e+02
9.100000000000000000e+02 1.053162307053159985e+01 3.424429700000000025e+02
9.110000000000000000e+02 1.055640742816849986e+01 3.424256199999999808e+02
9.120000000000000000e+02 1.060367722951390057e+01 3.425844700000000103e+02
9.130000000000000000e+02 1.065909559331499956e+01 3.428071699999999851e+02
9.140000000000000000e+02 1.071451395711610033e+01 3.430298700000000167e+02
9.150000000000000000e+02 1.076993232091719932e+01 3.432525800000000231e+02
9.160000000000000000e+02 1.082535068471820061e+01 3.434752799999999979e+02
9.170000000000000000e+02 1.088076904851929960e+01 3.436979799999999727e+02
9.180000000000000000e+02 1.093618741232040037e+01 3.439206899999999791e+02
9.190000000000000000e+02 1.099160577612149936e+01 3.441433900000000108e+02
9.200000000000000000e+02 1.104702413992250065e+01 3.443661000000000172e+02
9.210000000000000000e+02 1.110244250372359964e+01 3.445887999999999920e+02
9.220000000000000000e+02 1.115786086752470041e+01 3.448115000000000236e+02
9.230000000000000000e+02 1.121327923132579940e+01 3.450342099999999732e+02
9.240000000000000000e+02 1.126869759512680069e+01 3.452569100000000049e+02
9.250000000000000000e+02 1.131890816567680069e+01 3.454644599999999741e+02
9.260000000000000000e+02 1.133876605122089920e+01 3.455836800000000153e+02
9.270000000000000000e+02 1.135862393676499948e+01 3.457028999999999996e+02
9.280000000000000000e+02 1.137848182230909977e+01 3.458221199999999840e+02
9.290000000000000000e+02 1.139833970785310058e+01 3.459413299999999936e+02
9.300000000000000000e+02 1.141819759339720086e+01 3.460605499999999779e+02
9.310000000000000000e+02 1.143805547894129937e+01 3.461797700000000191e+02
9.320000000000000000e+02 1.145791336448539965e+01 3.462989900000000034e+02
9.330000000000000000e+02 1.147777125002949994e+01 3.464182099999999878e+02
9.340000000000000000e+02 1.149762913557360022e+01 3.465374299999999721e+02
9.350000000000000000e+02 1.151748702111770051e+01 3.466566500000000133e+02
9.360000000000000000e+02 1.153734490666169954e+01 3.467758699999999976e+02
9.370000000000000000e+02 1.155720279220579982e+01 3.468950800000000072e+02
9.380000000000000000e+02 1.157706067774990011e+01 3.470142999999999915e+02
9.390000000000000000e+02 1.158632039405300063e+01 3.471385000000000218e+02
9.400000000000000000e+02 1.153406840546909962e+01 3.472915800000000104e+02
9.410000000000000000e+02 1.148181641688520038e+01 3.474446699999999737e+02
9.420000000000000000e+02 1.142956442830129937e+01 3.475977500000000191e+02
9.430000000000000000e+02 1.137731243971740014e+01 3.477508300000000077e+02
9.440000000000000000e+02 1.132506045113349913e+01 3.479039099999999962e+02
9.450000000000000000e+02 1.127280846254959989e+01 3.480570000000000164e+02
9.460000000000000000e+02 1.122055647396570066e+01 3.482100800000000049e+02
9.470000000000000000e+02 1.116830448538179965e+01 3.483631599999999935e+02
9.480000000000000000e+02 1.111605249679790042e+01 3.485162500000000136e+02
9.490000000000000000e+02 1.106380050821399941e+01 3.486693300000000022e+02
9.500000000000000000e+02 1.101154851963010017e+01 3.488224099999999908e+02
9.510000000000000000e+02 1.095929653104619916e+01 3.489755000000000109e+02
9.520000000000000000e+02 1.090704454246229993e+01 3.491285799999999995e+02
9.530000000000000000e+02 1.085479255387840070e+01 3.492816599999999880e+02
9.540000000000000000e+02 1.079962930775550056e+01 3.494471199999999840e+02
9.550000000000000000e+02 1.074331641977759944e+01 3.496174700000000257e+02
9.560000000000000000e+02 1.068700353179970008e+01 3.497878200000000106e+02
9.570000000000000000e+02 1.063069064382180073e+01 3.499581699999999955e+02
9.580000000000000000e+02 1.057437775584400086e+01 3.501285199999999804e+02
9.590000000000000000e+02 1.051806486786609973e+01 3.502988700000000222e+02
9.600000000000000000e+02 1.046175197988820038e+01 3.504692200000000071e+02
9.610000000000000000e+02 1.040543909191040051e+01 3.506395699999999920e+02
9.620000000000000000e+02 1.034912620393249938e+01 3.508099199999999769e+02
9.630000000000000000e+02 1.029281331595460003e+01 3.509802700000000186e+02
9.640000000000000000e+02 1.023650042797680015e+01 3.511506200000000035e+02
9.650000000000000000e+02 1.018018753999890080e+01 3.513209699999999884e+02
9.660000000000000000e+02 1.012387465202099968e+01 3.514913199999999733e+02
9.670000000000000000e+02 1.006756176404310033e+01 3.516616700000000151e+02
9.680000000000000000e+02 1.001124887606530045e+01 3.518320200000000000e+02
9.690000000000000000e+02 9.913979388538079363e+00 3.521636399999999867e+02
9.700000000000000000e+02 9.808661234994259459e+00 3.525269400000000246e+02
9.710000000000000000e+02 9.703343081450450214e+00 3.528902499999999804e+02
9.720000000000000000e+02 9.598024927906630310e+00 3.532535500000000184e+02
9.730000000000000000e+02 9.492706774362810407e+00 3.536168599999999742e+02
9.740000000000000000e+02 9.387388620818990503e+00 3.539801600000000121e+02
9.750000000000000000e+02 9.282070467275179482e+00 3.543434700000000248e+02
9.760000000000000000e+02 9.176752313731350696e+00 3.547067700000000059e+02
9.770000000000000000e+02 9.071434160187539675e+00 3.550700800000000186e+02
9.780000000000000000e+02 8.966116006643730429e+00 3.554333799999999997e+02
9.790000000000000000e+02 8.860797853099899868e+00 3.557966900000000123e+02
9.800000000000000000e+02 8.755479699556090623e+00 3.561599899999999934e+02
9.810000000000000000e+02 8.650161546012270719e+00 3.565233000000000061e+02
9.820000000000000000e+02 8.544843392468450816e+00 3.568865999999999872e+02
9.830000000000000000e+02 8.439525238924629136e+00 3.572499099999999999e+02
9.840000000000000000e+02 8.362755567820000735e+00 3.466568399999999883e+02
9.850000000000000000e+02 8.316632155895449685e+00 3.243023200000000088e+02
9.860000000000000000e+02 8.270508743970909293e+00 3.019477999999999724e+02
9.870000000000000000e+02 8.224385332046370678e+00 2.795932799999999929e+02
9.880000000000000000e+02 8.178261920121830286e+00 2.572387600000000134e+02
9.890000000000000000e+02 8.132138508197289894e+00 2.348842300000000023e+02
9.900000000000000000e+02 8.086015096272749503e+00 2.125297099999999944e+02
9.910000000000000000e+02 8.039891684348200229e+00 1.901751899999999864e+02
9.920000000000000000e+02 7.993768272423669607e+00 1.678206700000000069e+02
9.930000000000000000e+02 7.947644860499120334e+00 1.454661399999999958e+02
9.940000000000000000e+02 7.901521448574579942e+00 1.231116200000000021e+02
9.950000000000000000e+02 7.855398036650040439e+00 1.007570999999999941e+02
9.970000000000000000e+02 7.809274624725500047e+00 7.840258000000000038e+01
9.980000000000000000e+02 7.763151212800959655e+00 5.604805000000000348e+01
9.990000000000000000e+02 7.717027800876420152e+00 3.369353000000000264e+01
1.000000000000000000e+03 7.670904388951879760e+00 1.133901000000000003e+01
1.001000000000000000e+03 7.595946579273830324e+00 3.409790000000000099e+00
