225	0.124
226.00129	0.125
227.00258	0.125
228.00388	0.126
229.00517	0.12701
230.00646	0.12801
231.00775	0.12901
232.00904	0.13
233.01034	0.13001
234.01163	0.13101
235.01292	0.13201
236.01421	0.13301
237.0155	0.13402
238.0168	0.13502
239.01809	0.136
240.01938	0.13602
241.02067	0.13702
242.02196	0.13802
243.02326	0.13902
244.02455	0.14002
245.02584	0.141
246.02713	0.14103
247.02842	0.14206
248.02972	0.14403
249.03101	0.145
250.0323	0.14503
251.03359	0.14603
252.03488	0.14703
253.03618	0.14804
254.03747	0.14904
255.03876	0.15004
256.04005	0.15104
257.04134	0.15204
258.04264	0.15304
259.04393	0.154
260.04522	0.15405
261.04651	0.15505
262.0478	0.15605
263.0491	0.15705
264.05039	0.15805
265.05168	0.15905
266.05297	0.16005
267.05426	0.16105
268.05556	0.162
269.05685	0.16211
270.05814	0.16406
271.05943	0.165
272.06072	0.16506
273.06202	0.16612
274.06331	0.168
275.0646	0.16806
276.06589	0.16913
277.06718	0.171
278.06848	0.17107
279.06977	0.17207
280.07106	0.17307
281.07235	0.17414
282.07364	0.176
283.07494	0.17615
284.07623	0.178
285.07752	0.17808
286.07881	0.17908
287.0801	0.18008
288.0814	0.18108
289.08269	0.18217
290.08398	0.184
291.08527	0.18417
292.08656	0.186
293.08786	0.18609
294.08915	0.18709
295.09044	0.18809
296.09173	0.18918
297.09302	0.191
298.09432	0.19109
299.09561	0.19219
300.0969	0.194
301.09819	0.1942
302.09948	0.1961
303.10078	0.1971
304.10207	0.1981
305.10336	0.1991
306.10465	0.2001
307.10594	0.20111
308.10724	0.20211
309.10853	0.20311
310.10982	0.20411
311.11111	0.20522
312.1124	0.207
313.1137	0.20711
314.11499	0.20811
315.11628	0.20923
316.11757	0.21112
317.11886	0.21212
318.12016	0.21312
319.12145	0.21412
320.12274	0.21512
321.12403	0.21612
322.12532	0.21713
323.12661	0.21813
324.12791	0.21926
325.1292	0.22113
326.13049	0.22213
327.13178	0.22313
328.13307	0.22413
329.13437	0.22513
330.13566	0.22614
331.13695	0.22727
332.13824	0.22914
333.13953	0.23014
334.14083	0.23114
335.14212	0.23214
336.14341	0.23314
337.1447	0.23414
338.14599	0.23515
339.14729	0.23615
340.14858	0.23715
341.14987	0.2383
342.15116	0.2403
343.15245	0.24215
344.15375	0.24315
345.15504	0.24416
346.15633	0.24516
347.15762	0.24632
348.15891	0.24816
349.16021	0.24916
350.1615	0.25016
351.16279	0.25116
352.16408	0.25233
353.16537	0.25417
354.16667	0.25517
355.16796	0.25617
356.16925	0.25734
357.17054	0.25917
358.17183	0.26017
359.17313	0.26117
360.17442	0.26217
361.17571	0.26318
362.177	0.26418
363.17829	0.26518
364.17959	0.26636
365.18088	0.26818
366.18217	0.26918
367.18346	0.27037
368.18475	0.27218
369.18605	0.27337
370.18734	0.27519
371.18863	0.27619
372.18992	0.27738
373.19121	0.2791
374.19251	0.2796
375.1938	0.28039
376.19509	0.2822
377.19638	0.28339
378.19767	0.2852
379.19897	0.2864
380.20026	0.2881
381.20155	0.2886
382.20284	0.28941
383.20413	0.2912
384.20543	0.29241
385.20672	0.29441
386.20801	0.2961
387.2093	0.2966
388.21059	0.29742
389.21189	0.29942
390.21318	0.30121
391.21447	0.30243
392.21576	0.30422
393.21705	0.30522
394.21835	0.30622
395.21964	0.30744
396.22093	0.30944
397.22222	0.31122
398.22351	0.31222
399.22481	0.31322
400.2261	0.31445
401.22739	0.31623
402.22868	0.31723
403.22997	0.31846
404.23127	0.32046
405.23256	0.32223
406.23385	0.32323
407.23514	0.32447
408.23643	0.32624
409.23773	0.32724
410.23902	0.32824
411.24031	0.32948
412.2416	0.33148
413.24289	0.33324
414.24419	0.33424
415.24548	0.33549
416.24677	0.33737
417.24806	0.33887
418.24935	0.3405
419.25065	0.3425
420.25194	0.34425
421.25323	0.34525
422.25452	0.34651
423.25581	0.34826
424.25711	0.34926
425.2584	0.35052
426.25969	0.35239
427.26098	0.35389
428.26227	0.35552
429.26357	0.35726
430.26486	0.35826
431.26615	0.35953
432.26744	0.3614
433.26873	0.3629
434.27003	0.36454
435.27132	0.36641
436.27261	0.36791
437.2739	0.36955
438.27519	0.37128
439.27649	0.37228
440.27778	0.37383
441.27907	0.37628
442.28036	0.37728
443.28165	0.37884
444.28295	0.38142
445.28424	0.38293
446.28553	0.38429
447.28682	0.38529
448.28811	0.38686
449.28941	0.38943
450.2907	0.39094
451.29199	0.39229
452.29328	0.39329
453.29457	0.39488
454.29587	0.39744
455.29716	0.39895
456.29845	0.40045
457.29974	0.40195
458.30103	0.4039
459.30233	0.4063
460.30362	0.4073
461.30491	0.40846
462.3062	0.40996
463.30749	0.41192
464.30879	0.41446
465.31008	0.41597
466.31137	0.41747
467.31266	0.41897
468.31395	0.42063
469.31525	0.42263
470.31654	0.42495
471.31783	0.42748
472.31912	0.42898
473.32041	0.43048
474.32171	0.43198
475.323	0.43348
476.32429	0.43499
477.32558	0.43665
478.32687	0.43865
479.32817	0.44049
480.32946	0.44199
481.33075	0.44432
482.33204	0.4475
483.33333	0.449
484.33463	0.45067
485.33592	0.45267
486.33721	0.45451
487.3385	0.45601
488.33979	0.45768
489.34109	0.45968
490.34238	0.46168
491.34367	0.46369
492.34496	0.46552
493.34625	0.46702
494.34755	0.4687
495.34884	0.4707
496.35013	0.4727
497.35142	0.4747
498.35271	0.47671
499.35401	0.47871
500.3553	0.48071
501.35659	0.48271
502.35788	0.48472
503.35917	0.48672
504.36047	0.48872
505.36176	0.49072
506.36305	0.49291
507.36434	0.49541
508.36563	0.49773
509.36693	0.49973
510.36822	0.50174
511.36951	0.50374
512.3708	0.50562
513.37209	0.50729
514.37339	0.50896
515.37468	0.51075
516.37597	0.51275
517.37726	0.51494
518.37855	0.51745
519.37984	0.51995
520.38114	0.52245
521.38243	0.52476
522.38372	0.52677
523.38501	0.52896
524.3863	0.53147
525.3876	0.53365
526.38889	0.53531
527.39018	0.53698
528.39147	0.53898
529.39276	0.54148
530.39406	0.54399
531.39535	0.54649
532.39664	0.54919
533.39793	0.55219
534.39922	0.55467
535.40052	0.55633
536.40181	0.558
537.4031	0.56001
538.40439	0.56251
539.40568	0.56522
540.40698	0.56822
541.40827	0.57082
542.40956	0.57282
543.41085	0.57482
544.41214	0.57703
545.41344	0.57953
546.41473	0.58183
547.41602	0.58383
548.41731	0.58583
549.4186	0.58826
550.4199	0.59126
551.42119	0.59384
552.42248	0.59584
553.42377	0.59785
554.42506	0.60049
555.42636	0.60399
556.42765	0.60686
557.42894	0.60886
558.43023	0.61086
559.43152	0.61351
560.43282	0.61701
561.43411	0.61987
562.4354	0.62187
563.43669	0.62387
564.43798	0.62653
565.43928	0.63004
566.44057	0.63303
567.44186	0.63536
568.44315	0.6377
569.44444	0.64056
570.44574	0.64406
571.44703	0.64704
572.44832	0.64938
573.44961	0.65172
574.4509	0.6542
575.4522	0.65687
576.45349	0.65954
577.45478	0.66282
578.45607	0.66682
579.45736	0.67007
580.45866	0.6724
581.45995	0.67474
582.46124	0.67723
583.46253	0.6799
584.46382	0.68257
585.46512	0.6854
586.46641	0.6884
587.4677	0.6914
588.46899	0.69488
589.47028	0.69888
590.47158	0.70241
591.47287	0.70542
592.47416	0.70842
593.47545	0.71127
594.47674	0.71394
595.47804	0.71661
596.47933	0.7196
597.48062	0.72294
598.48191	0.72627
599.4832	0.72945
600.4845	0.73245
601.48579	0.73546
602.48708	0.73846
603.48837	0.74147
604.48966	0.74447
605.49096	0.74764
606.49225	0.75097
607.49354	0.75431
608.49483	0.75765
609.49612	0.76099
610.49742	0.76432
611.49871	0.76783
612.5	0.7715
613.50129	0.77517
614.50258	0.77868
615.50388	0.78201
616.50517	0.78535
617.50646	0.78886
618.50775	0.79253
619.50904	0.7962
620.51034	0.79987
621.51163	0.80354
622.51292	0.80721
623.51421	0.81106
624.5155	0.81506
625.5168	0.81907
626.51809	0.82307
627.51938	0.82708
628.52067	0.83108
629.52196	0.83457
630.52326	0.83757
631.52455	0.84057
632.52584	0.84358
633.52713	0.84728
634.52842	0.85162
635.52972	0.85596
636.53101	0.8603
637.5323	0.86464
638.53359	0.86898
639.53488	0.87332
640.53618	0.87766
641.53747	0.882
642.53876	0.88589
643.54005	0.88939
644.54134	0.89289
645.54264	0.8964
646.54393	0.90054
647.54522	0.90521
648.54651	0.90988
649.5478	0.91405
650.5491	0.91781
651.55039	0.92156
652.55168	0.92532
653.55297	0.92976
654.55426	0.93477
655.55556	0.93978
656.55685	0.94423
657.55814	0.94823
658.55943	0.95224
659.56072	0.95624
660.56202	0.96118
661.56331	0.96686
662.5646	0.97253
663.56589	0.97726
664.56718	0.98127
665.56848	0.98527
666.56977	0.98928
667.57106	0.99443
668.57235	1.00043
669.57364	1.00644
670.57494	1.01159
671.57623	1.01609
672.57752	1.0206
673.57881	1.0251
674.5801	1.02961
675.5814	1.03412
676.58269	1.03862
677.58398	1.04313
678.58527	1.0489
679.58656	1.05558
680.58786	1.06225
681.58915	1.06795
682.59044	1.07295
683.59173	1.07796
684.59302	1.08297
685.59432	1.08797
686.59561	1.09298
687.5969	1.09798
688.59819	1.10299
689.59948	1.1083
690.60078	1.1138
691.60207	1.11931
692.60336	1.12482
693.60465	1.13033
694.60594	1.13583
695.60724	1.14134
696.60853	1.14685
697.60982	1.15251
698.61111	1.15826
699.6124	1.16402
700.6137	1.16978
701.61499	1.17569
702.61628	1.1817
703.61757	1.18771
704.61886	1.19371
705.62016	1.19988
706.62145	1.20613
707.62274	1.21239
708.62403	1.21865
709.62532	1.22491
710.62661	1.23117
711.62791	1.23742
712.6292	1.24368
713.63049	1.25026
714.63178	1.25701
715.63307	1.26377
716.63437	1.27053
717.63566	1.27729
718.63695	1.28405
719.63824	1.29081
720.63953	1.29757
721.64083	1.30449
722.64212	1.31149
723.64341	1.3185
724.6447	1.32551
725.64599	1.33284
726.64729	1.34035
727.64858	1.34786
728.64987	1.35537
729.65116	1.36191
730.65245	1.36791
731.65375	1.37392
732.65504	1.37993
733.65633	1.38594
734.65762	1.3931
735.65891	1.40086
736.66021	1.40862
737.6615	1.41638
738.66279	1.42324
739.66408	1.42965
740.66537	1.43606
741.66667	1.44247
742.66796	1.44887
743.66925	1.45635
744.67054	1.46436
745.67183	1.47237
746.67313	1.48039
747.67442	1.48759
748.67571	1.49439
749.677	1.5012
750.67829	1.50801
751.67959	1.51482
752.68088	1.52279
753.68217	1.5313
754.68346	1.53981
755.68475	1.54832
756.68605	1.55567
757.68734	1.56247
758.68863	1.56928
759.68992	1.57609
760.69121	1.5829
761.69251	1.59106
762.6938	1.59982
763.69509	1.60858
764.69638	1.61734
765.69767	1.62474
766.69897	1.63155
767.70026	1.63836
768.70155	1.64517
769.70284	1.65198
770.70413	1.65893
771.70543	1.66594
772.70672	1.67295
773.70801	1.67996
774.7093	1.68697
775.71059	1.69369
776.71189	1.7003
777.71318	1.70691
778.71447	1.71352
779.71576	1.72012
780.71705	1.72659
781.71835	1.733
782.71964	1.73941
783.72093	1.74581
784.72222	1.75222
785.72351	1.75849
786.72481	1.76469
787.7261	1.7709
788.72739	1.77711
789.72868	1.78332
790.72997	1.78909
791.73127	1.7947
792.73256	1.8003
793.73385	1.80591
794.73514	1.81152
795.73643	1.81668
796.73773	1.82169
797.73902	1.8267
798.74031	1.8317
799.7416	1.83671
800.74289	1.84112
801.74419	1.84533
802.74548	1.84953
803.74677	1.85374
804.74806	1.85794
805.74935	1.8614
806.75065	1.8646
807.75194	1.86781
808.75323	1.87101
809.75452	1.87421
810.75581	1.87639
811.75711	1.87822
812.7584	1.88006
813.75969	1.88189
814.76098	1.88373
815.76227	1.88556
816.76357	1.88661
817.76486	1.88741
818.76615	1.88821
819.76744	1.88901
820.76873	1.88981
821.77003	1.88961
822.77132	1.88911
823.77261	1.88861
824.7739	1.88811
825.77519	1.88761
826.77649	1.88711
827.77778	1.88513
828.77907	1.88273
829.78036	1.88033
830.78165	1.87792
831.78295	1.87552
832.78424	1.87252
833.78553	1.86935
834.78682	1.86618
835.78811	1.863
836.78941	1.85983
837.7907	1.85666
838.79199	1.8523
839.79328	1.84763
840.79457	1.84296
841.79587	1.83829
842.79716	1.83361
843.79845	1.82894
844.79974	1.8224
845.80103	1.81539
846.80233	1.80838
847.80362	1.80137
848.80491	1.79437
849.8062	1.78736
850.80749	1.78035
851.80879	1.77334
852.81008	1.76633
853.81137	1.75932
854.81266	1.75231
855.81395	1.74449
856.81525	1.73648
857.81654	1.72847
858.81783	1.72046
859.81912	1.71245
860.82041	1.70444
861.82171	1.69574
862.823	1.6869
863.82429	1.67805
864.82558	1.66921
865.82687	1.66036
866.82817	1.65152
867.82946	1.6424
868.83075	1.63322
869.83204	1.62404
870.83333	1.61486
871.83463	1.60568
872.83592	1.5965
873.83721	1.58705
874.8385	1.57753
875.83979	1.56802
876.84109	1.55851
877.84238	1.549
878.84367	1.53949
879.84496	1.53124
880.84625	1.52323
881.84755	1.51522
882.84884	1.50721
883.85013	1.4992
884.85142	1.49119
885.85271	1.48318
886.85401	1.47446
887.8553	1.46561
888.85659	1.45677
889.85788	1.44792
890.85917	1.43908
891.86047	1.43023
892.86176	1.42272
893.86305	1.41543
894.86434	1.40813
895.86563	1.40084
896.86693	1.39354
897.86822	1.38625
898.86951	1.37895
899.8708	1.37118
900.87209	1.36334
901.87339	1.35549
902.87468	1.34765
903.87597	1.3398
904.87726	1.33196
905.87855	1.3256
906.87984	1.31945
907.88114	1.3133
908.88243	1.30715
909.88372	1.301
910.88501	1.29485
911.8863	1.2887
912.8876	1.28293
913.88889	1.27721
914.89018	1.27148
915.89147	1.26576
916.89276	1.26004
917.89406	1.25432
918.89535	1.2486
919.89664	1.24277
920.89793	1.23693
921.89922	1.23109
922.90052	1.22525
923.90181	1.21941
924.9031	1.21357
925.90439	1.20874
926.90568	1.20402
927.90698	1.1993
928.90827	1.19458
929.90956	1.18985
930.91085	1.18513
931.91214	1.18041
932.91344	1.17622
933.91473	1.17207
934.91602	1.16792
935.91731	1.16377
936.9186	1.15962
937.9199	1.15547
938.92119	1.15133
939.92248	1.14777
940.92377	1.14427
941.92506	1.14076
942.92636	1.13726
943.92765	1.13375
944.92894	1.13025
945.93023	1.12674
946.93152	1.12324
947.93282	1.11954
948.93411	1.11582
949.9354	1.1121
950.93669	1.10838
951.93798	1.10466
952.93928	1.10094
953.94057	1.09722
954.94186	1.09364
955.94315	1.09006
956.94444	1.08648
957.94574	1.08291
958.94703	1.07933
959.94832	1.07576
960.94961	1.07218
961.9509	1.06903
962.9522	1.0659
963.95349	1.06277
964.95478	1.05964
965.95607	1.05651
966.95736	1.05338
967.95866	1.05025
968.95995	1.04713
969.96124	1.04343
970.96253	1.03971
971.96382	1.03599
972.96512	1.03227
973.96641	1.02855
974.9677	1.02483
975.96899	1.02112
976.97028	1.01797
977.97158	1.01484
978.97287	1.01171
979.97416	1.00858
980.97545	1.00545
981.97674	1.00232
982.97804	0.99919
983.97933	0.99606
984.98062	0.99294
985.98191	0.98981
986.9832	0.98668
987.9845	0.98355
988.98579	0.98042
989.98708	0.97729
990.98837	0.97416
991.98966	0.97103
992.99096	0.96778
993.99225	0.96453
994.99354	0.96127
995.99483	0.95802
996.99612	0.95476
997.99742	0.95151
998.99871	0.94825
1000	0.945