225	1.99
226.00129	2.00001
227.00258	2.00904
228.00388	2.02303
229.00517	2.03207
230.00646	2.04606
231.00775	2.05607
232.00904	2.06509
233.01034	2.07514
234.01163	2.08912
235.01292	2.09913
236.01421	2.10914
237.0155	2.11922
238.0168	2.13317
239.01809	2.1432
240.01938	2.15419
241.02067	2.16421
242.02196	2.17422
243.02326	2.18426
244.02455	2.19525
245.02584	2.20528
246.02713	2.21627
247.02842	2.22645
248.02972	2.24233
249.03101	2.25316
250.0323	2.25836
251.03359	2.26937
252.03488	2.28038
253.03618	2.2914
254.03747	2.30245
255.03876	2.31443
256.04005	2.32544
257.04134	2.3365
258.04264	2.34847
259.04393	2.35926
260.04522	2.36554
261.04651	2.37751
262.0478	2.38857
263.0491	2.40059
264.05039	2.4123
265.05168	2.41862
266.05297	2.43064
267.05426	2.44271
268.05556	2.45533
269.05685	2.46168
270.05814	2.47376
271.05943	2.48636
272.06072	2.49279
273.06202	2.50574
274.06331	2.51744
275.0646	2.52484
276.06589	2.53786
277.06718	2.5504
278.06848	2.55689
279.06977	2.56949
280.07106	2.57692
281.07235	2.59001
282.07364	2.60352
283.07494	2.61097
284.07623	2.62353
285.07752	2.63109
286.07881	2.64455
287.0801	2.65212
288.0814	2.66557
289.08269	2.67316
290.08398	2.68659
291.08527	2.69419
292.08656	2.70761
293.08786	2.7147
294.08915	2.72325
295.09044	2.73672
296.09173	2.74528
297.09302	2.75874
298.09432	2.76666
299.09561	2.77443
300.0969	2.78878
301.09819	2.79747
302.09948	2.8118
303.10078	2.81971
304.10207	2.82763
305.10336	2.84283
306.10465	2.85073
307.10594	2.8587
308.10724	2.87386
309.10853	2.88187
310.10982	2.88988
311.11111	2.89878
312.1124	2.9139
313.1137	2.92191
314.11499	2.93003
315.11628	2.93986
316.11757	2.95494
317.11886	2.96307
318.12016	2.97196
319.12145	2.98106
320.12274	2.9971
321.12403	3.00599
322.12532	3.01413
323.12661	3.02301
324.12791	3.0323
325.1292	3.04916
326.13049	3.05804
327.13178	3.06619
328.13307	3.0752
329.13437	3.08421
330.13566	3.09322
331.13695	3.10347
332.13824	3.12024
333.13953	3.12926
334.14083	3.13841
335.14212	3.14828
336.14341	3.15729
337.1447	3.1663
338.14599	3.17546
339.14729	3.18533
340.14858	3.19449
341.14987	3.20435
342.15116	3.21502
343.15245	3.23337
344.15375	3.24254
345.15504	3.25255
346.15633	3.26256
347.15762	3.27242
348.15891	3.28159
349.16021	3.29176
350.1615	3.30261
351.16279	3.31263
352.16408	3.32264
353.16537	3.33265
354.16667	3.34267
355.16796	3.35285
356.16925	3.36369
357.17054	3.37371
358.17183	3.38389
359.17313	3.39473
360.17442	3.40396
361.17571	3.40947
362.177	3.41595
363.17829	3.42678
364.17959	3.43698
365.18088	3.44799
366.18217	3.459
367.18346	3.47002
368.18475	3.48103
369.18605	3.49205
370.18734	3.50306
371.18863	3.51407
372.18992	3.52528
373.19121	3.53605
374.19251	3.54156
375.1938	3.54813
376.19509	3.55934
377.19638	3.57116
378.19767	3.58237
379.19897	3.59439
380.20026	3.6051
381.20155	3.61061
382.20284	3.61743
383.20413	3.62945
384.20543	3.64147
385.20672	3.65348
386.20801	3.66425
387.2093	3.67026
388.21059	3.67753
389.21189	3.68975
390.21318	3.70256
391.21447	3.71457
392.21576	3.7254
393.21705	3.73191
394.21835	3.73962
395.21964	3.75186
396.22093	3.76465
397.22222	3.77544
398.22351	3.78195
399.22481	3.78992
400.2261	3.80294
401.22739	3.81448
402.22868	3.82099
403.22997	3.82899
404.23127	3.84201
405.23256	3.85351
406.23385	3.86002
407.23514	3.86829
408.23643	3.88207
409.23773	3.89366
410.23902	3.90067
411.24031	3.90912
412.2416	3.92238
413.24289	3.9347
414.24419	3.94171
415.24548	3.95044
416.24677	3.9626
417.24806	3.96911
418.24935	3.97749
419.25065	3.99176
420.25194	4.00476
421.25323	4.01177
422.25452	4.02056
423.25581	4.03292
424.25711	4.04043
425.2584	4.04962
426.25969	4.06195
427.26098	4.06946
428.26227	4.07867
429.26357	4.09098
430.26486	4.09849
431.26615	4.10799
432.26744	4.12101
433.26873	4.12852
434.27003	4.13805
435.27132	4.15103
436.27261	4.15854
437.2739	4.16811
438.27519	4.1812
439.27649	4.18921
440.27778	4.19917
441.27907	4.21223
442.28036	4.22024
443.28165	4.23022
444.28295	4.24326
445.28424	4.25127
446.28553	4.25928
447.28682	4.26729
448.28811	4.27761
449.28941	4.29132
450.2907	4.29933
451.29199	4.30748
452.29328	4.31599
453.29457	4.32671
454.29587	4.34037
455.29716	4.34838
456.29845	4.35654
457.29974	4.36505
458.30103	4.37612
459.30233	4.39057
460.30362	4.39908
461.30491	4.40759
462.3062	4.4161
463.30749	4.42723
464.30879	4.44162
465.31008	4.45014
466.31137	4.45865
467.31266	4.46716
468.31395	4.47583
469.31525	4.48484
470.31654	4.49638
471.31783	4.51086
472.31912	4.51987
473.32041	4.52888
474.32171	4.5379
475.323	4.54691
476.32429	4.55592
477.32558	4.56493
478.32687	4.57394
479.32817	4.58295
480.32946	4.59197
481.33075	4.60395
482.33204	4.61915
483.33333	4.62867
484.33463	4.63801
485.33592	4.64702
486.33721	4.6562
487.3385	4.66572
488.33979	4.67523
489.34109	4.68474
490.34238	4.69425
491.34367	4.70376
492.34496	4.71345
493.34625	4.72346
494.34755	4.7333
495.34884	4.74281
496.35013	4.75233
497.35142	4.76184
498.35271	4.77153
499.35401	4.78154
500.3553	4.79155
501.35659	4.80157
502.35788	4.81158
503.35917	4.82159
504.36047	4.8316
505.36176	4.84162
506.36305	4.85163
507.36434	4.86164
508.36563	4.87184
509.36693	4.88235
510.36822	4.89268
511.36951	4.9027
512.3708	4.9116
513.37209	4.9186
514.37339	4.92561
515.37468	4.93393
516.37597	4.94445
517.37726	4.95496
518.37855	4.96547
519.37984	4.97618
520.38114	4.98719
521.38243	4.99802
522.38372	5.00853
523.38501	5.01924
524.3863	5.03025
525.3876	5.03971
526.38889	5.04672
527.39018	5.05373
528.39147	5.06231
529.39276	5.07332
530.39406	5.08453
531.39535	5.09605
532.39664	5.10736
533.39793	5.11838
534.39922	5.12793
535.40052	5.13527
536.40181	5.14261
537.4031	5.15164
538.40439	5.16315
539.40568	5.17467
540.40698	5.18618
541.40827	5.19613
542.40956	5.20381
543.41085	5.21148
544.41214	5.22074
545.41344	5.23225
546.41473	5.24232
547.41602	5.25033
548.41731	5.25834
549.4186	5.26781
550.4199	5.27933
551.42119	5.28937
552.42248	5.29738
553.42377	5.30539
554.42506	5.3151
555.42636	5.32712
556.42765	5.33742
557.42894	5.34543
558.43023	5.35344
559.43152	5.36339
560.43282	5.37591
561.43411	5.38662
562.4354	5.39496
563.43669	5.40331
564.43798	5.41326
565.43928	5.42527
566.44057	5.43582
567.44186	5.4445
568.44315	5.45317
569.44444	5.46356
570.44574	5.47607
571.44703	5.48673
572.44832	5.49507
573.44961	5.50341
574.4509	5.51191
575.4522	5.52059
576.45349	5.52926
577.45478	5.53991
578.45607	5.55293
579.45736	5.56396
580.45866	5.57264
581.45995	5.58132
582.46124	5.59
583.46253	5.59868
584.46382	5.60735
585.46512	5.61619
586.46641	5.6252
587.4677	5.63421
588.46899	5.6451
589.47028	5.65811
590.47158	5.66924
591.47287	5.67826
592.47416	5.68727
593.47545	5.69644
594.47674	5.70578
595.47804	5.71513
596.47933	5.72431
597.48062	5.73333
598.48191	5.74234
599.4832	5.75135
600.4845	5.76036
601.48579	5.76937
602.48708	5.77855
603.48837	5.78789
604.48966	5.79724
605.49096	5.80658
606.49225	5.81593
607.49354	5.82527
608.49483	5.83478
609.49612	5.84446
610.49742	5.85414
611.49871	5.86365
612.5	5.873
613.50129	5.88235
614.50258	5.89186
615.50388	5.90154
616.50517	5.91122
617.50646	5.9209
618.50775	5.93057
619.50904	5.94025
620.51034	5.94993
621.51163	5.95961
622.51292	5.96929
623.51421	5.97897
624.5155	5.98865
625.5168	5.99833
626.51809	6.00818
627.51938	6.01819
628.52067	6.02821
629.52196	6.03678
630.52326	6.04404
631.52455	6.0513
632.52584	6.05856
633.52713	6.06727
634.52842	6.07728
635.52972	6.0873
636.53101	6.09731
637.5323	6.10732
638.53359	6.11734
639.53488	6.12735
640.53618	6.13736
641.53747	6.14737
642.53876	6.15618
643.54005	6.16394
644.54134	6.1717
645.54264	6.17946
646.54393	6.18844
647.54522	6.19845
648.54651	6.20847
649.5478	6.21725
650.5491	6.22501
651.55039	6.23277
652.55168	6.24053
653.55297	6.24971
654.55426	6.26006
655.55556	6.27041
656.55685	6.27932
657.55814	6.28708
658.55943	6.29484
659.56072	6.3026
660.56202	6.31181
661.56331	6.32215
662.5646	6.3325
663.56589	6.34139
664.56718	6.34915
665.56848	6.35691
666.56977	6.36467
667.57106	6.3739
668.57235	6.38425
669.57364	6.39459
670.57494	6.40346
671.57623	6.41122
672.57752	6.41898
673.57881	6.42674
674.5801	6.4345
675.5814	6.44226
676.58269	6.45002
677.58398	6.45778
678.58527	6.46705
679.58656	6.47739
680.58786	6.48774
681.58915	6.49657
682.59044	6.50433
683.59173	6.51209
684.59302	6.51985
685.59432	6.52761
686.59561	6.53537
687.5969	6.54313
688.59819	6.55089
689.59948	6.55865
690.60078	6.56641
691.60207	6.57417
692.60336	6.58193
693.60465	6.58953
694.60594	6.59704
695.60724	6.60455
696.60853	6.61206
697.60982	6.61957
698.61111	6.62708
699.6124	6.63459
700.6137	6.6421
701.61499	6.64961
702.61628	6.65712
703.61757	6.66463
704.61886	6.67214
705.62016	6.67965
706.62145	6.68716
707.62274	6.69467
708.62403	6.70218
709.62532	6.70953
710.62661	6.71679
711.62791	6.72405
712.6292	6.73131
713.63049	6.73841
714.63178	6.74542
715.63307	6.75243
716.63437	6.75944
717.63566	6.76629
718.63695	6.77305
719.63824	6.77981
720.63953	6.78657
721.64083	6.79333
722.64212	6.80008
723.64341	6.80684
724.6447	6.8136
725.64599	6.8202
726.64729	6.82671
727.64858	6.83322
728.64987	6.83972
729.65116	6.84513
730.65245	6.84993
731.65375	6.85474
732.65504	6.85954
733.65633	6.86435
734.65762	6.86995
735.65891	6.87595
736.66021	6.88196
737.6615	6.88797
738.66279	6.89278
739.66408	6.89699
740.66537	6.90119
741.66667	6.9054
742.66796	6.90961
743.66925	6.91435
744.67054	6.91935
745.67183	6.92436
746.67313	6.92937
747.67442	6.93356
748.67571	6.93737
749.677	6.94117
750.67829	6.94498
751.67959	6.94878
752.68088	6.95272
753.68217	6.95673
754.68346	6.96073
755.68475	6.96474
756.68605	6.96792
757.68734	6.97072
758.68863	6.97353
759.68992	6.97633
760.69121	6.97914
761.69251	6.9819
762.6938	6.98466
763.69509	6.98741
764.69638	6.99017
765.69767	6.99212
766.69897	6.99372
767.70026	6.99532
768.70155	6.99692
769.70284	6.99852
770.70413	6.9997
771.70543	7.00071
772.70672	7.00171
773.70801	7.00271
774.7093	7.00371
775.71059	7.00428
776.71189	7.00468
777.71318	7.00509
778.71447	7.00549
779.71576	7.00589
780.71705	7.00571
781.71835	7.00531
782.71964	7.00491
783.72093	7.00451
784.72222	7.00411
785.72351	7.00328
786.72481	7.00228
787.7261	7.00127
788.72739	7.00027
789.72868	6.99927
790.72997	6.99754
791.73127	6.99554
792.73256	6.99353
793.73385	6.99153
794.73514	6.98953
795.73643	6.98709
796.73773	6.98448
797.73902	6.98188
798.74031	6.97928
799.7416	6.97667
800.74289	6.97347
801.74419	6.97007
802.74548	6.96667
803.74677	6.96326
804.74806	6.95986
805.74935	6.956
806.75065	6.952
807.75194	6.94799
808.75323	6.94399
809.75452	6.93998
810.75581	6.93598
811.75711	6.93197
812.7584	6.92797
813.75969	6.92396
814.76098	6.91996
815.76227	6.91595
816.76357	6.91118
817.76486	6.90618
818.76615	6.90117
819.76744	6.89616
820.76873	6.89116
821.77003	6.88653
822.77132	6.88203
823.77261	6.87752
824.7739	6.87302
825.77519	6.86851
826.77649	6.86401
827.77778	6.8588
828.77907	6.85339
829.78036	6.84799
830.78165	6.84258
831.78295	6.83717
832.78424	6.83273
833.78553	6.82856
834.78682	6.82439
835.78811	6.82022
836.78941	6.81604
837.7907	6.81187
838.79199	6.80796
839.79328	6.80413
840.79457	6.80029
841.79587	6.79645
842.79716	6.79261
843.79845	6.78877
844.79974	6.78512
845.80103	6.78152
846.80233	6.77791
847.80362	6.77431
848.80491	6.7707
849.8062	6.76825
850.80749	6.76608
851.80879	6.76391
852.81008	6.76174
853.81137	6.75958
854.81266	6.75741
855.81395	6.75632
856.81525	6.75549
857.81654	6.75465
858.81783	6.75382
859.81912	6.75298
860.82041	6.75215
861.82171	6.75241
862.823	6.75291
863.82429	6.75341
864.82558	6.75391
865.82687	6.75441
866.82817	6.75491
867.82946	6.75666
868.83075	6.75866
869.83204	6.76066
870.83333	6.76267
871.83463	6.76467
872.83592	6.76667
873.83721	6.76979
874.8385	6.77313
875.83979	6.77647
876.84109	6.7798
877.84238	6.78314
878.84367	6.78648
879.84496	6.7905
880.84625	6.79465
881.84755	6.7988
882.84884	6.80295
883.85013	6.80709
884.85142	6.81124
885.85271	6.81539
886.85401	6.82112
887.8553	6.82713
888.85659	6.83314
889.85788	6.83915
890.85917	6.84516
891.86047	6.85116
892.86176	6.85717
893.86305	6.86318
894.86434	6.86919
895.86563	6.87519
896.86693	6.8812
897.86822	6.88721
898.86951	6.89322
899.8708	6.90097
900.87209	6.90898
901.87339	6.91699
902.87468	6.925
903.87597	6.93301
904.87726	6.94102
905.87855	6.94853
906.87984	6.95596
907.88114	6.9634
908.88243	6.97084
909.88372	6.97828
910.88501	6.98572
911.8863	6.99316
912.8876	7.00085
913.88889	7.00857
914.89018	7.0163
915.89147	7.02402
916.89276	7.03174
917.89406	7.03947
918.89535	7.04719
919.89664	7.05652
920.89793	7.06603
921.89922	7.07554
922.90052	7.08505
923.90181	7.09457
924.9031	7.10408
925.90439	7.11249
926.90568	7.12079
927.90698	7.12909
928.90827	7.13738
929.90956	7.14568
930.91085	7.15398
931.91214	7.16227
932.91344	7.17057
933.91473	7.17886
934.91602	7.18716
935.91731	7.19546
936.9186	7.20375
937.9199	7.21205
938.92119	7.22035
939.92248	7.22769
940.92377	7.23495
941.92506	7.24221
942.92636	7.24947
943.92765	7.25673
944.92894	7.26398
945.93023	7.27124
946.93152	7.2785
947.93282	7.28686
948.93411	7.2953
949.9354	7.30374
950.93669	7.31218
951.93798	7.32062
952.93928	7.32906
953.94057	7.3375
954.94186	7.3458
955.94315	7.3541
956.94444	7.3624
957.94574	7.37069
958.94703	7.37899
959.94832	7.38729
960.94961	7.39558
961.9509	7.40301
962.9522	7.4104
963.95349	7.41778
964.95478	7.42517
965.95607	7.43255
966.95736	7.43994
967.95866	7.44732
968.95995	7.4547
969.96124	7.4631
970.96253	7.47154
971.96382	7.47998
972.96512	7.48842
973.96641	7.49686
974.9677	7.5053
975.96899	7.51374
976.97028	7.52116
977.97158	7.52854
978.97287	7.53592
979.97416	7.54331
980.97545	7.55069
981.97674	7.55808
982.97804	7.56546
983.97933	7.57285
984.98062	7.58035
985.98191	7.58786
986.9832	7.59537
987.9845	7.60288
988.98579	7.61039
989.98708	7.6179
990.98837	7.62541
991.98966	7.63292
992.99096	7.64043
993.99225	7.64794
994.99354	7.65545
995.99483	7.66296
996.99612	7.67047
997.99742	7.67798
998.99871	7.68549
1000	7.693