# E (eV)  ldosup(E)  ldosdw(E) pdosup(E)  pdosdw(E)  pdosup(E)  pdosdw(E)  pdosup(E)  pdosdw(E) 
  -4.000  0.992E-01  0.261E+00  0.214E-02  0.279E-02  0.485E-01  0.129E+00  0.485E-01  0.129E+00
  -3.950  0.965E-01  0.202E+00  0.243E-02  0.368E-02  0.470E-01  0.991E-01  0.470E-01  0.991E-01
  -3.900  0.943E-01  0.996E-01  0.278E-02  0.203E-02  0.458E-01  0.488E-01  0.458E-01  0.488E-01
  -3.850  0.914E-01  0.972E-01  0.315E-02  0.230E-02  0.441E-01  0.475E-01  0.441E-01  0.475E-01
  -3.800  0.922E-01  0.951E-01  0.373E-02  0.260E-02  0.442E-01  0.462E-01  0.442E-01  0.462E-01
  -3.750  0.424E+00  0.934E-01  0.216E+00  0.301E-02  0.104E+00  0.452E-01  0.104E+00  0.452E-01
  -3.700  0.396E+00  0.939E-01  0.191E+00  0.348E-02  0.102E+00  0.452E-01  0.102E+00  0.452E-01
  -3.650  0.353E+00  0.390E+00  0.175E+00  0.192E+00  0.890E-01  0.992E-01  0.890E-01  0.992E-01
  -3.600  0.337E+00  0.409E+00  0.170E+00  0.204E+00  0.832E-01  0.102E+00  0.832E-01  0.102E+00
  -3.550  0.336E+00  0.365E+00  0.178E+00  0.180E+00  0.791E-01  0.923E-01  0.791E-01  0.923E-01
  -3.500  0.353E+00  0.345E+00  0.195E+00  0.174E+00  0.789E-01  0.853E-01  0.789E-01  0.853E-01
  -3.450  0.392E+00  0.342E+00  0.224E+00  0.180E+00  0.844E-01  0.809E-01  0.844E-01  0.809E-01
  -3.400  0.486E+00  0.354E+00  0.304E+00  0.194E+00  0.912E-01  0.803E-01  0.912E-01  0.803E-01
  -3.350  0.712E+00  0.383E+00  0.479E+00  0.215E+00  0.117E+00  0.842E-01  0.117E+00  0.842E-01
  -3.300  0.113E+01  0.448E+00  0.824E+00  0.269E+00  0.153E+00  0.894E-01  0.153E+00  0.894E-01
  -3.250  0.637E-01  0.576E+00  0.774E-03  0.361E+00  0.315E-01  0.107E+00  0.315E-01  0.107E+00
  -3.200  0.617E-01  0.114E+01  0.662E-03  0.877E+00  0.305E-01  0.132E+00  0.305E-01  0.132E+00
  -3.150  0.252E+01  0.654E-01  0.113E+01  0.790E-03  0.693E+00  0.323E-01  0.693E+00  0.323E-01
  -3.100  0.701E+00  0.821E+00  0.300E+00  0.361E+00  0.201E+00  0.230E+00  0.201E+00  0.230E+00
  -3.050  0.382E+00  0.535E+00  0.796E-01  0.226E+00  0.151E+00  0.155E+00  0.151E+00  0.155E+00
  -3.000  0.370E+00  0.120E+01  0.562E-01  0.482E+00  0.157E+00  0.359E+00  0.157E+00  0.359E+00
  -2.950  0.370E+00  0.352E+00  0.429E-01  0.652E-01  0.164E+00  0.144E+00  0.164E+00  0.144E+00
  -2.900  0.402E+00  0.351E+00  0.480E-01  0.492E-01  0.177E+00  0.151E+00  0.177E+00  0.151E+00
  -2.850  0.463E+00  0.367E+00  0.511E-01  0.435E-01  0.206E+00  0.162E+00  0.206E+00  0.162E+00
  -2.800  0.551E+00  0.429E+00  0.717E-01  0.616E-01  0.239E+00  0.184E+00  0.239E+00  0.184E+00
  -2.750  0.427E+00  0.449E+00  0.458E-01  0.498E-01  0.190E+00  0.200E+00  0.190E+00  0.200E+00
  -2.700  0.456E+00  0.668E+00  0.745E-01  0.891E-01  0.191E+00  0.290E+00  0.191E+00  0.290E+00
  -2.650  0.601E+00  0.454E+00  0.865E-01  0.380E-01  0.257E+00  0.208E+00  0.257E+00  0.208E+00
  -2.600  0.101E+01  0.536E+00  0.925E-01  0.118E+00  0.461E+00  0.209E+00  0.461E+00  0.209E+00
  -2.550  0.519E+00  0.521E+00  0.980E-01  0.101E+00  0.210E+00  0.210E+00  0.210E+00  0.210E+00
  -2.500  0.401E+00  0.731E+00  0.117E+00  0.100E+00  0.142E+00  0.316E+00  0.142E+00  0.316E+00
  -2.450  0.350E+00  0.773E+00  0.123E+00  0.112E+00  0.113E+00  0.331E+00  0.113E+00  0.331E+00
  -2.400  0.368E+00  0.438E+00  0.131E+00  0.131E+00  0.119E+00  0.154E+00  0.119E+00  0.154E+00
  -2.350  0.371E+00  0.379E+00  0.142E+00  0.138E+00  0.114E+00  0.121E+00  0.114E+00  0.121E+00
  -2.300  0.400E+00  0.405E+00  0.152E+00  0.153E+00  0.124E+00  0.126E+00  0.124E+00  0.126E+00
  -2.250  0.427E+00  0.400E+00  0.170E+00  0.157E+00  0.129E+00  0.121E+00  0.129E+00  0.121E+00
  -2.200  0.389E+00  0.492E+00  0.155E+00  0.188E+00  0.117E+00  0.152E+00  0.117E+00  0.152E+00
  -2.150  0.433E+00  0.431E+00  0.147E+00  0.167E+00  0.143E+00  0.132E+00  0.143E+00  0.132E+00
  -2.100  0.366E+00  0.430E+00  0.131E+00  0.149E+00  0.118E+00  0.141E+00  0.118E+00  0.141E+00
  -2.050  0.349E+00  0.374E+00  0.127E+00  0.133E+00  0.111E+00  0.120E+00  0.111E+00  0.120E+00
  -2.000  0.361E+00  0.362E+00  0.132E+00  0.132E+00  0.115E+00  0.115E+00  0.115E+00  0.115E+00
  -1.950  0.387E+00  0.366E+00  0.139E+00  0.135E+00  0.124E+00  0.115E+00  0.124E+00  0.115E+00
  -1.900  0.367E+00  0.369E+00  0.133E+00  0.135E+00  0.117E+00  0.117E+00  0.117E+00  0.117E+00
  -1.850  0.357E+00  0.388E+00  0.131E+00  0.139E+00  0.113E+00  0.124E+00  0.113E+00  0.124E+00
  -1.800  0.343E+00  0.399E+00  0.132E+00  0.152E+00  0.106E+00  0.124E+00  0.106E+00  0.124E+00
  -1.750  0.340E+00  0.385E+00  0.133E+00  0.140E+00  0.103E+00  0.123E+00  0.103E+00  0.123E+00
  -1.700  0.347E+00  0.368E+00  0.136E+00  0.138E+00  0.106E+00  0.115E+00  0.106E+00  0.115E+00
  -1.650  0.353E+00  0.370E+00  0.141E+00  0.140E+00  0.106E+00  0.115E+00  0.106E+00  0.115E+00
  -1.600  0.381E+00  0.372E+00  0.153E+00  0.144E+00  0.114E+00  0.114E+00  0.114E+00  0.114E+00
  -1.550  0.422E+00  0.377E+00  0.174E+00  0.147E+00  0.124E+00  0.115E+00  0.124E+00  0.115E+00
  -1.500  0.441E+00  0.405E+00  0.194E+00  0.160E+00  0.123E+00  0.122E+00  0.123E+00  0.122E+00
  -1.450  0.332E+00  0.461E+00  0.119E+00  0.189E+00  0.106E+00  0.136E+00  0.106E+00  0.136E+00
  -1.400  0.356E+00  0.511E+00  0.131E+00  0.217E+00  0.113E+00  0.147E+00  0.113E+00  0.147E+00
  -1.350  0.392E+00  0.444E+00  0.147E+00  0.168E+00  0.122E+00  0.138E+00  0.122E+00  0.138E+00
  -1.300  0.411E+00  0.409E+00  0.154E+00  0.141E+00  0.128E+00  0.134E+00  0.128E+00  0.134E+00
  -1.250  0.595E+00  0.554E+00  0.256E+00  0.191E+00  0.170E+00  0.181E+00  0.170E+00  0.181E+00
  -1.200  0.618E+00  0.558E+00  0.265E+00  0.226E+00  0.176E+00  0.166E+00  0.176E+00  0.166E+00
  -1.150  0.532E+00  0.671E+00  0.227E+00  0.270E+00  0.152E+00  0.201E+00  0.152E+00  0.201E+00
  -1.100  0.417E+00  0.735E+00  0.171E+00  0.292E+00  0.123E+00  0.221E+00  0.123E+00  0.221E+00
  -1.050  0.280E+00  0.332E+00  0.938E-01  0.143E+00  0.932E-01  0.949E-01  0.932E-01  0.949E-01
  -1.000  0.133E+00  0.276E+00  0.352E-01  0.111E+00  0.487E-01  0.824E-01  0.487E-01  0.824E-01
  -0.950  0.106E+00  0.214E+00  0.295E-01  0.827E-01  0.384E-01  0.658E-01  0.384E-01  0.658E-01
  -0.900  0.908E-01  0.175E+00  0.252E-01  0.613E-01  0.328E-01  0.568E-01  0.328E-01  0.568E-01
  -0.850  0.744E-01  0.141E+00  0.245E-01  0.417E-01  0.249E-01  0.495E-01  0.249E-01  0.495E-01
  -0.800  0.697E-01  0.114E+00  0.246E-01  0.285E-01  0.226E-01  0.428E-01  0.226E-01  0.428E-01
  -0.750  0.726E-01  0.991E-01  0.306E-01  0.243E-01  0.210E-01  0.374E-01  0.210E-01  0.374E-01
  -0.700  0.828E-01  0.926E-01  0.399E-01  0.225E-01  0.215E-01  0.351E-01  0.215E-01  0.351E-01
  -0.650  0.950E-01  0.853E-01  0.461E-01  0.211E-01  0.245E-01  0.321E-01  0.245E-01  0.321E-01
  -0.600  0.108E+00  0.770E-01  0.511E-01  0.206E-01  0.287E-01  0.282E-01  0.287E-01  0.282E-01
  -0.550  0.108E+00  0.732E-01  0.515E-01  0.203E-01  0.285E-01  0.265E-01  0.285E-01  0.265E-01
  -0.500  0.109E+00  0.695E-01  0.522E-01  0.200E-01  0.285E-01  0.248E-01  0.285E-01  0.248E-01
  -0.450  0.111E+00  0.646E-01  0.543E-01  0.189E-01  0.285E-01  0.228E-01  0.285E-01  0.228E-01
  -0.400  0.114E+00  0.600E-01  0.568E-01  0.185E-01  0.288E-01  0.208E-01  0.288E-01  0.208E-01
  -0.350  0.118E+00  0.567E-01  0.585E-01  0.181E-01  0.299E-01  0.193E-01  0.299E-01  0.193E-01
  -0.300  0.122E+00  0.535E-01  0.615E-01  0.176E-01  0.302E-01  0.180E-01  0.302E-01  0.180E-01
  -0.250  0.131E+00  0.753E-01  0.701E-01  0.345E-01  0.304E-01  0.204E-01  0.304E-01  0.204E-01
  -0.200  0.105E+00  0.899E-01  0.473E-01  0.424E-01  0.288E-01  0.238E-01  0.288E-01  0.238E-01
  -0.150  0.112E+00  0.873E-01  0.531E-01  0.410E-01  0.294E-01  0.232E-01  0.294E-01  0.232E-01
  -0.100  0.135E+00  0.882E-01  0.703E-01  0.413E-01  0.326E-01  0.234E-01  0.326E-01  0.234E-01
  -0.050  0.174E+00  0.896E-01  0.106E+00  0.417E-01  0.340E-01  0.240E-01  0.340E-01  0.240E-01
   0.000  0.157E+00  0.918E-01  0.947E-01  0.422E-01  0.310E-01  0.248E-01  0.310E-01  0.248E-01
   0.050  0.122E+00  0.928E-01  0.666E-01  0.424E-01  0.275E-01  0.252E-01  0.275E-01  0.252E-01
   0.100  0.106E+00  0.936E-01  0.574E-01  0.427E-01  0.240E-01  0.255E-01  0.240E-01  0.255E-01
   0.150  0.792E-01  0.944E-01  0.384E-01  0.432E-01  0.204E-01  0.256E-01  0.204E-01  0.256E-01
   0.200  0.739E-01  0.963E-01  0.348E-01  0.449E-01  0.195E-01  0.257E-01  0.195E-01  0.257E-01
   0.250  0.735E-01  0.936E-01  0.343E-01  0.433E-01  0.196E-01  0.251E-01  0.196E-01  0.251E-01
   0.300  0.668E-01  0.918E-01  0.308E-01  0.426E-01  0.180E-01  0.246E-01  0.180E-01  0.246E-01
   0.350  0.629E-01  0.914E-01  0.291E-01  0.420E-01  0.169E-01  0.247E-01  0.169E-01  0.247E-01
   0.400  0.604E-01  0.990E-01  0.270E-01  0.475E-01  0.167E-01  0.257E-01  0.167E-01  0.257E-01
   0.450  0.541E-01  0.109E+00  0.239E-01  0.558E-01  0.151E-01  0.264E-01  0.151E-01  0.264E-01
   0.500  0.541E-01  0.134E+00  0.230E-01  0.768E-01  0.155E-01  0.285E-01  0.155E-01  0.285E-01
   0.550  0.415E-01  0.286E+00  0.166E-01  0.169E+00  0.124E-01  0.587E-01  0.124E-01  0.587E-01
   0.600  0.354E-01  0.754E-01  0.135E-01  0.392E-01  0.110E-01  0.181E-01  0.110E-01  0.181E-01
   0.650  0.691E-01  0.768E-01  0.819E-02  0.357E-01  0.305E-01  0.205E-01  0.305E-01  0.205E-01
   0.700  0.115E+00  0.812E-01  0.614E-02  0.351E-01  0.545E-01  0.231E-01  0.545E-01  0.231E-01
   0.750  0.118E+00  0.755E-01  0.382E-02  0.278E-01  0.570E-01  0.239E-01  0.570E-01  0.239E-01
   0.800  0.129E+00  0.772E-01  0.479E-02  0.265E-01  0.620E-01  0.253E-01  0.620E-01  0.253E-01
   0.850  0.658E+00  0.817E-01  0.845E-01  0.253E-01  0.287E+00  0.282E-01  0.287E+00  0.282E-01
   0.900  0.149E+01  0.814E-01  0.746E+00  0.219E-01  0.373E+00  0.298E-01  0.373E+00  0.298E-01
   0.950  0.799E+00  0.825E-01  0.226E+00  0.194E-01  0.286E+00  0.316E-01  0.286E+00  0.316E-01
   1.000  0.620E+00  0.852E-01  0.530E-01  0.174E-01  0.284E+00  0.339E-01  0.284E+00  0.339E-01
   1.050  0.376E+00  0.902E-01  0.465E-01  0.144E-01  0.165E+00  0.379E-01  0.165E+00  0.379E-01
   1.100  0.283E+00  0.898E-01  0.518E-01  0.111E-01  0.115E+00  0.393E-01  0.115E+00  0.393E-01
   1.150  0.417E+00  0.957E-01  0.891E-01  0.948E-02  0.164E+00  0.431E-01  0.164E+00  0.431E-01
   1.200  0.271E+00  0.340E+00  0.752E-01  0.158E-01  0.980E-01  0.162E+00  0.980E-01  0.162E+00
   1.250  0.347E+00  0.421E+00  0.102E+00  0.315E-01  0.122E+00  0.195E+00  0.122E+00  0.195E+00
   1.300  0.176E+00  0.365E+00  0.364E-01  0.511E-01  0.698E-01  0.157E+00  0.698E-01  0.157E+00
   1.350  0.106E+00  0.352E+00  0.100E-01  0.836E-01  0.481E-01  0.134E+00  0.481E-01  0.134E+00
   1.400  0.000E+00  0.392E+00  0.000E+00  0.135E+00  0.000E+00  0.129E+00  0.000E+00  0.129E+00
   1.450  0.000E+00  0.569E+00  0.000E+00  0.284E+00  0.000E+00  0.142E+00  0.000E+00  0.142E+00
   1.500  0.000E+00  0.280E+00  0.000E+00  0.892E-01  0.000E+00  0.956E-01  0.000E+00  0.956E-01
   1.550  0.000E+00  0.606E-01  0.000E+00  0.784E-02  0.000E+00  0.264E-01  0.000E+00  0.264E-01
   1.600  0.000E+00  0.767E-01  0.000E+00  0.142E-01  0.000E+00  0.313E-01  0.000E+00  0.313E-01
   1.650  0.000E+00  0.889E-01  0.000E+00  0.206E-01  0.000E+00  0.342E-01  0.000E+00  0.342E-01
   1.700  0.000E+00  0.106E+00  0.000E+00  0.309E-01  0.000E+00  0.376E-01  0.000E+00  0.376E-01
   1.750  0.000E+00  0.135E+00  0.000E+00  0.477E-01  0.000E+00  0.438E-01  0.000E+00  0.438E-01
   1.800  0.000E+00  0.197E+00  0.000E+00  0.764E-01  0.000E+00  0.604E-01  0.000E+00  0.604E-01
   1.850  0.000E+00  0.365E+00  0.000E+00  0.138E+00  0.000E+00  0.113E+00  0.000E+00  0.113E+00
   1.900  0.000E+00  0.120E+00  0.000E+00  0.319E-01  0.000E+00  0.443E-01  0.000E+00  0.443E-01
   1.950  0.000E+00  0.788E-01  0.000E+00  0.127E-01  0.000E+00  0.330E-01  0.000E+00  0.330E-01
   2.000  0.000E+00  0.492E-01  0.000E+00  0.182E-02  0.000E+00  0.237E-01  0.000E+00  0.237E-01
   2.050  0.000E+00  0.000E+00  0.000E+00  0.000E+00  0.000E+00  0.000E+00  0.000E+00  0.000E+00
   2.100  0.000E+00  0.000E+00  0.000E+00  0.000E+00  0.000E+00  0.000E+00  0.000E+00  0.000E+00
   2.150  0.000E+00  0.000E+00  0.000E+00  0.000E+00  0.000E+00  0.000E+00  0.000E+00  0.000E+00
   2.200  0.000E+00  0.000E+00  0.000E+00  0.000E+00  0.000E+00  0.000E+00  0.000E+00  0.000E+00
   2.250  0.000E+00  0.000E+00  0.000E+00  0.000E+00  0.000E+00  0.000E+00  0.000E+00  0.000E+00
   2.300  0.167E+00  0.000E+00  0.607E-01  0.000E+00  0.529E-01  0.000E+00  0.529E-01  0.000E+00
   2.350  0.195E+00  0.000E+00  0.678E-01  0.000E+00  0.638E-01  0.000E+00  0.638E-01  0.000E+00
   2.400  0.194E+00  0.000E+00  0.637E-01  0.000E+00  0.649E-01  0.000E+00  0.649E-01  0.000E+00
   2.450  0.209E+00  0.000E+00  0.657E-01  0.000E+00  0.716E-01  0.000E+00  0.716E-01  0.000E+00
   2.500  0.236E+00  0.132E+00  0.700E-01  0.457E-01  0.832E-01  0.431E-01  0.832E-01  0.431E-01
   2.550  0.401E+00  0.201E+00  0.107E+00  0.635E-01  0.147E+00  0.689E-01  0.147E+00  0.689E-01
   2.600  0.608E+00  0.187E+00  0.232E+00  0.533E-01  0.188E+00  0.668E-01  0.188E+00  0.668E-01
   2.650  0.351E+00  0.203E+00  0.123E+00  0.544E-01  0.114E+00  0.745E-01  0.114E+00  0.745E-01
   2.700  0.311E+00  0.329E+00  0.104E+00  0.120E+00  0.103E+00  0.105E+00  0.103E+00  0.105E+00
   2.750  0.298E+00  0.495E+00  0.101E+00  0.153E+00  0.983E-01  0.171E+00  0.983E-01  0.171E+00
   2.800  0.196E+00  0.480E+00  0.494E-01  0.176E+00  0.733E-01  0.152E+00  0.733E-01  0.152E+00
   2.850  0.155E+00  0.342E+00  0.368E-01  0.121E+00  0.589E-01  0.110E+00  0.589E-01  0.110E+00
   2.900  0.181E+00  0.383E+00  0.397E-01  0.146E+00  0.704E-01  0.118E+00  0.704E-01  0.118E+00
   2.950  0.210E+00  0.249E+00  0.421E-01  0.895E-01  0.841E-01  0.795E-01  0.841E-01  0.795E-01
   3.000  0.233E+00  0.184E+00  0.449E-01  0.629E-01  0.940E-01  0.608E-01  0.940E-01  0.608E-01
   3.050  0.250E+00  0.188E+00  0.462E-01  0.598E-01  0.102E+00  0.640E-01  0.102E+00  0.640E-01
   3.100  0.309E+00  0.215E+00  0.513E-01  0.541E-01  0.129E+00  0.807E-01  0.129E+00  0.807E-01
   3.150  0.364E+00  0.235E+00  0.561E-01  0.574E-01  0.154E+00  0.887E-01  0.154E+00  0.887E-01
   3.200  0.530E+00  0.259E+00  0.662E-01  0.595E-01  0.232E+00  0.999E-01  0.232E+00  0.999E-01
   3.250  0.569E+00  0.313E+00  0.797E-01  0.601E-01  0.245E+00  0.127E+00  0.245E+00  0.127E+00
   3.300  0.541E+00  0.351E+00  0.959E-01  0.636E-01  0.222E+00  0.144E+00  0.222E+00  0.144E+00
   3.350  0.316E+00  0.590E+00  0.969E-01  0.695E-01  0.109E+00  0.260E+00  0.109E+00  0.260E+00
   3.400  0.341E+00  0.460E+00  0.127E+00  0.767E-01  0.107E+00  0.191E+00  0.107E+00  0.191E+00
   3.450  0.355E+00  0.449E+00  0.159E+00  0.890E-01  0.978E-01  0.180E+00  0.978E-01  0.180E+00
   3.500  0.393E+00  0.426E+00  0.244E+00  0.955E-01  0.741E-01  0.165E+00  0.741E-01  0.165E+00
   3.550  0.356E+00  0.299E+00  0.248E+00  0.114E+00  0.538E-01  0.924E-01  0.538E-01  0.924E-01
   3.600  0.234E+00  0.305E+00  0.175E+00  0.109E+00  0.298E-01  0.980E-01  0.298E-01  0.980E-01
   3.650  0.170E+00  0.213E+00  0.133E+00  0.132E+00  0.183E-01  0.403E-01  0.183E-01  0.403E-01
   3.700  0.000E+00  0.307E+00  0.000E+00  0.200E+00  0.000E+00  0.535E-01  0.000E+00  0.535E-01
   3.750  0.000E+00  0.358E+00  0.000E+00  0.243E+00  0.000E+00  0.572E-01  0.000E+00  0.572E-01
   3.800  0.000E+00  0.231E+00  0.000E+00  0.167E+00  0.000E+00  0.320E-01  0.000E+00  0.320E-01
   3.850  0.000E+00  0.170E+00  0.000E+00  0.130E+00  0.000E+00  0.203E-01  0.000E+00  0.203E-01
   3.900  0.000E+00  0.139E+00  0.000E+00  0.110E+00  0.000E+00  0.147E-01  0.000E+00  0.147E-01
   3.950  0.000E+00  0.000E+00  0.000E+00  0.000E+00  0.000E+00  0.000E+00  0.000E+00  0.000E+00
