# E (eV)  ldosup(E)  ldosdw(E) pdosup(E)  pdosdw(E)  pdosup(E)  pdosdw(E)  pdosup(E)  pdosdw(E)  pdosup(E)  pdosdw(E)  pdosup(E)  pdosdw(E) 
  -4.000  0.120E+00  0.276E+00  0.102E-01  0.811E-01  0.110E-01  0.420E-01  0.110E-01  0.420E-01  0.438E-01  0.555E-01  0.438E-01  0.555E-01
  -3.950  0.118E+00  0.218E+00  0.102E-01  0.576E-01  0.114E-01  0.359E-01  0.114E-01  0.359E-01  0.427E-01  0.444E-01  0.427E-01  0.444E-01
  -3.900  0.117E+00  0.105E+00  0.106E-01  0.795E-02  0.118E-01  0.109E-01  0.118E-01  0.109E-01  0.415E-01  0.378E-01  0.415E-01  0.378E-01
  -3.850  0.114E+00  0.104E+00  0.111E-01  0.801E-02  0.119E-01  0.113E-01  0.119E-01  0.113E-01  0.394E-01  0.368E-01  0.394E-01  0.368E-01
  -3.800  0.113E+00  0.103E+00  0.125E-01  0.830E-02  0.123E-01  0.115E-01  0.123E-01  0.115E-01  0.378E-01  0.357E-01  0.378E-01  0.357E-01
  -3.750  0.372E+00  0.986E-01  0.185E+00  0.910E-02  0.477E-01  0.116E-01  0.477E-01  0.116E-01  0.458E-01  0.332E-01  0.458E-01  0.332E-01
  -3.700  0.346E+00  0.990E-01  0.158E+00  0.983E-02  0.486E-01  0.119E-01  0.486E-01  0.119E-01  0.458E-01  0.326E-01  0.458E-01  0.326E-01
  -3.650  0.306E+00  0.290E+00  0.133E+00  0.132E+00  0.414E-01  0.402E-01  0.414E-01  0.402E-01  0.449E-01  0.385E-01  0.449E-01  0.385E-01
  -3.600  0.291E+00  0.299E+00  0.122E+00  0.131E+00  0.380E-01  0.439E-01  0.380E-01  0.439E-01  0.463E-01  0.401E-01  0.463E-01  0.401E-01
  -3.550  0.289E+00  0.266E+00  0.122E+00  0.109E+00  0.348E-01  0.395E-01  0.348E-01  0.395E-01  0.490E-01  0.391E-01  0.490E-01  0.391E-01
  -3.500  0.305E+00  0.249E+00  0.128E+00  0.980E-01  0.351E-01  0.355E-01  0.351E-01  0.355E-01  0.534E-01  0.399E-01  0.534E-01  0.399E-01
  -3.450  0.345E+00  0.245E+00  0.144E+00  0.958E-01  0.360E-01  0.328E-01  0.360E-01  0.328E-01  0.648E-01  0.419E-01  0.648E-01  0.419E-01
  -3.400  0.439E+00  0.254E+00  0.185E+00  0.986E-01  0.399E-01  0.330E-01  0.399E-01  0.330E-01  0.870E-01  0.448E-01  0.870E-01  0.448E-01
  -3.350  0.712E+00  0.277E+00  0.282E+00  0.106E+00  0.552E-01  0.336E-01  0.552E-01  0.336E-01  0.160E+00  0.516E-01  0.160E+00  0.516E-01
  -3.300  0.140E+01  0.328E+00  0.452E+00  0.127E+00  0.832E-01  0.364E-01  0.832E-01  0.364E-01  0.389E+00  0.644E-01  0.389E+00  0.644E-01
  -3.250  0.972E-01  0.436E+00  0.756E-02  0.167E+00  0.234E-01  0.443E-01  0.234E-01  0.443E-01  0.214E-01  0.903E-01  0.214E-01  0.903E-01
  -3.200  0.958E-01  0.102E+01  0.708E-02  0.353E+00  0.234E-01  0.767E-01  0.234E-01  0.767E-01  0.210E-01  0.255E+00  0.210E-01  0.255E+00
  -3.150  0.639E+00  0.858E-01  0.880E-02  0.622E-02  0.262E+00  0.211E-01  0.262E+00  0.211E-01  0.534E-01  0.187E-01  0.534E-01  0.187E-01
  -3.100  0.457E+00  0.269E+00  0.202E-01  0.658E-02  0.176E+00  0.104E+00  0.176E+00  0.104E+00  0.424E-01  0.278E-01  0.424E-01  0.278E-01
  -3.050  0.446E+00  0.271E+00  0.121E-01  0.962E-02  0.174E+00  0.103E+00  0.174E+00  0.103E+00  0.434E-01  0.275E-01  0.434E-01  0.275E-01
  -3.000  0.499E+00  0.844E+00  0.116E-01  0.404E-01  0.198E+00  0.313E+00  0.198E+00  0.313E+00  0.454E-01  0.886E-01  0.454E-01  0.886E-01
  -2.950  0.547E+00  0.382E+00  0.136E-01  0.103E-01  0.220E+00  0.147E+00  0.220E+00  0.147E+00  0.472E-01  0.389E-01  0.472E-01  0.389E-01
  -2.900  0.625E+00  0.422E+00  0.163E-01  0.108E-01  0.249E+00  0.164E+00  0.249E+00  0.164E+00  0.557E-01  0.413E-01  0.557E-01  0.413E-01
  -2.850  0.768E+00  0.471E+00  0.169E-01  0.128E-01  0.308E+00  0.184E+00  0.308E+00  0.184E+00  0.672E-01  0.447E-01  0.672E-01  0.447E-01
  -2.800  0.101E+01  0.558E+00  0.194E-01  0.149E-01  0.386E+00  0.216E+00  0.386E+00  0.216E+00  0.109E+00  0.558E-01  0.109E+00  0.558E-01
  -2.750  0.811E+00  0.649E+00  0.165E-01  0.144E-01  0.291E+00  0.253E+00  0.291E+00  0.253E+00  0.106E+00  0.645E-01  0.106E+00  0.645E-01
  -2.700  0.678E+00  0.116E+01  0.171E-01  0.174E-01  0.254E+00  0.428E+00  0.254E+00  0.428E+00  0.765E-01  0.145E+00  0.765E-01  0.145E+00
  -2.650  0.109E+01  0.784E+00  0.180E-01  0.130E-01  0.292E+00  0.280E+00  0.292E+00  0.280E+00  0.243E+00  0.105E+00  0.243E+00  0.105E+00
  -2.600  0.219E+01  0.667E+00  0.169E-01  0.140E-01  0.503E+00  0.240E+00  0.503E+00  0.240E+00  0.582E+00  0.863E-01  0.582E+00  0.863E-01
  -2.550  0.778E+00  0.634E+00  0.186E-01  0.148E-01  0.237E+00  0.222E+00  0.237E+00  0.222E+00  0.143E+00  0.874E-01  0.143E+00  0.874E-01
  -2.500  0.413E+00  0.125E+01  0.239E-01  0.139E-01  0.114E+00  0.304E+00  0.114E+00  0.304E+00  0.811E-01  0.313E+00  0.811E-01  0.313E+00
  -2.450  0.269E+00  0.123E+01  0.230E-01  0.152E-01  0.673E-01  0.322E+00  0.673E-01  0.322E+00  0.557E-01  0.286E+00  0.557E-01  0.286E+00
  -2.400  0.265E+00  0.388E+00  0.260E-01  0.181E-01  0.621E-01  0.109E+00  0.621E-01  0.109E+00  0.573E-01  0.765E-01  0.573E-01  0.765E-01
  -2.350  0.238E+00  0.244E+00  0.240E-01  0.173E-01  0.536E-01  0.618E-01  0.536E-01  0.618E-01  0.534E-01  0.517E-01  0.534E-01  0.517E-01
  -2.300  0.232E+00  0.230E+00  0.255E-01  0.193E-01  0.525E-01  0.544E-01  0.525E-01  0.544E-01  0.507E-01  0.511E-01  0.507E-01  0.511E-01
  -2.250  0.226E+00  0.204E+00  0.240E-01  0.179E-01  0.513E-01  0.468E-01  0.513E-01  0.468E-01  0.496E-01  0.465E-01  0.496E-01  0.465E-01
  -2.200  0.207E+00  0.218E+00  0.213E-01  0.209E-01  0.466E-01  0.517E-01  0.466E-01  0.517E-01  0.460E-01  0.467E-01  0.460E-01  0.467E-01
  -2.150  0.245E+00  0.188E+00  0.204E-01  0.174E-01  0.510E-01  0.439E-01  0.510E-01  0.439E-01  0.612E-01  0.415E-01  0.612E-01  0.415E-01
  -2.100  0.215E+00  0.209E+00  0.204E-01  0.150E-01  0.463E-01  0.460E-01  0.463E-01  0.460E-01  0.512E-01  0.508E-01  0.512E-01  0.508E-01
  -2.050  0.203E+00  0.183E+00  0.199E-01  0.145E-01  0.458E-01  0.410E-01  0.458E-01  0.410E-01  0.457E-01  0.432E-01  0.457E-01  0.432E-01
  -2.000  0.211E+00  0.173E+00  0.222E-01  0.146E-01  0.503E-01  0.395E-01  0.503E-01  0.395E-01  0.441E-01  0.395E-01  0.441E-01  0.395E-01
  -1.950  0.226E+00  0.168E+00  0.266E-01  0.151E-01  0.562E-01  0.396E-01  0.562E-01  0.396E-01  0.435E-01  0.368E-01  0.435E-01  0.368E-01
  -1.900  0.216E+00  0.164E+00  0.261E-01  0.156E-01  0.546E-01  0.409E-01  0.546E-01  0.409E-01  0.404E-01  0.334E-01  0.404E-01  0.334E-01
  -1.850  0.209E+00  0.171E+00  0.238E-01  0.180E-01  0.519E-01  0.448E-01  0.519E-01  0.448E-01  0.405E-01  0.316E-01  0.405E-01  0.316E-01
  -1.800  0.197E+00  0.169E+00  0.212E-01  0.171E-01  0.488E-01  0.431E-01  0.488E-01  0.431E-01  0.391E-01  0.330E-01  0.391E-01  0.330E-01
  -1.750  0.195E+00  0.167E+00  0.204E-01  0.164E-01  0.476E-01  0.423E-01  0.476E-01  0.423E-01  0.394E-01  0.332E-01  0.394E-01  0.332E-01
  -1.700  0.199E+00  0.154E+00  0.206E-01  0.149E-01  0.477E-01  0.381E-01  0.477E-01  0.381E-01  0.417E-01  0.315E-01  0.417E-01  0.315E-01
  -1.650  0.203E+00  0.152E+00  0.212E-01  0.142E-01  0.472E-01  0.372E-01  0.472E-01  0.372E-01  0.438E-01  0.318E-01  0.438E-01  0.318E-01
  -1.600  0.227E+00  0.149E+00  0.230E-01  0.136E-01  0.522E-01  0.360E-01  0.522E-01  0.360E-01  0.501E-01  0.320E-01  0.501E-01  0.320E-01
  -1.550  0.248E+00  0.148E+00  0.247E-01  0.132E-01  0.537E-01  0.348E-01  0.537E-01  0.348E-01  0.579E-01  0.326E-01  0.579E-01  0.326E-01
  -1.500  0.256E+00  0.154E+00  0.234E-01  0.134E-01  0.509E-01  0.347E-01  0.509E-01  0.347E-01  0.654E-01  0.356E-01  0.654E-01  0.356E-01
  -1.450  0.183E+00  0.170E+00  0.183E-01  0.154E-01  0.407E-01  0.363E-01  0.407E-01  0.363E-01  0.415E-01  0.409E-01  0.415E-01  0.409E-01
  -1.400  0.191E+00  0.189E+00  0.193E-01  0.143E-01  0.408E-01  0.371E-01  0.408E-01  0.371E-01  0.450E-01  0.502E-01  0.450E-01  0.502E-01
  -1.350  0.198E+00  0.154E+00  0.222E-01  0.119E-01  0.396E-01  0.321E-01  0.396E-01  0.321E-01  0.482E-01  0.391E-01  0.482E-01  0.391E-01
  -1.300  0.179E+00  0.130E+00  0.206E-01  0.103E-01  0.340E-01  0.278E-01  0.340E-01  0.278E-01  0.453E-01  0.323E-01  0.453E-01  0.323E-01
  -1.250  0.253E+00  0.165E+00  0.297E-01  0.177E-01  0.518E-01  0.315E-01  0.518E-01  0.315E-01  0.599E-01  0.420E-01  0.599E-01  0.420E-01
  -1.200  0.259E+00  0.125E+00  0.209E-01  0.154E-01  0.510E-01  0.278E-01  0.510E-01  0.278E-01  0.682E-01  0.268E-01  0.682E-01  0.268E-01
  -1.150  0.213E+00  0.151E+00  0.142E-01  0.132E-01  0.493E-01  0.325E-01  0.493E-01  0.325E-01  0.500E-01  0.365E-01  0.500E-01  0.365E-01
  -1.100  0.172E+00  0.169E+00  0.902E-02  0.886E-02  0.482E-01  0.362E-01  0.482E-01  0.362E-01  0.335E-01  0.437E-01  0.335E-01  0.437E-01
  -1.050  0.190E+00  0.133E+00  0.627E-02  0.601E-02  0.621E-01  0.354E-01  0.621E-01  0.354E-01  0.297E-01  0.280E-01  0.297E-01  0.280E-01
  -1.000  0.185E+00  0.137E+00  0.544E-02  0.543E-02  0.618E-01  0.414E-01  0.618E-01  0.414E-01  0.279E-01  0.243E-01  0.279E-01  0.243E-01
  -0.950  0.171E+00  0.129E+00  0.508E-02  0.480E-02  0.584E-01  0.401E-01  0.584E-01  0.401E-01  0.248E-01  0.218E-01  0.248E-01  0.218E-01
  -0.900  0.170E+00  0.125E+00  0.485E-02  0.431E-02  0.577E-01  0.411E-01  0.577E-01  0.411E-01  0.251E-01  0.195E-01  0.251E-01  0.195E-01
  -0.850  0.142E+00  0.120E+00  0.451E-02  0.403E-02  0.483E-01  0.394E-01  0.483E-01  0.394E-01  0.207E-01  0.187E-01  0.207E-01  0.187E-01
  -0.800  0.141E+00  0.111E+00  0.431E-02  0.367E-02  0.478E-01  0.366E-01  0.478E-01  0.366E-01  0.205E-01  0.172E-01  0.205E-01  0.172E-01
  -0.750  0.203E+00  0.103E+00  0.296E-01  0.350E-02  0.605E-01  0.342E-01  0.605E-01  0.342E-01  0.263E-01  0.153E-01  0.263E-01  0.153E-01
  -0.700  0.295E+00  0.101E+00  0.684E-01  0.338E-02  0.772E-01  0.339E-01  0.772E-01  0.339E-01  0.359E-01  0.151E-01  0.359E-01  0.151E-01
  -0.650  0.364E+00  0.969E-01  0.946E-01  0.324E-02  0.889E-01  0.324E-01  0.889E-01  0.324E-01  0.458E-01  0.144E-01  0.458E-01  0.144E-01
  -0.600  0.426E+00  0.882E-01  0.117E+00  0.309E-02  0.975E-01  0.296E-01  0.975E-01  0.296E-01  0.569E-01  0.130E-01  0.569E-01  0.130E-01
  -0.550  0.444E+00  0.857E-01  0.122E+00  0.298E-02  0.968E-01  0.288E-01  0.968E-01  0.288E-01  0.644E-01  0.126E-01  0.644E-01  0.126E-01
  -0.500  0.470E+00  0.830E-01  0.129E+00  0.286E-02  0.989E-01  0.279E-01  0.989E-01  0.279E-01  0.717E-01  0.122E-01  0.717E-01  0.122E-01
  -0.450  0.494E+00  0.795E-01  0.138E+00  0.262E-02  0.999E-01  0.267E-01  0.999E-01  0.267E-01  0.782E-01  0.117E-01  0.782E-01  0.117E-01
  -0.400  0.524E+00  0.749E-01  0.150E+00  0.250E-02  0.102E+00  0.251E-01  0.102E+00  0.251E-01  0.857E-01  0.110E-01  0.857E-01  0.110E-01
  -0.350  0.567E+00  0.722E-01  0.164E+00  0.239E-02  0.107E+00  0.242E-01  0.107E+00  0.242E-01  0.947E-01  0.107E-01  0.947E-01  0.107E-01
  -0.300  0.615E+00  0.695E-01  0.187E+00  0.227E-02  0.109E+00  0.232E-01  0.109E+00  0.232E-01  0.105E+00  0.103E-01  0.105E+00  0.103E-01
  -0.250  0.714E+00  0.289E+00  0.208E+00  0.852E-01  0.130E+00  0.656E-01  0.130E+00  0.656E-01  0.123E+00  0.362E-01  0.123E+00  0.362E-01
  -0.200  0.653E+00  0.394E+00  0.247E+00  0.123E+00  0.888E-01  0.837E-01  0.888E-01  0.837E-01  0.114E+00  0.516E-01  0.114E+00  0.516E-01
  -0.150  0.740E+00  0.384E+00  0.286E+00  0.117E+00  0.979E-01  0.790E-01  0.979E-01  0.790E-01  0.129E+00  0.545E-01  0.129E+00  0.545E-01
  -0.100  0.984E+00  0.403E+00  0.395E+00  0.123E+00  0.128E+00  0.794E-01  0.128E+00  0.794E-01  0.166E+00  0.606E-01  0.166E+00  0.606E-01
  -0.050  0.151E+01  0.422E+00  0.638E+00  0.129E+00  0.192E+00  0.800E-01  0.192E+00  0.800E-01  0.243E+00  0.665E-01  0.243E+00  0.665E-01
   0.000  0.122E+01  0.445E+00  0.567E+00  0.137E+00  0.142E+00  0.810E-01  0.142E+00  0.810E-01  0.182E+00  0.730E-01  0.182E+00  0.730E-01
   0.050  0.767E+00  0.466E+00  0.364E+00  0.144E+00  0.714E-01  0.816E-01  0.714E-01  0.816E-01  0.130E+00  0.790E-01  0.130E+00  0.790E-01
   0.100  0.640E+00  0.489E+00  0.301E+00  0.153E+00  0.534E-01  0.825E-01  0.534E-01  0.825E-01  0.116E+00  0.853E-01  0.116E+00  0.853E-01
   0.150  0.474E+00  0.513E+00  0.182E+00  0.163E+00  0.450E-01  0.835E-01  0.450E-01  0.835E-01  0.101E+00  0.914E-01  0.101E+00  0.914E-01
   0.200  0.428E+00  0.548E+00  0.170E+00  0.177E+00  0.401E-01  0.864E-01  0.401E-01  0.864E-01  0.889E-01  0.993E-01  0.889E-01  0.993E-01
   0.250  0.425E+00  0.586E+00  0.175E+00  0.193E+00  0.389E-01  0.893E-01  0.389E-01  0.893E-01  0.858E-01  0.107E+00  0.858E-01  0.107E+00
   0.300  0.387E+00  0.632E+00  0.167E+00  0.217E+00  0.348E-01  0.912E-01  0.348E-01  0.912E-01  0.752E-01  0.116E+00  0.752E-01  0.116E+00
   0.350  0.373E+00  0.677E+00  0.168E+00  0.244E+00  0.324E-01  0.917E-01  0.324E-01  0.917E-01  0.702E-01  0.125E+00  0.702E-01  0.125E+00
   0.400  0.364E+00  0.785E+00  0.175E+00  0.292E+00  0.309E-01  0.104E+00  0.309E-01  0.104E+00  0.637E-01  0.142E+00  0.637E-01  0.142E+00
   0.450  0.342E+00  0.926E+00  0.174E+00  0.354E+00  0.276E-01  0.121E+00  0.276E-01  0.121E+00  0.561E-01  0.165E+00  0.561E-01  0.165E+00
   0.500  0.359E+00  0.129E+01  0.196E+00  0.514E+00  0.277E-01  0.170E+00  0.277E-01  0.170E+00  0.538E-01  0.218E+00  0.538E-01  0.218E+00
   0.550  0.301E+00  0.283E+01  0.180E+00  0.124E+01  0.212E-01  0.414E+00  0.212E-01  0.414E+00  0.392E-01  0.380E+00  0.392E-01  0.380E+00
   0.600  0.288E+00  0.554E+00  0.186E+00  0.204E+00  0.180E-01  0.539E-01  0.180E-01  0.539E-01  0.327E-01  0.121E+00  0.327E-01  0.121E+00
   0.650  0.249E+00  0.457E+00  0.181E+00  0.169E+00  0.127E-01  0.448E-01  0.127E-01  0.448E-01  0.214E-01  0.990E-01  0.214E-01  0.990E-01
   0.700  0.240E+00  0.474E+00  0.182E+00  0.176E+00  0.127E-01  0.459E-01  0.127E-01  0.459E-01  0.162E-01  0.103E+00  0.162E-01  0.103E+00
   0.750  0.131E+00  0.427E+00  0.868E-01  0.166E+00  0.128E-01  0.421E-01  0.128E-01  0.421E-01  0.944E-02  0.885E-01  0.944E-02  0.885E-01
   0.800  0.115E+00  0.422E+00  0.452E-01  0.169E+00  0.200E-01  0.411E-01  0.200E-01  0.411E-01  0.149E-01  0.854E-01  0.149E-01  0.854E-01
   0.850  0.214E+01  0.420E+00  0.920E-01  0.172E+00  0.190E+00  0.420E-01  0.190E+00  0.420E-01  0.831E+00  0.820E-01  0.831E+00  0.820E-01
   0.900  0.754E+01  0.392E+00  0.166E+00  0.163E+00  0.371E+00  0.413E-01  0.371E+00  0.413E-01  0.332E+01  0.734E-01  0.332E+01  0.734E-01
   0.950  0.328E+01  0.383E+00  0.238E+00  0.160E+00  0.244E+00  0.418E-01  0.244E+00  0.418E-01  0.128E+01  0.697E-01  0.128E+01  0.697E-01
   1.000  0.179E+01  0.388E+00  0.397E+00  0.166E+00  0.145E+00  0.437E-01  0.145E+00  0.437E-01  0.551E+00  0.675E-01  0.551E+00  0.675E-01
   1.050  0.128E+01  0.386E+00  0.343E+00  0.165E+00  0.106E+00  0.460E-01  0.106E+00  0.460E-01  0.362E+00  0.643E-01  0.362E+00  0.643E-01
   1.100  0.112E+01  0.366E+00  0.347E+00  0.155E+00  0.937E-01  0.458E-01  0.937E-01  0.458E-01  0.291E+00  0.597E-01  0.291E+00  0.597E-01
   1.150  0.186E+01  0.389E+00  0.717E+00  0.166E+00  0.127E+00  0.496E-01  0.127E+00  0.496E-01  0.446E+00  0.621E-01  0.446E+00  0.621E-01
   1.200  0.210E+01  0.133E+01  0.109E+01  0.177E+00  0.857E-01  0.120E+00  0.857E-01  0.120E+00  0.416E+00  0.455E+00  0.416E+00  0.455E+00
   1.250  0.305E+01  0.157E+01  0.172E+01  0.192E+00  0.970E-01  0.153E+00  0.970E-01  0.153E+00  0.569E+00  0.535E+00  0.569E+00  0.535E+00
   1.300  0.211E+01  0.160E+01  0.130E+01  0.228E+00  0.522E-01  0.142E+00  0.522E-01  0.142E+00  0.355E+00  0.543E+00  0.355E+00  0.543E+00
   1.350  0.155E+01  0.181E+01  0.962E+00  0.249E+00  0.400E-01  0.139E+00  0.400E-01  0.139E+00  0.254E+00  0.641E+00  0.254E+00  0.641E+00
   1.400  0.000E+00  0.233E+01  0.000E+00  0.222E+00  0.000E+00  0.152E+00  0.000E+00  0.152E+00  0.000E+00  0.900E+00  0.000E+00  0.900E+00
   1.450  0.000E+00  0.508E+01  0.000E+00  0.219E+00  0.000E+00  0.222E+00  0.000E+00  0.222E+00  0.000E+00  0.221E+01  0.000E+00  0.221E+01
   1.500  0.000E+00  0.200E+01  0.000E+00  0.193E+00  0.000E+00  0.136E+00  0.000E+00  0.136E+00  0.000E+00  0.768E+00  0.000E+00  0.768E+00
   1.550  0.000E+00  0.441E+00  0.000E+00  0.204E+00  0.000E+00  0.388E-01  0.000E+00  0.388E-01  0.000E+00  0.794E-01  0.000E+00  0.794E-01
   1.600  0.000E+00  0.622E+00  0.000E+00  0.307E+00  0.000E+00  0.441E-01  0.000E+00  0.441E-01  0.000E+00  0.113E+00  0.000E+00  0.113E+00
   1.650  0.000E+00  0.803E+00  0.000E+00  0.411E+00  0.000E+00  0.451E-01  0.000E+00  0.451E-01  0.000E+00  0.151E+00  0.000E+00  0.151E+00
   1.700  0.000E+00  0.105E+01  0.000E+00  0.554E+00  0.000E+00  0.464E-01  0.000E+00  0.464E-01  0.000E+00  0.203E+00  0.000E+00  0.203E+00
   1.750  0.000E+00  0.146E+01  0.000E+00  0.789E+00  0.000E+00  0.452E-01  0.000E+00  0.452E-01  0.000E+00  0.293E+00  0.000E+00  0.293E+00
   1.800  0.000E+00  0.219E+01  0.000E+00  0.121E+01  0.000E+00  0.455E-01  0.000E+00  0.455E-01  0.000E+00  0.441E+00  0.000E+00  0.441E+00
   1.850  0.000E+00  0.395E+01  0.000E+00  0.226E+01  0.000E+00  0.572E-01  0.000E+00  0.572E-01  0.000E+00  0.788E+00  0.000E+00  0.788E+00
   1.900  0.000E+00  0.174E+01  0.000E+00  0.110E+01  0.000E+00  0.308E-01  0.000E+00  0.308E-01  0.000E+00  0.292E+00  0.000E+00  0.292E+00
   1.950  0.000E+00  0.133E+01  0.000E+00  0.852E+00  0.000E+00  0.262E-01  0.000E+00  0.262E-01  0.000E+00  0.214E+00  0.000E+00  0.214E+00
   2.000  0.000E+00  0.989E+00  0.000E+00  0.630E+00  0.000E+00  0.200E-01  0.000E+00  0.200E-01  0.000E+00  0.160E+00  0.000E+00  0.160E+00
   2.050  0.000E+00  0.000E+00  0.000E+00  0.000E+00  0.000E+00  0.000E+00  0.000E+00  0.000E+00  0.000E+00  0.000E+00  0.000E+00  0.000E+00
   2.100  0.000E+00  0.000E+00  0.000E+00  0.000E+00  0.000E+00  0.000E+00  0.000E+00  0.000E+00  0.000E+00  0.000E+00  0.000E+00  0.000E+00
   2.150  0.000E+00  0.000E+00  0.000E+00  0.000E+00  0.000E+00  0.000E+00  0.000E+00  0.000E+00  0.000E+00  0.000E+00  0.000E+00  0.000E+00
   2.200  0.000E+00  0.000E+00  0.000E+00  0.000E+00  0.000E+00  0.000E+00  0.000E+00  0.000E+00  0.000E+00  0.000E+00  0.000E+00  0.000E+00
   2.250  0.000E+00  0.000E+00  0.000E+00  0.000E+00  0.000E+00  0.000E+00  0.000E+00  0.000E+00  0.000E+00  0.000E+00  0.000E+00  0.000E+00
   2.300  0.424E+00  0.000E+00  0.603E-02  0.000E+00  0.184E+00  0.000E+00  0.184E+00  0.000E+00  0.252E-01  0.000E+00  0.252E-01  0.000E+00
   2.350  0.498E+00  0.000E+00  0.564E-02  0.000E+00  0.213E+00  0.000E+00  0.213E+00  0.000E+00  0.329E-01  0.000E+00  0.329E-01  0.000E+00
   2.400  0.502E+00  0.000E+00  0.465E-02  0.000E+00  0.213E+00  0.000E+00  0.213E+00  0.000E+00  0.359E-01  0.000E+00  0.359E-01  0.000E+00
   2.450  0.541E+00  0.000E+00  0.378E-02  0.000E+00  0.227E+00  0.000E+00  0.227E+00  0.000E+00  0.417E-01  0.000E+00  0.417E-01  0.000E+00
   2.500  0.632E+00  0.391E+00  0.320E-02  0.177E-01  0.263E+00  0.178E+00  0.263E+00  0.178E+00  0.513E-01  0.850E-02  0.513E-01  0.850E-02
   2.550  0.120E+01  0.599E+00  0.289E-02  0.208E-01  0.468E+00  0.269E+00  0.468E+00  0.269E+00  0.130E+00  0.198E-01  0.130E+00  0.198E-01
   2.600  0.142E+01  0.576E+00  0.259E-02  0.162E-01  0.529E+00  0.256E+00  0.529E+00  0.256E+00  0.180E+00  0.238E-01  0.180E+00  0.238E-01
   2.650  0.828E+00  0.630E+00  0.208E-02  0.128E-01  0.311E+00  0.276E+00  0.311E+00  0.276E+00  0.102E+00  0.323E-01  0.102E+00  0.323E-01
   2.700  0.700E+00  0.913E+00  0.198E-02  0.102E-01  0.263E+00  0.373E+00  0.263E+00  0.373E+00  0.863E-01  0.782E-01  0.863E-01  0.782E-01
   2.750  0.620E+00  0.154E+01  0.158E-02  0.844E-02  0.232E+00  0.625E+00  0.232E+00  0.625E+00  0.777E-01  0.141E+00  0.777E-01  0.141E+00
   2.800  0.448E+00  0.126E+01  0.153E-02  0.607E-02  0.168E+00  0.489E+00  0.168E+00  0.489E+00  0.547E-01  0.138E+00  0.547E-01  0.138E+00
   2.850  0.353E+00  0.865E+00  0.141E-02  0.471E-02  0.137E+00  0.338E+00  0.137E+00  0.338E+00  0.391E-01  0.926E-01  0.391E-01  0.926E-01
   2.900  0.406E+00  0.846E+00  0.128E-02  0.416E-02  0.156E+00  0.322E+00  0.156E+00  0.322E+00  0.465E-01  0.986E-01  0.465E-01  0.986E-01
   2.950  0.460E+00  0.546E+00  0.141E-02  0.320E-02  0.175E+00  0.212E+00  0.175E+00  0.212E+00  0.541E-01  0.597E-01  0.541E-01  0.597E-01
   3.000  0.508E+00  0.419E+00  0.144E-02  0.294E-02  0.194E+00  0.167E+00  0.194E+00  0.167E+00  0.595E-01  0.411E-01  0.595E-01  0.411E-01
   3.050  0.541E+00  0.420E+00  0.132E-02  0.264E-02  0.205E+00  0.168E+00  0.205E+00  0.168E+00  0.642E-01  0.412E-01  0.642E-01  0.412E-01
   3.100  0.650E+00  0.484E+00  0.150E-02  0.254E-02  0.247E+00  0.190E+00  0.247E+00  0.190E+00  0.772E-01  0.503E-01  0.772E-01  0.503E-01
   3.150  0.747E+00  0.521E+00  0.159E-02  0.247E-02  0.285E+00  0.204E+00  0.285E+00  0.204E+00  0.872E-01  0.555E-01  0.872E-01  0.555E-01
   3.200  0.103E+01  0.570E+00  0.183E-02  0.244E-02  0.393E+00  0.222E+00  0.393E+00  0.222E+00  0.120E+00  0.617E-01  0.120E+00  0.617E-01
   3.250  0.110E+01  0.672E+00  0.181E-02  0.235E-02  0.426E+00  0.260E+00  0.426E+00  0.260E+00  0.122E+00  0.746E-01  0.122E+00  0.746E-01
   3.300  0.108E+01  0.753E+00  0.207E-02  0.231E-02  0.428E+00  0.291E+00  0.428E+00  0.291E+00  0.111E+00  0.840E-01  0.111E+00  0.840E-01
   3.350  0.696E+00  0.120E+01  0.220E-02  0.258E-02  0.247E+00  0.461E+00  0.247E+00  0.461E+00  0.100E+00  0.136E+00  0.100E+00  0.136E+00
   3.400  0.794E+00  0.972E+00  0.309E-02  0.272E-02  0.280E+00  0.381E+00  0.280E+00  0.381E+00  0.116E+00  0.104E+00  0.116E+00  0.104E+00
   3.450  0.852E+00  0.964E+00  0.417E-02  0.293E-02  0.299E+00  0.379E+00  0.299E+00  0.379E+00  0.125E+00  0.101E+00  0.125E+00  0.101E+00
   3.500  0.113E+01  0.934E+00  0.569E-02  0.267E-02  0.417E+00  0.375E+00  0.417E+00  0.375E+00  0.145E+00  0.909E-01  0.145E+00  0.909E-01
   3.550  0.106E+01  0.646E+00  0.969E-02  0.308E-02  0.385E+00  0.228E+00  0.385E+00  0.228E+00  0.140E+00  0.932E-01  0.140E+00  0.932E-01
   3.600  0.699E+00  0.757E+00  0.988E-02  0.408E-02  0.245E+00  0.265E+00  0.245E+00  0.265E+00  0.995E-01  0.111E+00  0.995E-01  0.111E+00
   3.650  0.510E+00  0.693E+00  0.887E-02  0.576E-02  0.174E+00  0.265E+00  0.174E+00  0.265E+00  0.763E-01  0.787E-01  0.763E-01  0.787E-01
   3.700  0.000E+00  0.101E+01  0.000E+00  0.742E-02  0.000E+00  0.383E+00  0.000E+00  0.383E+00  0.000E+00  0.117E+00  0.000E+00  0.117E+00
   3.750  0.000E+00  0.117E+01  0.000E+00  0.124E-01  0.000E+00  0.437E+00  0.000E+00  0.437E+00  0.000E+00  0.141E+00  0.000E+00  0.141E+00
   3.800  0.000E+00  0.749E+00  0.000E+00  0.137E-01  0.000E+00  0.271E+00  0.000E+00  0.271E+00  0.000E+00  0.971E-01  0.000E+00  0.971E-01
   3.850  0.000E+00  0.553E+00  0.000E+00  0.129E-01  0.000E+00  0.194E+00  0.000E+00  0.194E+00  0.000E+00  0.761E-01  0.000E+00  0.761E-01
   3.900  0.000E+00  0.451E+00  0.000E+00  0.121E-01  0.000E+00  0.155E+00  0.000E+00  0.155E+00  0.000E+00  0.646E-01  0.000E+00  0.646E-01
   3.950  0.000E+00  0.000E+00  0.000E+00  0.000E+00  0.000E+00  0.000E+00  0.000E+00  0.000E+00  0.000E+00  0.000E+00  0.000E+00  0.000E+00
