0.0000000	0.1605000	0.2110320
1.0000000	0.1606000	0.1881227
2.0000000	0.1605000	0.1885204
3.0000000	0.1603000	0.2090455
4.0000000	0.1603000	0.2342844
5.0000000	0.1605000	0.2323832
6.0000000	0.1603000	0.2256008
7.0000000	0.1603000	0.2284786
8.0000000	0.1603000	0.2024181
9.0000000	0.1606000	0.2044934
10.0000000	0.1605000	0.1910652
11.0000000	0.1605000	0.2180933
12.0000000	0.1605000	0.2150744
13.0000000	0.1605000	0.2344497
14.0000000	0.1606000	0.2344449
15.0000000	0.1603000	0.2183413
16.0000000	0.1605000	0.2205501
17.0000000	0.1603000	0.1930181
18.0000000	0.1606000	0.1982513
19.0000000	0.1606000	0.2019029
20.0000000	0.1605000	0.2292037
21.0000000	0.1606000	0.2261890
22.0000000	0.1607000	0.2313460
23.0000000	0.1606000	0.2331509
24.0000000	0.1607000	0.2062356
25.0000000	0.1603000	0.1885564
26.0000000	0.1603000	0.1886177
27.0000000	0.1606000	0.2152385
28.0000000	0.1603000	0.2136487
29.0000000	0.1603000	0.2341323
30.0000000	0.1605000	0.2342935
31.0000000	0.1605000	0.2201582
32.0000000	0.1605000	0.1927400
33.0000000	0.1603000	0.1955844
34.0000000	0.1606000	0.2007896
35.0000000	0.1606000	0.1988872
36.0000000	0.1605000	0.2273065
37.0000000	0.1606000	0.2249241
38.0000000	0.1605000	0.2332906
39.0000000	0.1605000	0.2058220
40.0000000	0.1620000	0.2079236
41.0000000	0.1657000	0.1890613
42.0000000	0.1685000	0.1892052
43.0000000	0.1695000	0.1890289
44.0000000	0.1698000	0.2106324
45.0000000	0.1700000	0.2344445
46.0000000	0.1698000	0.2349237
47.0000000	0.1692000	0.2326980
48.0000000	0.1691000	0.1964642
49.0000000	0.1687000	0.1991176
50.0000000	0.1681000	0.1980948
51.0000000	0.1680000	0.1954020
52.0000000	0.1676000	0.2231742
53.0000000	0.1670000	0.2212707
54.0000000	0.1661000	0.2349322
55.0000000	0.1655000	0.2125735
56.0000000	0.1655000	0.2157610
57.0000000	0.1647000	0.2304806
58.0000000	0.1622000	0.2215012
59.0000000	0.1620000	0.2245669
60.0000000	0.1618000	0.1978128
61.0000000	0.1616000	0.2005205
62.0000000	0.1610000	0.1965126
63.0000000	0.1603000	0.2230181
64.0000000	0.1603000	0.2203242
65.0000000	0.1600000	0.2341713
66.0000000	0.1598000	0.2341348
67.0000000	0.1597000	0.2126839
68.0000000	0.1591000	0.1886199
69.0000000	0.1588000	0.2180234
70.0000000	0.1581000	0.2197269
71.0000000	0.1582000	0.2218255
72.0000000	0.1580000	0.1949351
73.0000000	0.1578000	0.1967221
74.0000000	0.1573000	0.1996882
75.0000000	0.1568000	0.2252449
76.0000000	0.1562000	0.2198454
77.0000000	0.1560000	0.2338199
78.0000000	0.1557000	0.2342910
79.0000000	0.1553000	0.2210234
80.0000000	0.1542000	0.2271430
81.0000000	0.1537000	0.2023605
82.0000000	0.1536000	0.1906930
83.0000000	0.1531000	0.1882121
84.0000000	0.1523000	0.2133349
85.0000000	0.1525000	0.2095268
86.0000000	0.1531000	0.2341319
87.0000000	0.1536000	0.2022269
88.0000000	0.1538000	0.2257874
89.0000000	0.1547000	0.2052956
90.0000000	0.1550000	0.2023483
91.0000000	0.1557000	0.1932376
92.0000000	0.1561000	0.1895061
93.0000000	0.1567000	0.2165092
94.0000000	0.1570000	0.2133344
95.0000000	0.1572000	0.2342912
96.0000000	0.1578000	0.2233008
97.0000000	0.1580000	0.2198765
98.0000000	0.1581000	0.2233517
99.0000000	0.1587000	0.1962949
100.0000000	0.1591000	0.1996857
101.0000000	0.1587000	0.1950929
102.0000000	0.1593000	0.2180982
103.0000000	0.1597000	0.2128597
104.0000000	0.1603000	0.2346123
105.0000000	0.1600000	0.2209164
106.0000000	0.1603000	0.2295277
107.0000000	0.1610000	0.1990823
108.0000000	0.1610000	0.2031504
109.0000000	0.1616000	0.1933890
110.0000000	0.1622000	0.1891753
111.0000000	0.1625000	0.2163595
112.0000000	0.1635000	0.2133412
113.0000000	0.1642000	0.2346145
114.0000000	0.1643000	0.2347758
115.0000000	0.1650000	0.2223155
116.0000000	0.1656000	0.1951507
117.0000000	0.1657000	0.1981949
118.0000000	0.1660000	0.1988956
119.0000000	0.1657000	0.2254027
120.0000000	0.1660000	0.2228627
121.0000000	0.1656000	0.2347927
122.0000000	0.1653000	0.2347713
123.0000000	0.1647000	0.2120650
124.0000000	0.1642000	0.2143817
125.0000000	0.1637000	0.1888066
126.0000000	0.1630000	0.2031829
127.0000000	0.1623000	0.2063532
128.0000000	0.1623000	0.2330270
129.0000000	0.1618000	0.2306410
130.0000000	0.1618000	0.2283600
131.0000000	0.1620000	0.2317767
132.0000000	0.1617000	0.2044289
133.0000000	0.1618000	0.1884665
134.0000000	0.1618000	0.1894458
135.0000000	0.1622000	0.2169903
136.0000000	0.1618000	0.2150915
137.0000000	0.1616000	0.2346124
138.0000000	0.1618000	0.2346080
139.0000000	0.1617000	0.2201454
140.0000000	0.1618000	0.1984161
141.0000000	0.1618000	0.1949964
142.0000000	0.1613000	0.1986813
143.0000000	0.1616000	0.2209581
144.0000000	0.1616000	0.2233389
145.0000000	0.1613000	0.2196891
146.0000000	0.1612000	0.2343017
147.0000000	0.1612000	0.2346095
148.0000000	0.1611000	0.2160285
149.0000000	0.1617000	0.1892179
150.0000000	0.1612000	0.1911711
151.0000000	0.1612000	0.2047691
152.0000000	0.1612000	0.2015939
153.0000000	0.1612000	0.2290570
154.0000000	0.1612000	0.2258856
155.0000000	0.1612000	0.2327960
156.0000000	0.1616000	0.2065502
157.0000000	0.1616000	0.2100175
158.0000000	0.1616000	0.1883148
159.0000000	0.1612000	0.1885370
160.0000000	0.1616000	0.2087417
161.0000000	0.1616000	0.2052528
162.0000000	0.1616000	0.2312810
163.0000000	0.1616000	0.2281937
164.0000000	0.1613000	0.2312805
165.0000000	0.1612000	0.2046402
166.0000000	0.1616000	0.2070156
167.0000000	0.1611000	0.1892353
168.0000000	0.1612000	0.1884469
169.0000000	0.1613000	0.2128666
170.0000000	0.1613000	0.2343047
171.0000000	0.1612000	0.2342979
172.0000000	0.1611000	0.2264580
173.0000000	0.1612000	0.2312692
174.0000000	0.1612000	0.2045983
175.0000000	0.1612000	0.2085721
176.0000000	0.1611000	0.1886081
177.0000000	0.1613000	0.2135004
178.0000000	0.1611000	0.2111212
179.0000000	0.1610000	0.2315979
180.0000000	0.1611000	0.2338202
181.0000000	0.1613000	0.2314429
182.0000000	0.1611000	0.2284267
183.0000000	0.1610000	0.2300482
184.0000000	0.1612000	0.2223902
185.0000000	0.1610000	0.2065445
186.0000000	0.1612000	0.1904211
187.0000000	0.1611000	0.1885074
188.0000000	0.1611000	0.2143168
189.0000000	0.1611000	0.2117535
190.0000000	0.1612000	0.2343011
191.0000000	0.1610000	0.2344542
192.0000000	0.1610000	0.2215681
193.0000000	0.1611000	0.2240296
194.0000000	0.1612000	0.1969605
195.0000000	0.1611000	0.1995495
196.0000000	0.1612000	0.1969928
197.0000000	0.1610000	0.2235057
198.0000000	0.1611000	0.2208026
199.0000000	0.1610000	0.2347447
200.0000000	0.1611000	0.2346163
201.0000000	0.1607000	0.2124887
202.0000000	0.1606000	0.2166983
203.0000000	0.1607000	0.1924584
204.0000000	0.1607000	0.2008032
205.0000000	0.1610000	0.1944734
206.0000000	0.1611000	0.2346219
207.0000000	0.1606000	0.1884067
208.0000000	0.1605000	0.1893220
209.0000000	0.1606000	0.2253800
210.0000000	0.1607000	0.2003427
211.0000000	0.1610000	0.2045749
212.0000000	0.1605000	0.1904249
213.0000000	0.1612000	0.1881888
214.0000000	0.1613000	0.2128732
215.0000000	0.1635000	0.2087438
216.0000000	0.1641000	0.2339790
217.0000000	0.1641000	0.2283394
218.0000000	0.1628000	0.2249767
219.0000000	0.1613000	0.1984288
220.0000000	0.1606000	0.2000482
221.0000000	0.1601000	0.1955725
222.0000000	0.1598000	0.1936834
223.0000000	0.1595000	0.2211228
224.0000000	0.1592000	0.2340346
225.0000000	0.1587000	0.2343007
226.0000000	0.1586000	0.2124507
227.0000000	0.1581000	0.2148055
228.0000000	0.1581000	0.1882707
229.0000000	0.1576000	0.1891286
230.0000000	0.1568000	0.2071604
231.0000000	0.1563000	0.2339793
232.0000000	0.1560000	0.2322400
233.0000000	0.1553000	0.2242102
234.0000000	0.1550000	0.2250381
235.0000000	0.1547000	0.1972113
236.0000000	0.1537000	0.1988923
237.0000000	0.1530000	0.1965198
238.0000000	0.1530000	0.1932384
239.0000000	0.1526000	0.2201715
240.0000000	0.1525000	0.2341206
241.0000000	0.1522000	0.2338252
242.0000000	0.1517000	0.2114431
243.0000000	0.1518000	0.2129472
244.0000000	0.1522000	0.1881031
245.0000000	0.1530000	0.2096957
246.0000000	0.1541000	0.2071591
247.0000000	0.1551000	0.2341487
248.0000000	0.1562000	0.2338270
249.0000000	0.1570000	0.2225820
250.0000000	0.1581000	0.2231442
251.0000000	0.1593000	0.1942694
252.0000000	0.1610000	0.1982686
253.0000000	0.1616000	0.2030359
254.0000000	0.1631000	0.2316023
255.0000000	0.1638000	0.2314441
256.0000000	0.1637000	0.2308140
257.0000000	0.1636000	0.2268951
258.0000000	0.1628000	0.1985498
259.0000000	0.1628000	0.1990738
260.0000000	0.1625000	0.1984330
261.0000000	0.1623000	0.2271642
262.0000000	0.1622000	0.2246212
263.0000000	0.1625000	0.2329178
264.0000000	0.1625000	0.2336746
265.0000000	0.1620000	0.2349862
266.0000000	0.1622000	0.2076971
267.0000000	0.1620000	0.1889365
268.0000000	0.1623000	0.2117683
269.0000000	0.1618000	0.2157323
270.0000000	0.1620000	0.2346202
271.0000000	0.1623000	0.2344680
272.0000000	0.1622000	0.2154550
273.0000000	0.1618000	0.2167409
274.0000000	0.1622000	0.1896747
275.0000000	0.1620000	0.1916265
276.0000000	0.1622000	0.2054119
277.0000000	0.1618000	0.2333484
278.0000000	0.1617000	0.2317626
279.0000000	0.1618000	0.2267949
280.0000000	0.1622000	0.2279635
281.0000000	0.1622000	0.2001774
282.0000000	0.1618000	0.2021925
283.0000000	0.1618000	0.1949581
284.0000000	0.1620000	0.2225551
285.0000000	0.1616000	0.2211273
286.0000000	0.1610000	0.2346731
287.0000000	0.1650000	0.2349462
288.0000000	0.1678000	0.2115527
289.0000000	0.1722000	0.1886301
290.0000000	0.1620000	0.1884244
291.0000000	0.1618000	0.2111331
292.0000000	0.1622000	0.2092268
293.0000000	0.1618000	0.2344679
294.0000000	0.1618000	0.2343078
295.0000000	0.1616000	0.2222296
296.0000000	0.1618000	0.2208453
297.0000000	0.1618000	0.1960127
298.0000000	0.1618000	0.2012851
299.0000000	0.1616000	0.1982725
300.0000000	0.1616000	0.2236671
301.0000000	0.1618000	0.2201753
302.0000000	0.1616000	0.2344676
303.0000000	0.1617000	0.2185369
304.0000000	0.1617000	0.2151002
305.0000000	0.1616000	0.1887633
306.0000000	0.1617000	0.1895617
307.0000000	0.1617000	0.2068452
308.0000000	0.1613000	0.2050960
309.0000000	0.1593000	0.2323977
310.0000000	0.1610000	0.2309691
311.0000000	0.1725000	0.2294386
312.0000000	0.1781000	0.2018504
313.0000000	0.1647000	0.2029165
314.0000000	0.1630000	0.1934052
315.0000000	0.1631000	0.1907297
316.0000000	0.1630000	0.2171619
317.0000000	0.1631000	0.2147820
318.0000000	0.1631000	0.2347856
319.0000000	0.1631000	0.2166123
320.0000000	0.1632000	0.2187452
321.0000000	0.1632000	0.1911610
322.0000000	0.1670000	0.1948030
323.0000000	0.1687000	0.2030324
324.0000000	0.1691000	0.2003381
325.0000000	0.1732000	0.2277980
326.0000000	0.1750000	0.2258890
327.0000000	0.1706000	0.2332010
328.0000000	0.1623000	0.2053719
329.0000000	0.1622000	0.2070655
330.0000000	0.1620000	0.1896537
331.0000000	0.1618000	0.1886951
332.0000000	0.1618000	0.2141477
333.0000000	0.1618000	0.2346293
334.0000000	0.1623000	0.2341459
335.0000000	0.1618000	0.2197367
336.0000000	0.1623000	0.2225717
337.0000000	0.1620000	0.2243468
338.0000000	0.1643000	0.1966086
339.0000000	0.1693000	0.2012875
340.0000000	0.1757000	0.1998651
341.0000000	0.1680000	0.2266848
342.0000000	0.1618000	0.2302147
343.0000000	0.1617000	0.2317430
344.0000000	0.1616000	0.2041856
345.0000000	0.1616000	0.2054155
346.0000000	0.1617000	0.1930483
347.0000000	0.1613000	0.1914892
348.0000000	0.1613000	0.2184341
349.0000000	0.1617000	0.2341488
350.0000000	0.1613000	0.2338300
351.0000000	0.1613000	0.2119338
352.0000000	0.1616000	0.2137063
353.0000000	0.1613000	0.1884354
354.0000000	0.1613000	0.1881464
355.0000000	0.1616000	0.2108108
356.0000000	0.1612000	0.2343078
357.0000000	0.1613000	0.2341513
358.0000000	0.1612000	0.2191479
359.0000000	0.1612000	0.2203325
360.0000000	0.1612000	0.1919706
361.0000000	0.1607000	0.1928660
362.0000000	0.1607000	0.2038284
363.0000000	0.1612000	0.2319242
364.0000000	0.1610000	0.2301801
365.0000000	0.1610000	0.2273146
366.0000000	0.1610000	0.2291885
367.0000000	0.1612000	0.2016573
368.0000000	0.1611000	0.2033834
369.0000000	0.1612000	0.1933012
370.0000000	0.1611000	0.2149393
371.0000000	0.1607000	0.2190667
372.0000000	0.1607000	0.2346325
373.0000000	0.1610000	0.2344673
374.0000000	0.1607000	0.2128185
375.0000000	0.1610000	0.2150692
376.0000000	0.1610000	0.1888606
377.0000000	0.1610000	0.2027191
378.0000000	0.1610000	0.2065344
379.0000000	0.1611000	0.2339895
380.0000000	0.1607000	0.2322490
381.0000000	0.1607000	0.2267541
382.0000000	0.1606000	0.2297094
383.0000000	0.1607000	0.2027680
384.0000000	0.1610000	0.2054376
385.0000000	0.1606000	0.1920001
386.0000000	0.1607000	0.2190701
387.0000000	0.1610000	0.2177984
388.0000000	0.1607000	0.2341525
389.0000000	0.1606000	0.2346222
390.0000000	0.1600000	0.2141826
391.0000000	0.1588000	0.2162055
392.0000000	0.1607000	0.1892293
393.0000000	0.1651000	0.2082747
394.0000000	0.1607000	0.2062118
395.0000000	0.1605000	0.2333538
396.0000000	0.1603000	0.2316103
397.0000000	0.1603000	0.2269287
398.0000000	0.1605000	0.2282791
399.0000000	0.1605000	0.2005766
400.0000000	0.1605000	0.1963724
401.0000000	0.1601000	0.1938640
402.0000000	0.1605000	0.2216069
403.0000000	0.1603000	0.2187523
404.0000000	0.1605000	0.2341540
405.0000000	0.1601000	0.2343162
406.0000000	0.1603000	0.2128367
407.0000000	0.1603000	0.1884083
408.0000000	0.1603000	0.1885773
409.0000000	0.1600000	0.2093857
410.0000000	0.1603000	0.2077975
411.0000000	0.1598000	0.2343073
412.0000000	0.1605000	0.2324081
413.0000000	0.1600000	0.2253006
414.0000000	0.1603000	0.1985622
415.0000000	0.1603000	0.2009494
