0.0000000	0.1662000	0.2268990
1.0000000	0.1663000	0.1872832
2.0000000	0.1666000	0.1877710
3.0000000	0.1663000	0.2000981
4.0000000	0.1663000	0.2269104
5.0000000	0.1663000	0.2221834
6.0000000	0.1663000	0.1922603
7.0000000	0.1662000	0.1938795
8.0000000	0.1663000	0.2181849
9.0000000	0.1663000	0.2267582
10.0000000	0.1663000	0.2116277
11.0000000	0.1666000	0.1882779
12.0000000	0.1666000	0.2008848
13.0000000	0.1666000	0.2267529
14.0000000	0.1666000	0.2210334
15.0000000	0.1666000	0.1897845
16.0000000	0.1666000	0.1907896
17.0000000	0.1666000	0.2127850
18.0000000	0.1666000	0.2266104
19.0000000	0.1666000	0.2103025
20.0000000	0.1667000	0.1879372
21.0000000	0.1667000	0.2023122
22.0000000	0.1667000	0.2269111
23.0000000	0.1666000	0.2205077
24.0000000	0.1663000	0.1970471
25.0000000	0.1663000	0.1920437
26.0000000	0.1662000	0.2154843
27.0000000	0.1662000	0.2267624
28.0000000	0.1662000	0.2062191
29.0000000	0.1662000	0.1870520
30.0000000	0.1662000	0.2064368
31.0000000	0.1662000	0.2269012
32.0000000	0.1662000	0.2164048
33.0000000	0.1661000	0.1932742
34.0000000	0.1661000	0.1876412
35.0000000	0.1661000	0.2192994
36.0000000	0.1661000	0.2265953
37.0000000	0.1661000	0.2033537
38.0000000	0.1662000	0.2062826
39.0000000	0.1662000	0.2053279
40.0000000	0.1661000	0.2267547
41.0000000	0.1661000	0.2189041
42.0000000	0.1662000	0.1961727
43.0000000	0.1660000	0.1928330
44.0000000	0.1661000	0.2159618
45.0000000	0.1660000	0.2267580
46.0000000	0.1660000	0.2056674
47.0000000	0.1657000	0.1875150
48.0000000	0.1656000	0.2077080
49.0000000	0.1656000	0.2269152
50.0000000	0.1656000	0.2118069
51.0000000	0.1656000	0.1878923
52.0000000	0.1656000	0.2024763
53.0000000	0.1656000	0.2265961
54.0000000	0.1656000	0.2252136
55.0000000	0.1657000	0.1931125
56.0000000	0.1656000	0.1888746
57.0000000	0.1656000	0.2210433
58.0000000	0.1656000	0.2267507
59.0000000	0.1656000	0.2000329
60.0000000	0.1656000	0.1871696
61.0000000	0.1656000	0.2067557
62.0000000	0.1656000	0.2266019
63.0000000	0.1657000	0.2131367
64.0000000	0.1657000	0.1873325
65.0000000	0.1657000	0.1996139
66.0000000	0.1657000	0.2267561
67.0000000	0.1660000	0.2223085
68.0000000	0.1660000	0.1993153
69.0000000	0.1660000	0.1886805
70.0000000	0.1660000	0.2118340
71.0000000	0.1660000	0.2267599
72.0000000	0.1661000	0.2105803
73.0000000	0.1661000	0.1881802
74.0000000	0.1662000	0.2013587
75.0000000	0.1662000	0.2242132
76.0000000	0.1662000	0.2207304
77.0000000	0.1662000	0.1973903
78.0000000	0.1662000	0.1907483
79.0000000	0.1662000	0.2135836
80.0000000	0.1663000	0.2267531
81.0000000	0.1663000	0.2090669
82.0000000	0.1666000	0.1878539
83.0000000	0.1663000	0.2021535
84.0000000	0.1666000	0.2246925
85.0000000	0.1666000	0.2221326
86.0000000	0.1667000	0.1988312
87.0000000	0.1667000	0.1925086
88.0000000	0.1668000	0.2129432
89.0000000	0.1668000	0.2269162
90.0000000	0.1668000	0.2109063
91.0000000	0.1670000	0.1879208
92.0000000	0.1670000	0.2015239
93.0000000	0.1670000	0.2253239
94.0000000	0.1670000	0.2204951
95.0000000	0.1670000	0.1976165
96.0000000	0.1670000	0.1919049
97.0000000	0.1670000	0.2156429
98.0000000	0.1672000	0.2267538
99.0000000	0.1672000	0.2066669
100.0000000	0.1672000	0.1874985
101.0000000	0.1672000	0.2065991
102.0000000	0.1672000	0.2269102
103.0000000	0.1672000	0.2151676
104.0000000	0.1672000	0.2156889
105.0000000	0.1672000	0.1890506
106.0000000	0.1670000	0.2210400
107.0000000	0.1670000	0.2266057
108.0000000	0.1672000	0.2013964
109.0000000	0.1670000	0.1876220
110.0000000	0.1672000	0.2107240
111.0000000	0.1672000	0.2261372
112.0000000	0.1672000	0.2207992
113.0000000	0.1672000	0.1892539
114.0000000	0.1672000	0.1906240
115.0000000	0.1675000	0.2219883
116.0000000	0.1678000	0.2268980
117.0000000	0.1678000	0.2016637
118.0000000	0.1675000	0.1881252
119.0000000	0.1676000	0.2024677
120.0000000	0.1681000	0.2267443
121.0000000	0.1701000	0.2224857
122.0000000	0.1763000	0.1916535
123.0000000	0.1785000	0.1928659
124.0000000	0.1775000	0.2232482
125.0000000	0.1772000	0.2226154
126.0000000	0.1772000	0.2275661
127.0000000	0.1778000	0.1880400
128.0000000	0.1775000	0.2065845
129.0000000	0.1770000	0.2272057
130.0000000	0.1706000	0.2175092
131.0000000	0.1678000	0.1881373
132.0000000	0.1711000	0.0024351
133.0000000	0.0625000	0.0035655
134.0000000	0.0316000	0.1898056
135.0000000	0.0935000	0.1603529
136.0000000	0.0997000	0.1458167
137.0000000	0.0995000	0.1593137
138.0000000	0.0993000	0.1774427
139.0000000	0.0992000	0.1774472
140.0000000	0.0992000	0.1492482
141.0000000	0.0993000	0.1513979
142.0000000	0.0995000	0.1700588
143.0000000	0.0995000	0.1780191
144.0000000	0.0993000	0.1584971
145.0000000	0.0993000	0.1457289
146.0000000	0.0995000	0.1597457
147.0000000	0.0993000	0.1781364
148.0000000	0.0995000	0.1586273
149.0000000	0.0926000	0.1313698
150.0000000	0.0875000	0.1309975
151.0000000	0.0867000	0.1473435
152.0000000	0.0866000	0.1515011
153.0000000	0.0863000	0.1387471
154.0000000	0.0862000	0.1265932
155.0000000	0.0866000	0.1370459
156.0000000	0.0862000	0.1538810
157.0000000	0.0862000	0.1488051
158.0000000	0.0866000	0.1320109
159.0000000	0.0862000	0.1263409
160.0000000	0.0862000	0.1458575
161.0000000	0.0860000	0.1222869
162.0000000	0.0836000	0.1434691
163.0000000	0.0831000	0.1194322
164.0000000	0.0832000	0.1247336
165.0000000	0.0831000	0.1433606
166.0000000	0.0823000	0.1245164
167.0000000	0.0818000	0.1402466
168.0000000	0.0803000	0.1237071
169.0000000	0.0776000	0.1107677
170.0000000	0.0800000	0.1539190
171.0000000	0.0841000	0.1388345
172.0000000	0.0843000	0.1239730
173.0000000	0.0847000	0.1331750
174.0000000	0.0847000	0.1463746
175.0000000	0.0847000	0.1487929
176.0000000	0.0848000	0.1319819
177.0000000	0.0847000	0.1195772
178.0000000	0.0818000	0.1106782
179.0000000	0.0655000	0.0568378
180.0000000	0.0286000	0.0544328
181.0000000	0.0330000	0.0475002
182.0000000	0.0231000	0.0019433
183.0000000	0.0050000	0.0018876
184.0000000	0.0013000	0.0017953
185.0000000	0.0010000	0.0007400
186.0000000	0.0006000	0.0007112
187.0000000	0.0006000	0.0006712
188.0000000	0.0006000	0.0006446
189.0000000	0.0006000	0.2256667
190.0000000	0.1257000	0.2150263
191.0000000	0.1541000	0.1688144
192.0000000	0.0706000	0.0573740
193.0000000	0.0437000	0.0837413
194.0000000	0.0436000	0.2111123
195.0000000	0.0453000	0.0366854
196.0000000	0.0280000	0.0238694
197.0000000	0.0247000	0.0420379
198.0000000	0.0220000	0.0479256
199.0000000	0.0275000	0.0584755
200.0000000	0.0300000	0.0548399
201.0000000	0.0373000	0.0646910
202.0000000	0.0388000	0.0695067
203.0000000	0.0392000	0.0646563
204.0000000	0.0393000	0.0576587
205.0000000	0.0393000	0.0591767
206.0000000	0.0395000	0.0692521
207.0000000	0.0398000	0.0713816
208.0000000	0.0398000	0.0616003
209.0000000	0.0398000	0.0585135
210.0000000	0.0400000	0.0585874
211.0000000	0.0401000	0.0715502
212.0000000	0.0401000	0.0721694
213.0000000	0.0403000	0.0589151
214.0000000	0.0403000	0.0592458
215.0000000	0.0405000	0.0714732
216.0000000	0.0405000	0.0715231
217.0000000	0.0406000	0.0700097
218.0000000	0.0406000	0.0596011
219.0000000	0.0406000	0.0595969
220.0000000	0.0407000	0.0731490
221.0000000	0.0410000	0.0692258
222.0000000	0.0410000	0.0668738
223.0000000	0.0410000	0.0625463
224.0000000	0.0411000	0.0649773
225.0000000	0.0412000	0.0735744
226.0000000	0.0412000	0.0733864
227.0000000	0.0411000	0.0604661
228.0000000	0.0412000	0.0658398
229.0000000	0.0412000	0.0742441
230.0000000	0.0412000	0.0709617
231.0000000	0.0413000	0.0690802
232.0000000	0.0413000	0.0618073
233.0000000	0.0416000	0.0745478
234.0000000	0.0416000	0.0721970
235.0000000	0.0416000	0.0674891
236.0000000	0.0416000	0.0609394
237.0000000	0.0417000	0.0610987
238.0000000	0.0417000	0.0693509
239.0000000	0.0418000	0.0743423
240.0000000	0.0420000	0.0714714
241.0000000	0.0445000	0.0626278
242.0000000	0.0428000	0.0691884
243.0000000	0.0416000	0.0725866
244.0000000	0.0411000	0.0264818
245.0000000	0.0156000	0.0009858
246.0000000	0.0028000	0.0009855
247.0000000	0.0012000	0.0009950
248.0000000	0.0007000	0.0009234
249.0000000	0.0005000	0.0008492
250.0000000	0.0007000	0.0008879
251.0000000	0.0012000	0.0009230
252.0000000	0.0007000	0.0008490
253.0000000	0.0006000	0.0008142
254.0000000	0.0007000	0.0008724
255.0000000	0.0010000	0.0008056
256.0000000	0.0007000	0.0008218
257.0000000	0.0010000	0.0009822
258.0000000	0.0176000	0.0818151
259.0000000	0.0435000	0.0697648
260.0000000	0.0470000	0.0705723
261.0000000	0.0475000	0.0852504
262.0000000	0.0476000	0.0770614
263.0000000	0.0475000	0.0707151
264.0000000	0.0475000	0.0753972
265.0000000	0.0475000	0.0845093
266.0000000	0.0476000	0.0819795
267.0000000	0.0478000	0.0824666
268.0000000	0.0478000	0.0709500
269.0000000	0.0476000	0.0798628
270.0000000	0.0476000	0.0852966
271.0000000	0.0478000	0.0776915
272.0000000	0.0478000	0.0783661
273.0000000	0.0478000	0.0751690
274.0000000	0.0478000	0.0846341
275.0000000	0.0476000	0.0810239
276.0000000	0.0478000	0.0736242
277.0000000	0.0478000	0.0699282
278.0000000	0.0478000	0.0798081
279.0000000	0.0478000	0.0854377
280.0000000	0.0478000	0.0787563
281.0000000	0.0480000	0.0703636
282.0000000	0.0478000	0.0747358
283.0000000	0.0480000	0.0836697
284.0000000	0.0478000	0.0859012
285.0000000	0.0478000	0.0753014
286.0000000	0.0480000	0.0703458
287.0000000	0.0480000	0.0703473
288.0000000	0.0480000	0.0858778
289.0000000	0.0480000	0.0807876
290.0000000	0.0480000	0.0716003
291.0000000	0.0480000	0.0703641
292.0000000	0.0480000	0.0819993
293.0000000	0.0481000	0.0862517
294.0000000	0.0480000	0.0771448
295.0000000	0.0481000	0.0712630
296.0000000	0.0481000	0.0768154
297.0000000	0.0481000	0.0856211
298.0000000	0.0481000	0.0856670
299.0000000	0.0481000	0.0735721
300.0000000	0.0481000	0.0708118
301.0000000	0.0481000	0.0805715
302.0000000	0.0482000	0.0001327
303.0000000	0.0125000	0.0001339
304.0000000	0.0020000	0.0001353
305.0000000	0.0006000	0.0001721
306.0000000	0.0010000	0.0006538
307.0000000	0.0007000	0.0006370
308.0000000	0.0006000	0.0005840
309.0000000	0.0005000	0.0758219
310.0000000	0.0328000	0.0797362
311.0000000	0.0461000	0.0010881
312.0000000	0.0156000	0.0000763
313.0000000	0.0023000	0.0000738
314.0000000	0.0006000	0.0001332
315.0000000	0.0007000	0.0002455
316.0000000	0.0010000	0.0003507
317.0000000	0.0010000	0.0772075
318.0000000	0.0268000	0.0709802
319.0000000	0.0455000	0.0784923
320.0000000	0.0480000	0.0782358
321.0000000	0.0482000	0.0841488
322.0000000	0.0485000	0.0818319
323.0000000	0.0485000	0.0727250
324.0000000	0.0485000	0.0832187
325.0000000	0.0485000	0.0863706
326.0000000	0.0486000	0.0712111
327.0000000	0.0485000	0.0708648
328.0000000	0.0485000	0.0756066
329.0000000	0.0485000	0.0777875
330.0000000	0.0485000	0.0851843
331.0000000	0.0486000	0.0729578
332.0000000	0.0486000	0.0714231
333.0000000	0.0487000	0.0827968
334.0000000	0.0486000	0.0872893
335.0000000	0.0486000	0.0871372
336.0000000	0.0487000	0.0718471
337.0000000	0.0487000	0.0712107
338.0000000	0.0486000	0.0869072
339.0000000	0.0486000	0.0871046
340.0000000	0.0487000	0.0731884
341.0000000	0.0486000	0.0737798
342.0000000	0.0487000	0.0712469
343.0000000	0.0487000	0.0872853
344.0000000	0.0487000	0.0815092
345.0000000	0.0487000	0.0713051
346.0000000	0.0487000	0.0748083
347.0000000	0.0487000	0.0771582
