710.00000000	-0.00177284	-0.00019195	0.10827249
711.00000000	-0.00175006	-0.00018870	0.10782492
712.00000000	-0.00043444	-0.00004695	0.10807030
713.00000000	-0.00009476	-0.00001020	0.10764119
714.00000000	-0.00010310	-0.00001095	0.10620839
715.00000000	-0.00008096	-0.00000845	0.10437009
716.00000000	0.00004647	0.00000480	0.10329715
717.00000000	0.00008576	0.00000880	0.10261580
718.00000000	0.00008035	0.00000805	0.10018177
719.00000000	0.00009699	0.00000930	0.09588204
720.00000000	0.00022467	0.00002130	0.09480767
721.00000000	0.00036883	0.00003430	0.09299597
722.00000000	0.00062241	0.00005605	0.09005332
723.00000000	0.00100091	0.00008980	0.08971827
724.00000000	0.00120959	0.00010555	0.08726092
725.00000000	0.00133048	0.00011480	0.08628455
726.00000000	0.00145283	0.00012480	0.08590107
727.00000000	0.00172386	0.00014580	0.08457750
728.00000000	0.00247577	0.00020155	0.08140897
729.00000000	0.00290782	0.00023305	0.08014597
730.00000000	0.00382136	0.00029730	0.07779957
731.00000000	0.00463509	0.00035430	0.07643864
732.00000000	0.00517466	0.00039155	0.07566677
733.00000000	0.00548528	0.00041280	0.07525589
734.00000000	0.00610845	0.00045430	0.07437240
735.00000000	0.00680084	0.00050030	0.07356439
736.00000000	0.00788876	0.00056980	0.07222937
737.00000000	0.00904791	0.00064305	0.07107170
738.00000000	0.00931846	0.00066105	0.07093982
739.00000000	0.01046802	0.00072955	0.06969325
740.00000000	0.01190574	0.00080630	0.06772364
741.00000000	0.01265626	0.00084080	0.06643354
742.00000000	0.01298508	0.00085505	0.06584867
743.00000000	0.01335779	0.00085430	0.06395519
744.00000000	0.01340437	0.00084055	0.06270715
745.00000000	0.01333034	0.00081305	0.06099244
746.00000000	0.01309105	0.00078030	0.05960562
747.00000000	0.01272942	0.00074705	0.05868687
748.00000000	0.01249914	0.00072455	0.05796800
749.00000000	0.01224194	0.00069780	0.05700077
750.00000000	0.01214874	0.00068655	0.05651202
751.00000000	0.01212587	0.00068105	0.05616502
752.00000000	0.01151687	0.00063030	0.05472840
753.00000000	0.01053366	0.00055805	0.05297777
754.00000000	0.00925495	0.00047180	0.05097815
755.00000000	0.00833730	0.00041530	0.04981229
756.00000000	0.00762766	0.00037380	0.04900587
757.00000000	0.00691413	0.00033130	0.04791635
758.00000000	0.00687684	0.00032930	0.04788539
759.00000000	0.00672714	0.00032055	0.04765027
760.00000000	0.00511376	0.00023305	0.04557315
761.00000000	0.00300735	0.00013030	0.04332717
762.00000000	0.00247075	0.00010605	0.04292225
763.00000000	0.00177688	0.00007480	0.04209629
764.00000000	0.00135048	0.00005605	0.04150370
765.00000000	0.00067584	0.00002755	0.04076387
766.00000000	-0.00037802	-0.00001495	0.03954850
767.00000000	-0.00143678	-0.00005445	0.03789717
768.00000000	-0.00195936	-0.00007195	0.03672114
769.00000000	-0.00225504	-0.00008020	0.03556475
770.00000000	-0.00242764	-0.00008420	0.03468392
771.00000000	-0.00251428	-0.00008470	0.03368754
772.00000000	-0.00259043	-0.00008570	0.03308329
773.00000000	-0.00258878	-0.00008420	0.03252502
774.00000000	-0.00255297	-0.00008120	0.03180605
775.00000000	-0.00254338	-0.00007870	0.03094309
776.00000000	-0.00247026	-0.00007470	0.03023972
777.00000000	-0.00242471	-0.00007270	0.02998300
778.00000000	-0.00244023	-0.00007220	0.02958737
779.00000000	-0.00242620	-0.00007070	0.02914017
780.00000000	-0.00248218	-0.00007195	0.02898657
781.00000000	-0.00246046	-0.00006995	0.02842962
782.00000000	-0.00237570	-0.00006545	0.02754975
783.00000000	-0.00236116	-0.00006395	0.02708417
784.00000000	-0.00233809	-0.00006245	0.02670987
785.00000000	-0.00235734	-0.00006170	0.02617355
786.00000000	-0.00237065	-0.00006070	0.02560485
787.00000000	-0.00230824	-0.00005770	0.02499742
788.00000000	-0.00233137	-0.00005770	0.02474937
789.00000000	-0.00233555	-0.00005670	0.02427697
790.00000000	-0.00236479	-0.00005670	0.02397677
791.00000000	-0.00240687	-0.00005720	0.02376527
792.00000000	-0.00238480	-0.00005570	0.02335622
793.00000000	-0.00235703	-0.00005320	0.02257080
794.00000000	-0.00243364	-0.00005470	0.02247662
795.00000000	-0.00243762	-0.00005420	0.02223477
796.00000000	-0.00240038	-0.00005170	0.02153825
797.00000000	-0.00231837	-0.00004920	0.02122182
798.00000000	-0.00227972	-0.00004695	0.02059462
799.00000000	-0.00231967	-0.00004645	0.02002437
800.00000000	-0.00237764	-0.00004670	0.01964130
801.00000000	-0.00241393	-0.00004720	0.01955315
802.00000000	-0.00240374	-0.00004595	0.01911605
803.00000000	-0.00244595	-0.00004570	0.01868395
804.00000000	-0.00233157	-0.00004270	0.01831385
805.00000000	-0.00235035	-0.00004270	0.01816752
806.00000000	-0.00235532	-0.00004170	0.01770457
807.00000000	-0.00237044	-0.00004095	0.01727527
808.00000000	-0.00239911	-0.00004070	0.01696465
809.00000000	-0.00239255	-0.00003970	0.01659320
810.00000000	-0.00225395	-0.00003645	0.01617162
811.00000000	-0.00229821	-0.00003645	0.01586014
812.00000000	-0.00230311	-0.00003570	0.01550077
813.00000000	-0.00233364	-0.00003570	0.01529800
814.00000000	-0.00236721	-0.00003595	0.01518665
815.00000000	-0.00237688	-0.00003545	0.01491452
816.00000000	-0.00242109	-0.00003570	0.01474539
817.00000000	-0.00240440	-0.00003520	0.01463982
818.00000000	-0.00241727	-0.00003470	0.01435505
819.00000000	-0.00236508	-0.00003320	0.01403759
820.00000000	-0.00239981	-0.00003320	0.01383442
821.00000000	-0.00234581	-0.00003220	0.01372662
822.00000000	-0.00237042	-0.00003220	0.01358407
823.00000000	-0.00241701	-0.00003270	0.01352910
824.00000000	-0.00242525	-0.00003220	0.01327699
825.00000000	-0.00236481	-0.00003070	0.01298200
826.00000000	-0.00243972	-0.00003120	0.01278837
827.00000000	-0.00256352	-0.00003270	0.01275592
828.00000000	-0.00265265	-0.00003370	0.01270430
829.00000000	-0.00265453	-0.00003320	0.01250695
830.00000000	-0.00265015	-0.00003270	0.01233895
831.00000000	-0.00259691	-0.00003170	0.01220680
832.00000000	-0.00253525	-0.00003020	0.01191204
833.00000000	-0.00255079	-0.00002970	0.01164345
834.00000000	-0.00254047	-0.00002920	0.01149392
835.00000000	-0.00261175	-0.00002970	0.01137167
836.00000000	-0.00257858	-0.00002870	0.01113015
837.00000000	-0.00247009	-0.00002720	0.01101174
838.00000000	-0.00252717	-0.00002745	0.01086195
839.00000000	-0.00252267	-0.00002670	0.01058402
840.00000000	-0.00237650	-0.00002470	0.01039345
841.00000000	-0.00227816	-0.00002320	0.01018367
842.00000000	-0.00235810	-0.00002370	0.01005047
843.00000000	-0.00241587	-0.00002370	0.00981012
844.00000000	-0.00244518	-0.00002370	0.00969255
845.00000000	-0.00250839	-0.00002420	0.00964762
846.00000000	-0.00255160	-0.00002470	0.00968020
847.00000000	-0.00254944	-0.00002470	0.00968840
848.00000000	-0.00258808	-0.00002470	0.00954377
849.00000000	-0.00248775	-0.00002320	0.00932570
850.00000000	-0.00247374	-0.00002270	0.00917640
851.00000000	-0.00247509	-0.00002220	0.00896937
852.00000000	-0.00260416	-0.00002270	0.00871682
853.00000000	-0.00251385	-0.00002120	0.00843330
854.00000000	-0.00257139	-0.00002095	0.00814735
855.00000000	-0.00257100	-0.00002070	0.00805135
856.00000000	-0.00257662	-0.00002070	0.00803380
857.00000000	-0.00261515	-0.00002070	0.00791542
858.00000000	-0.00267277	-0.00002120	0.00793184
859.00000000	-0.00274679	-0.00002170	0.00790012
860.00000000	-0.00272922	-0.00002120	0.00776780
861.00000000	-0.00275844	-0.00002120	0.00768549
862.00000000	-0.00266641	-0.00001995	0.00748197
863.00000000	-0.00243926	-0.00001770	0.00725629
864.00000000	-0.00248244	-0.00001770	0.00713009
865.00000000	-0.00245953	-0.00001720	0.00699322
866.00000000	-0.00246500	-0.00001720	0.00697769
867.00000000	-0.00257172	-0.00001745	0.00678535
868.00000000	-0.00265041	-0.00001770	0.00667822
869.00000000	-0.00263037	-0.00001770	0.00672909
870.00000000	-0.00275812	-0.00001845	0.00668935
871.00000000	-0.00269684	-0.00001770	0.00656324
872.00000000	-0.00273477	-0.00001745	0.00638080
873.00000000	-0.00268917	-0.00001670	0.00621009
874.00000000	-0.00266535	-0.00001595	0.00598420
875.00000000	-0.00278334	-0.00001645	0.00591017
876.00000000	-0.00278812	-0.00001595	0.00572070
877.00000000	-0.00290296	-0.00001620	0.00558052
878.00000000	-0.00286177	-0.00001570	0.00548612
879.00000000	-0.00293902	-0.00001570	0.00534192
880.00000000	-0.00294155	-0.00001570	0.00533732
881.00000000	-0.00307083	-0.00001620	0.00527544
882.00000000	-0.00297866	-0.00001520	0.00510297
883.00000000	-0.00295169	-0.00001470	0.00498019
884.00000000	-0.00301017	-0.00001470	0.00488345
885.00000000	-0.00259451	-0.00001245	0.00479859
886.00000000	-0.00265735	-0.00001245	0.00468512
887.00000000	-0.00269056	-0.00001245	0.00462729
888.00000000	-0.00317950	-0.00001470	0.00462337
889.00000000	-0.00307283	-0.00001395	0.00453980
890.00000000	-0.00298334	-0.00001320	0.00442457
891.00000000	-0.00268682	-0.00001170	0.00435459
892.00000000	-0.00276064	-0.00001170	0.00423814
893.00000000	-0.00270183	-0.00001120	0.00414534
894.00000000	-0.00285800	-0.00001170	0.00409377
895.00000000	-0.00285821	-0.00001170	0.00409347
896.00000000	-0.00290480	-0.00001170	0.00402782
897.00000000	-0.00305839	-0.00001170	0.00382555
898.00000000	-0.00313657	-0.00001170	0.00373020
899.00000000	-0.00312981	-0.00001145	0.00365837
900.00000000	-0.00297144	-0.00001070	0.00360094
