710.00000000	-0.00448891	-0.00048635	0.10834489
711.00000000	-0.00262256	-0.00028410	0.10832913
712.00000000	-0.00070171	-0.00007660	0.10916208
713.00000000	-0.00001692	-0.00000185	0.10935156
714.00000000	-0.00025850	-0.00002760	0.10676979
715.00000000	-0.00026522	-0.00002785	0.10500826
716.00000000	-0.00017782	-0.00001860	0.10460121
717.00000000	-0.00017984	-0.00001860	0.10342569
718.00000000	-0.00019306	-0.00001960	0.10152296
719.00000000	-0.00024512	-0.00002385	0.09730011
720.00000000	-0.00018897	-0.00001810	0.09578451
721.00000000	-0.00003818	-0.00000360	0.09429536
722.00000000	0.00024862	0.00002290	0.09210938
723.00000000	0.00059504	0.00005390	0.09058146
724.00000000	0.00072687	0.00006465	0.08894269
725.00000000	0.00086707	0.00007540	0.08695916
726.00000000	0.00093753	0.00008165	0.08709028
727.00000000	0.00121153	0.00010415	0.08596586
728.00000000	0.00199616	0.00016440	0.08235803
729.00000000	0.00248712	0.00020115	0.08087656
730.00000000	0.00330474	0.00025915	0.07841773
731.00000000	0.00391405	0.00030265	0.07732409
732.00000000	0.00428268	0.00032890	0.07679778
733.00000000	0.00444973	0.00034090	0.07661131
734.00000000	0.00530295	0.00039915	0.07526948
735.00000000	0.00592882	0.00044190	0.07453423
736.00000000	0.00726583	0.00052890	0.07279276
737.00000000	0.00794690	0.00057390	0.07221681
738.00000000	0.00764418	0.00055490	0.07259121
739.00000000	0.00891003	0.00063440	0.07120068
740.00000000	0.01081922	0.00074640	0.06898836
741.00000000	0.01196213	0.00080565	0.06735006
742.00000000	0.01243452	0.00082565	0.06639983
743.00000000	0.01286318	0.00081865	0.06364291
744.00000000	0.01288739	0.00081315	0.06309658
745.00000000	0.01301989	0.00080665	0.06195519
746.00000000	0.01295564	0.00079040	0.06100816
747.00000000	0.01281164	0.00076915	0.06003526
748.00000000	0.01264695	0.00074690	0.05905774
749.00000000	0.01229134	0.00071165	0.05789848
750.00000000	0.01230097	0.00070965	0.05769058
751.00000000	0.01232714	0.00070740	0.05738558
752.00000000	0.01170329	0.00065165	0.05568094
753.00000000	0.01083564	0.00058715	0.05418694
754.00000000	0.00947141	0.00049140	0.05188246
755.00000000	0.00839492	0.00042340	0.05043528
756.00000000	0.00776355	0.00038540	0.04964221
757.00000000	0.00724586	0.00035365	0.04880721
758.00000000	0.00698376	0.00033815	0.04841948
759.00000000	0.00642993	0.00030665	0.04769101
760.00000000	0.00496524	0.00022740	0.04579843
761.00000000	0.00324525	0.00014265	0.04395653
762.00000000	0.00309379	0.00013565	0.04384593
763.00000000	0.00231468	0.00009940	0.04294336
764.00000000	0.00145723	0.00006115	0.04196318
765.00000000	0.00077375	0.00003190	0.04122791
766.00000000	-0.00032197	-0.00001285	0.03990998
767.00000000	-0.00148960	-0.00005685	0.03816473
768.00000000	-0.00201805	-0.00007460	0.03696646
769.00000000	-0.00232090	-0.00008310	0.03580503
770.00000000	-0.00252424	-0.00008835	0.03500068
771.00000000	-0.00265709	-0.00009010	0.03390931
772.00000000	-0.00268813	-0.00008960	0.03333171
773.00000000	-0.00268499	-0.00008810	0.03281206
774.00000000	-0.00271763	-0.00008760	0.03223401
775.00000000	-0.00272200	-0.00008560	0.03144743
776.00000000	-0.00262412	-0.00008060	0.03071501
777.00000000	-0.00259432	-0.00007860	0.03029701
778.00000000	-0.00261555	-0.00007810	0.02985991
779.00000000	-0.00255578	-0.00007485	0.02928659
780.00000000	-0.00258672	-0.00007510	0.02903291
781.00000000	-0.00260774	-0.00007410	0.02841546
782.00000000	-0.00260235	-0.00007210	0.02770571
783.00000000	-0.00259867	-0.00007135	0.02745638
784.00000000	-0.00255001	-0.00006910	0.02709789
785.00000000	-0.00260815	-0.00006910	0.02649384
786.00000000	-0.00259494	-0.00006710	0.02585799
787.00000000	-0.00255515	-0.00006460	0.02528224
788.00000000	-0.00259921	-0.00006510	0.02504609
789.00000000	-0.00257687	-0.00006310	0.02448711
790.00000000	-0.00260424	-0.00006285	0.02413368
791.00000000	-0.00263404	-0.00006310	0.02395558
792.00000000	-0.00264223	-0.00006210	0.02350288
793.00000000	-0.00262617	-0.00005960	0.02269469
794.00000000	-0.00261443	-0.00005910	0.02260531
795.00000000	-0.00263580	-0.00005910	0.02242201
796.00000000	-0.00257878	-0.00005610	0.02175449
797.00000000	-0.00258056	-0.00005510	0.02135193
798.00000000	-0.00260490	-0.00005385	0.02067261
799.00000000	-0.00264221	-0.00005310	0.02009678
800.00000000	-0.00261298	-0.00005160	0.01974754
801.00000000	-0.00266163	-0.00005235	0.01966844
802.00000000	-0.00259506	-0.00005010	0.01930591
803.00000000	-0.00265311	-0.00005010	0.01888351
804.00000000	-0.00267121	-0.00004960	0.01856836
805.00000000	-0.00268038	-0.00004935	0.01841153
806.00000000	-0.00271192	-0.00004860	0.01792091
807.00000000	-0.00275072	-0.00004810	0.01748634
808.00000000	-0.00275654	-0.00004735	0.01717734
809.00000000	-0.00271959	-0.00004560	0.01676726
810.00000000	-0.00266264	-0.00004335	0.01628081
811.00000000	-0.00271170	-0.00004310	0.01589411
812.00000000	-0.00273354	-0.00004260	0.01558419
813.00000000	-0.00276740	-0.00004260	0.01539349
814.00000000	-0.00281727	-0.00004310	0.01529851
815.00000000	-0.00280462	-0.00004210	0.01501093
816.00000000	-0.00284379	-0.00004210	0.01480421
817.00000000	-0.00274429	-0.00004010	0.01461216
818.00000000	-0.00277314	-0.00003960	0.01427984
819.00000000	-0.00276317	-0.00003860	0.01396949
820.00000000	-0.00276081	-0.00003810	0.01380031
821.00000000	-0.00281319	-0.00003860	0.01372106
822.00000000	-0.00279130	-0.00003810	0.01364956
823.00000000	-0.00294867	-0.00004010	0.01359936
824.00000000	-0.00285897	-0.00003810	0.01332646
825.00000000	-0.00292434	-0.00003810	0.01302856
826.00000000	-0.00297010	-0.00003810	0.01282783
827.00000000	-0.00302129	-0.00003860	0.01277601
828.00000000	-0.00303673	-0.00003860	0.01271104
829.00000000	-0.00308660	-0.00003860	0.01250566
830.00000000	-0.00306600	-0.00003785	0.01234509
831.00000000	-0.00309316	-0.00003760	0.01215586
832.00000000	-0.00313438	-0.00003710	0.01183646
833.00000000	-0.00299505	-0.00003460	0.01155241
834.00000000	-0.00300221	-0.00003435	0.01144159
835.00000000	-0.00304071	-0.00003435	0.01129671
836.00000000	-0.00309100	-0.00003435	0.01111291
837.00000000	-0.00308800	-0.00003410	0.01104276
838.00000000	-0.00311741	-0.00003410	0.01093859
839.00000000	-0.00312146	-0.00003360	0.01076419
840.00000000	-0.00309095	-0.00003260	0.01054694
841.00000000	-0.00303660	-0.00003110	0.01024171
842.00000000	-0.00313229	-0.00003160	0.01008846
843.00000000	-0.00310271	-0.00003060	0.00986233
844.00000000	-0.00309749	-0.00003010	0.00971753
845.00000000	-0.00310563	-0.00003010	0.00969206
846.00000000	-0.00329425	-0.00003210	0.00974426
847.00000000	-0.00329391	-0.00003210	0.00974526
848.00000000	-0.00323889	-0.00003110	0.00960206
849.00000000	-0.00320770	-0.00003010	0.00938368
850.00000000	-0.00322184	-0.00002960	0.00918729
851.00000000	-0.00325518	-0.00002910	0.00893958
852.00000000	-0.00330847	-0.00002860	0.00864449
853.00000000	-0.00336570	-0.00002810	0.00834894
854.00000000	-0.00307977	-0.00002510	0.00814996
855.00000000	-0.00311476	-0.00002510	0.00805841
856.00000000	-0.00321440	-0.00002585	0.00804194
857.00000000	-0.00316894	-0.00002510	0.00792064
858.00000000	-0.00325998	-0.00002585	0.00792949
859.00000000	-0.00355054	-0.00002810	0.00791429
860.00000000	-0.00358303	-0.00002810	0.00784254
861.00000000	-0.00361082	-0.00002810	0.00778216
862.00000000	-0.00352174	-0.00002660	0.00755309
863.00000000	-0.00343692	-0.00002510	0.00730306
864.00000000	-0.00347207	-0.00002485	0.00715711
865.00000000	-0.00350957	-0.00002485	0.00708064
866.00000000	-0.00357669	-0.00002510	0.00701766
867.00000000	-0.00362112	-0.00002460	0.00679349
868.00000000	-0.00365914	-0.00002460	0.00672288
869.00000000	-0.00375987	-0.00002510	0.00667576
870.00000000	-0.00379000	-0.00002510	0.00662268
871.00000000	-0.00382004	-0.00002485	0.00650516
872.00000000	-0.00379543	-0.00002410	0.00634974
873.00000000	-0.00387961	-0.00002410	0.00621196
874.00000000	-0.00395832	-0.00002410	0.00608843
875.00000000	-0.00392420	-0.00002360	0.00601396
876.00000000	-0.00405801	-0.00002360	0.00581566
877.00000000	-0.00407391	-0.00002310	0.00567024
878.00000000	-0.00419833	-0.00002310	0.00550218
879.00000000	-0.00428982	-0.00002285	0.00532656
880.00000000	-0.00436802	-0.00002310	0.00528844
881.00000000	-0.00434456	-0.00002260	0.00520191
882.00000000	-0.00442854	-0.00002235	0.00504681
883.00000000	-0.00434549	-0.00002135	0.00491314
884.00000000	-0.00411458	-0.00001985	0.00482431
885.00000000	-0.00416624	-0.00001985	0.00476449
886.00000000	-0.00408234	-0.00001910	0.00467869
887.00000000	-0.00442777	-0.00002060	0.00465246
888.00000000	-0.00445412	-0.00002060	0.00462494
889.00000000	-0.00427013	-0.00001910	0.00447294
890.00000000	-0.00437002	-0.00001910	0.00437068
891.00000000	-0.00437354	-0.00001885	0.00431001
892.00000000	-0.00434277	-0.00001835	0.00422541
893.00000000	-0.00455055	-0.00001885	0.00414236
894.00000000	-0.00456455	-0.00001860	0.00407489
895.00000000	-0.00472435	-0.00001910	0.00404289
896.00000000	-0.00483733	-0.00001910	0.00394846
897.00000000	-0.00498060	-0.00001885	0.00378469
898.00000000	-0.00499488	-0.00001860	0.00372381
899.00000000	-0.00510633	-0.00001860	0.00364254
900.00000000	-0.00508987	-0.00001810	0.00355609
