7.100000000000000000e+02 1.631137720312104673e-04 -2.385951986117370791e-03 -5.065486162475133078e-04 -9.574219962985538231e-04
7.110000000000000000e+02 8.825476614330950544e-04 -1.954515884314821875e-03 3.150201070516857424e-05 -1.464844028434132304e-03
7.120000000000000000e+02 1.600365559841980144e-03 -9.788066367952170683e-04 1.212817209322516934e-03 -8.882615515056005179e-04
7.130000000000000000e+02 2.164740632010796629e-03 -8.293885919356831088e-04 1.841318824470034553e-03 -7.990621416892498656e-04
7.140000000000000000e+02 3.063074280635351594e-03 -1.280577436913137804e-03 2.709264469398979611e-03 -1.052483420986364800e-03
7.150000000000000000e+02 4.175966321412263697e-03 -1.699228202652275279e-03 3.713916633399194471e-03 -1.533597196649978678e-03
7.160000000000000000e+02 4.294321294245057388e-03 -1.700660118443755127e-03 3.874867401761272843e-03 -1.576742125991543271e-03
7.170000000000000000e+02 4.455395055138863109e-03 -1.743289939655575218e-03 4.789496323079330507e-03 -1.874955051523000907e-03
7.180000000000000000e+02 5.551158466126037555e-03 -2.140713946682774958e-03 5.458110628550949528e-03 -2.068398515285121367e-03
7.190000000000000000e+02 6.954670396711053366e-03 -2.683567418298158248e-03 6.687340992717314553e-03 -2.633524418626650640e-03
7.200000000000000000e+02 7.871840007480002468e-03 -3.024887737178305353e-03 9.151272923251064367e-03 -3.535001124517782659e-03
7.210000000000000000e+02 9.064751363126342595e-03 -3.354993242636170395e-03 9.325859894319473223e-03 -3.463080287580434184e-03
7.220000000000000000e+02 9.850882262694085276e-03 -3.474924600237408283e-03 9.934752828081679435e-03 -3.546793367756279763e-03
7.230000000000000000e+02 1.065596624803662185e-02 -3.540038647781796211e-03 1.065314597901495172e-02 -3.590687932087598903e-03
7.240000000000000000e+02 1.121310281129896634e-02 -3.609255951113878209e-03 1.171621735874646582e-02 -3.838928876890067635e-03
7.250000000000000000e+02 1.151176115044350717e-02 -3.637107321758548725e-03 1.180590645903740500e-02 -3.702332607396203665e-03
7.260000000000000000e+02 1.167240717917150672e-02 -3.615199235273137707e-03 1.209566050004224139e-02 -3.737029977629903032e-03
7.270000000000000000e+02 1.209487006269833152e-02 -3.600403648943747981e-03 1.255872198291814283e-02 -3.701253822031383769e-03
7.280000000000000000e+02 1.262056351960168243e-02 -3.217002918309890425e-03 1.244825209293278813e-02 -3.160857287665965257e-03
7.290000000000000000e+02 1.273395245114497705e-02 -2.912993539364837087e-03 1.235320997176975188e-02 -2.804077444533024412e-03
7.300000000000000000e+02 1.274209773373250615e-02 -2.231736666615248034e-03 1.274241769795039780e-02 -2.156874512725347887e-03
7.310000000000000000e+02 1.275239105692444613e-02 -1.831343806454812902e-03 1.303007153735247572e-02 -1.936099806248514719e-03
7.320000000000000000e+02 1.105217788437672273e-02 -8.595506655940777325e-04 1.072850953926935379e-02 -6.576992093052739380e-04
7.330000000000000000e+02 9.227068413152964693e-03 -9.704414332946502419e-05 8.367582071538010036e-03 2.944051489923020276e-04
7.340000000000000000e+02 8.858043909521808035e-03 7.860854291619667669e-04 8.258621838051365127e-03 1.013484037559462094e-03
7.350000000000000000e+02 8.820841793319194463e-03 1.151563264767029894e-03 8.873482117115284729e-03 1.462082750719545087e-03
7.360000000000000000e+02 7.553110465934831548e-03 2.469901744803720475e-03 7.235762146059602530e-03 2.738773368013901373e-03
7.370000000000000000e+02 5.964370691906333531e-03 3.680853412282343671e-03 5.990977172935574475e-03 3.960234093833166907e-03
7.380000000000000000e+02 4.985098018328131854e-03 3.904010100486402478e-03 5.558920860998716081e-03 3.985625323468579631e-03
7.390000000000000000e+02 4.268765512501969568e-03 4.907174754515811199e-03 3.773695363433341669e-03 5.062049957712078802e-03
7.400000000000000000e+02 4.225622283553923456e-03 6.327863002003281633e-03 3.280945623923517407e-03 6.677778212562155910e-03
7.410000000000000000e+02 3.111081477580760011e-03 7.589631424580274045e-03 1.782815629155567365e-03 8.169557448690807633e-03
7.420000000000000000e+02 1.048619939997419512e-03 8.742794917861932205e-03 -7.963119126856885947e-04 9.519312944644638813e-03
7.430000000000000000e+02 -9.753882530732395492e-04 9.769188499715839719e-03 -1.306225182709410803e-03 9.891885049888761092e-03
7.440000000000000000e+02 -2.339697892086121944e-03 1.030378158270858074e-02 -4.988192742321108028e-03 1.129659297618182748e-02
7.450000000000000000e+02 -3.946534847065922419e-03 1.102415898613292103e-02 -5.537961692097602417e-03 1.162871597942618900e-02
7.460000000000000000e+02 -5.024746012768966513e-03 1.136927574518562835e-02 -6.775870835357318718e-03 1.203425046246158620e-02
7.470000000000000000e+02 -7.248838778186304094e-03 1.201268209748388056e-02 -8.177119487778838208e-03 1.227182196012788912e-02
7.480000000000000000e+02 -1.067995933833639291e-02 1.320874472326097684e-02 -1.051176234859393412e-02 1.299946897985839421e-02
7.490000000000000000e+02 -1.143227216941423811e-02 1.332674957902346864e-02 -1.176831701218358263e-02 1.343932285294841510e-02
7.500000000000000000e+02 -1.213710933933987920e-02 1.358382252748623585e-02 -1.185791831042453011e-02 1.345201005675680968e-02
7.510000000000000000e+02 -1.311416654322623832e-02 1.396979869060885164e-02 -1.447066499177796645e-02 1.444802719196877118e-02
7.520000000000000000e+02 -1.627745887300850389e-02 1.468284342877682579e-02 -1.782242466334880635e-02 1.510098132290295034e-02
7.530000000000000000e+02 -1.862530628412092590e-02 1.491081363150757559e-02 -1.919771101426784657e-02 1.504417940962339377e-02
7.540000000000000000e+02 -2.083916184347111428e-02 1.469451614913683084e-02 -2.087555313466915585e-02 1.470784949086047233e-02
7.550000000000000000e+02 -2.189075045977395551e-02 1.424744189484163440e-02 -2.219227846185724967e-02 1.440519138687651468e-02
7.560000000000000000e+02 -2.336790003764412094e-02 1.421956232654587177e-02 -2.433050010281679817e-02 1.456473636940857144e-02
7.570000000000000000e+02 -2.415806619423136598e-02 1.401585630740090696e-02 -2.509160045828720889e-02 1.415583942292511846e-02
7.580000000000000000e+02 -2.423367421636040547e-02 1.393095466110946118e-02 -2.521899768815214632e-02 1.421350442275742115e-02
7.590000000000000000e+02 -2.425292324684679215e-02 1.372417153212122411e-02 -2.547931891553904121e-02 1.441045904903802757e-02
7.600000000000000000e+02 -2.426074991073027751e-02 1.267343664592436581e-02 -2.502602002831826739e-02 1.339256030760683190e-02
7.610000000000000000e+02 -2.419582992650960371e-02 1.117970737123758114e-02 -2.422826645942896887e-02 1.138972670040702337e-02
7.620000000000000000e+02 -2.148370230750554916e-02 9.676947683956601404e-03 -2.119075722585728183e-02 9.296570584280393693e-03
7.630000000000000000e+02 -1.981534783996280122e-02 8.544113137903644115e-03 -1.901771424013891029e-02 8.024874489406100264e-03
7.640000000000000000e+02 -1.661139646998868735e-02 6.943500341025462229e-03 -1.503938834008266244e-02 6.355233352522779260e-03
7.650000000000000000e+02 -1.270908965122724034e-02 5.099341357853148446e-03 -8.985834078208911405e-03 3.847503861323021968e-03
7.660000000000000000e+02 -7.292835237431143439e-03 2.474230383833894362e-03 -6.264741417814954395e-03 2.363413639425403657e-03
7.670000000000000000e+02 -4.000872835722120782e-03 4.174799376563731240e-04 -3.449602958306238580e-03 4.585780610053059631e-04
7.680000000000000000e+02 -2.831787487993498147e-03 -4.787311024792960802e-04 -1.830605625587868306e-03 -7.909166243845431070e-04
7.690000000000000000e+02 -1.705380504501884760e-03 -1.089605830502425295e-03 -1.469443796366748118e-03 -1.134890699838975994e-03
7.700000000000000000e+02 -1.084704413540095750e-03 -1.423699383845555442e-03 -1.386666602550554747e-03 -1.241404358662081360e-03
7.710000000000000000e+02 -5.809496954600523776e-04 -1.675022114130287221e-03 -1.380868331521144894e-03 -1.327385607646914926e-03
7.720000000000000000e+02 -4.242250382986011321e-04 -1.783159510530829507e-03 -1.386783623621553859e-03 -1.408659102425565031e-03
7.730000000000000000e+02 -4.276259468201919103e-04 -1.768566640873817618e-03 -1.272690133335715882e-03 -1.485525655575539727e-03
7.740000000000000000e+02 -4.558566566458881978e-04 -1.776172154926985644e-03 -1.182486005480300846e-03 -1.516651225749616637e-03
7.750000000000000000e+02 -4.986268409774963608e-04 -1.784528466695513250e-03 -1.330764914021674225e-03 -1.445386593608589910e-03
7.760000000000000000e+02 -5.445097220343140523e-04 -1.702978946785444489e-03 -1.360471280081888921e-03 -1.433867624486859487e-03
7.770000000000000000e+02 -5.435875943745461071e-04 -1.679051059774649838e-03 -1.349072309481263304e-03 -1.420558850879123603e-03
7.780000000000000000e+02 -6.143631491884500454e-04 -1.662759833978397390e-03 -1.318131652401146724e-03 -1.400389159942450707e-03
7.790000000000000000e+02 -7.357820476488299063e-04 -1.605095221800080865e-03 -1.520940121649797363e-03 -1.307780930706427432e-03
7.800000000000000000e+02 -8.841210563867775993e-04 -1.580467356528254732e-03 -1.635842461813146300e-03 -1.282071161430166839e-03
7.810000000000000000e+02 -1.053251306755189666e-03 -1.519367300676043291e-03 -1.876966942489610105e-03 -1.182920585200280877e-03
7.820000000000000000e+02 -1.194510350258162074e-03 -1.478707896995087694e-03 -2.053260952986878107e-03 -1.091982458996685300e-03
7.830000000000000000e+02 -1.248576380793982223e-03 -1.457893619003488260e-03 -2.117016270088095328e-03 -1.031789177430726548e-03
7.840000000000000000e+02 -1.369009646808610385e-03 -1.386340664082144972e-03 -2.123646730802511689e-03 -1.047847430620651738e-03
7.850000000000000000e+02 -1.577943317553820966e-03 -1.355895701871741472e-03 -2.245423663558691364e-03 -1.037485537985400686e-03
7.860000000000000000e+02 -1.670129202490676585e-03 -1.345410398696855487e-03 -2.601076430279021523e-03 -9.683206646485817762e-04
7.870000000000000000e+02 -1.799523654739194423e-03 -1.305455818077113066e-03 -2.675884202041337121e-03 -9.064127652674985620e-04
7.880000000000000000e+02 -1.886431105159573369e-03 -1.280101703760334582e-03 -2.724946916201325970e-03 -8.848436707211683417e-04
7.890000000000000000e+02 -1.992328622820034069e-03 -1.267185040658530678e-03 -2.998820441651065677e-03 -8.494305834285477462e-04
7.900000000000000000e+02 -1.969583700087700496e-03 -1.302152250017682986e-03 -2.979404617266544902e-03 -8.877260267590712274e-04
7.910000000000000000e+02 -2.085936720472296446e-03 -1.300903419975492706e-03 -3.071667831101093041e-03 -8.721320721176699809e-04
7.920000000000000000e+02 -2.184180585013982545e-03 -1.270567566835097964e-03 -3.308927625869227673e-03 -8.338090426114283006e-04
7.930000000000000000e+02 -2.294585934017486645e-03 -1.246103455926000437e-03 -3.365784381807510658e-03 -8.528695440485533014e-04
7.940000000000000000e+02 -2.418448938631913639e-03 -1.226358384643744248e-03 -3.559676706133107181e-03 -8.253884131600498254e-04
7.950000000000000000e+02 -2.444011826099197569e-03 -1.246586762491821900e-03 -3.556020148579610001e-03 -8.013424165522468239e-04
7.960000000000000000e+02 -2.476167964331611564e-03 -1.204971411217674055e-03 -3.628078023165751727e-03 -8.407634776306077131e-04
7.970000000000000000e+02 -2.501361939215331499e-03 -1.186919237389537319e-03 -3.674113433022808267e-03 -7.915274037698320081e-04
7.980000000000000000e+02 -2.638247868421613948e-03 -1.175853166421741546e-03 -3.935934354093524774e-03 -7.290596696381454987e-04
7.990000000000000000e+02 -2.806881294125759558e-03 -1.139738850404374906e-03 -4.032926935732874911e-03 -7.132948043385926428e-04
8.000000000000000000e+02 -2.835566961759394215e-03 -1.142844163248606104e-03 -4.110602432519063626e-03 -7.064180777590464873e-04
8.010000000000000000e+02 -2.988652914029766433e-03 -1.152182806590828492e-03 -4.317938229708252751e-03 -7.028305347700946259e-04
8.020000000000000000e+02 -3.001546127841443930e-03 -1.131638406261740093e-03 -4.357613918654136033e-03 -7.171536153944866676e-04
8.030000000000000000e+02 -3.061210603672649602e-03 -1.165760347901972048e-03 -4.518188193170666334e-03 -7.042094585749395430e-04
8.040000000000000000e+02 -3.273060116591780446e-03 -1.079342673264265364e-03 -4.593221881001740073e-03 -6.345654884095164100e-04
8.050000000000000000e+02 -3.280257118898493880e-03 -1.159409091316753989e-03 -4.630126472780862236e-03 -6.509231307713483688e-04
8.060000000000000000e+02 -3.308821391807162220e-03 -1.132465849701828463e-03 -4.773374901725316310e-03 -6.048912493352833018e-04
8.070000000000000000e+02 -3.697637490264503619e-03 -1.064167903745680266e-03 -4.890371214417069297e-03 -6.187841596635539065e-04
8.080000000000000000e+02 -3.840794810413975750e-03 -1.059415556859480802e-03 -5.157909234208778691e-03 -5.957574850841905164e-04
8.090000000000000000e+02 -3.854613405015624560e-03 -1.047835507239345361e-03 -5.195617915306677270e-03 -6.148875429936169175e-04
8.100000000000000000e+02 -3.926394796457691183e-03 -1.008099793338745540e-03 -5.393881135225678421e-03 -5.672585945607754596e-04
8.110000000000000000e+02 -4.193190676115729661e-03 -9.418868479398938244e-04 -5.721519057762235530e-03 -5.412250734426489853e-04
8.120000000000000000e+02 -4.361069957718259268e-03 -9.356382083163944374e-04 -5.950788409492062912e-03 -4.351066115623198195e-04
8.130000000000000000e+02 -4.458591696246643268e-03 -9.529525206681803027e-04 -5.896210983602457982e-03 -4.475800952833185555e-04
8.140000000000000000e+02 -4.532401560174913538e-03 -9.749689339185289849e-04 -5.916414543008311974e-03 -4.814274356304512918e-04
8.150000000000000000e+02 -4.592467015801197407e-03 -9.768194750771994495e-04 -6.015801246161672083e-03 -4.741586382248277193e-04
8.160000000000000000e+02 -4.686908469046449296e-03 -1.014270763905130400e-03 -6.093892465139059272e-03 -5.351710397581468373e-04
8.170000000000000000e+02 -4.563806428487209368e-03 -1.003355568830764438e-03 -6.151115463586560167e-03 -5.522127866272020201e-04
8.180000000000000000e+02 -4.607260837893595827e-03 -1.032236833504479590e-03 -6.646399152030363876e-03 -4.341439886951754877e-04
8.190000000000000000e+02 -4.919640674927672208e-03 -9.440795020505764711e-04 -6.695451659621355633e-03 -4.389995146120766688e-04
8.200000000000000000e+02 -4.994792652477949776e-03 -9.318232029542651822e-04 -6.756153735885306669e-03 -4.298604412414029066e-04
8.210000000000000000e+02 -5.225102198121293375e-03 -9.274731018871345276e-04 -7.134734125717269275e-03 -3.245510342650612372e-04
8.220000000000000000e+02 -5.343903307243473393e-03 -9.040642157438907390e-04 -7.358778026651181976e-03 -3.155558195096816562e-04
8.230000000000000000e+02 -5.316168701014748442e-03 -1.007779211539017736e-03 -7.307528454131620964e-03 -4.792857217771400932e-04
8.240000000000000000e+02 -5.396555601020257796e-03 -9.866798007608962480e-04 -7.521383582784020236e-03 -3.652654792568636667e-04
8.250000000000000000e+02 -5.606742582016262938e-03 -9.502504857160970399e-04 -7.654877614491070043e-03 -2.913377313194562388e-04
8.260000000000000000e+02 -5.856729133403893589e-03 -9.485027069042426548e-04 -7.503356530146109392e-03 -3.708639560458728700e-04
8.270000000000000000e+02 -6.187719711963015831e-03 -9.840751169569515559e-04 -7.975538445229159862e-03 -4.310090275060509779e-04
8.280000000000000000e+02 -6.293916198937724027e-03 -1.012262127760235868e-03 -8.132372843713351479e-03 -4.641731270375779018e-04
8.290000000000000000e+02 -6.612349637495435785e-03 -9.923431589700746486e-04 -8.639471680516356070e-03 -3.932108467639015750e-04
8.300000000000000000e+02 -6.791624504214959293e-03 -9.830278328757720719e-04 -8.757094584674241303e-03 -3.620719444922932372e-04
8.310000000000000000e+02 -6.892398532301117348e-03 -9.783451508434189581e-04 -8.679114058315274410e-03 -3.927041927730185356e-04
8.320000000000000000e+02 -6.887594050802114606e-03 -9.964247126922885257e-04 -8.698276892591613046e-03 -3.863578836250266516e-04
8.330000000000000000e+02 -7.167023809914634287e-03 -9.011985692335983816e-04 -9.168172385217700227e-03 -3.779951330999869259e-04
8.340000000000000000e+02 -7.298087505714812018e-03 -9.186986419080012730e-04 -9.283262425465342235e-03 -3.676114040648946631e-04
8.350000000000000000e+02 -7.428892578252825271e-03 -9.455593537691734654e-04 -9.581204564430081949e-03 -3.796334323786777721e-04
8.360000000000000000e+02 -7.476683952218414822e-03 -9.650225790469476022e-04 -9.597888626028408532e-03 -3.495887428855628132e-04
8.370000000000000000e+02 -7.413247873941958277e-03 -1.029431790085324344e-03 -9.707737099507698225e-03 -3.506042119313921603e-04
8.380000000000000000e+02 -7.551212173345049974e-03 -9.712473511800555825e-04 -9.854292609893441912e-03 -3.178610103611685320e-04
8.390000000000000000e+02 -7.668506776586633822e-03 -9.721364183688243569e-04 -1.001752511943107028e-02 -2.577314161821704077e-04
8.400000000000000000e+02 -7.671468194556487104e-03 -9.413146043512316636e-04 -9.834332542603792943e-03 -2.701336561404744019e-04
8.410000000000000000e+02 -7.642210697456474494e-03 -9.407482367266076489e-04 -9.790799072404234721e-03 -2.515133975105369947e-04
8.420000000000000000e+02 -7.956983442166261009e-03 -9.635488327843452251e-04 -9.875366378826593364e-03 -2.031855264942005455e-04
8.430000000000000000e+02 -8.058377069033274137e-03 -9.760178767244089221e-04 -1.010253369914394794e-02 -2.659004180100207069e-04
8.440000000000000000e+02 -8.001323288914780410e-03 -1.012032734985008568e-03 -1.000250590455836405e-02 -4.471969705174695772e-04
8.450000000000000000e+02 -8.379940123048228509e-03 -1.011029066053313738e-03 -1.061870576559479154e-02 -3.168456413382301964e-04
8.460000000000000000e+02 -8.726496086065762409e-03 -1.065126672487552413e-03 -1.088372664000028002e-02 -3.978524894890039885e-04
8.470000000000000000e+02 -8.672742054984750038e-03 -1.119562072437318674e-03 -1.088565299015959928e-02 -4.235608970600231778e-04
8.480000000000000000e+02 -8.703708257941077456e-03 -1.111095459983773822e-03 -1.080009005471131017e-02 -4.972880491398277590e-04
8.490000000000000000e+02 -8.585681416468040131e-03 -1.088464225061703573e-03 -1.103774693173804368e-02 -4.929576238818861788e-04
8.500000000000000000e+02 -8.596824247026270405e-03 -1.156498206925461302e-03 -1.120502670070397042e-02 -4.353304333073264288e-04
8.510000000000000000e+02 -8.681088691092362156e-03 -1.160071685989920182e-03 -1.131248196113887779e-02 -4.428883270604055109e-04
8.520000000000000000e+02 -8.572335521715858386e-03 -1.231925993931016084e-03 -1.150828853120070341e-02 -4.862894619745672625e-04
8.530000000000000000e+02 -8.531150265215454997e-03 -1.285608814056383867e-03 -1.156420476911560608e-02 -4.968550759243756587e-04
8.540000000000000000e+02 -8.527117036135282990e-03 -1.195134123509842584e-03 -1.181008960886635248e-02 -4.651463084447403384e-04
8.550000000000000000e+02 -8.884415215196835719e-03 -1.179427862481632156e-03 -1.231929085743723416e-02 -5.167020138453881205e-04
8.560000000000000000e+02 -9.100575330068041979e-03 -1.227984663111102810e-03 -1.246498375191518182e-02 -4.646975196549818867e-04
8.570000000000000000e+02 -9.425470986683826685e-03 -1.202814460209197540e-03 -1.251262985420784936e-02 -5.221235846679853467e-04
8.580000000000000000e+02 -9.635881442697115731e-03 -1.249253733138394043e-03 -1.310006605544571101e-02 -5.293715831096319204e-04
8.590000000000000000e+02 -9.887928200681895402e-03 -1.416130790665687256e-03 -1.331339938919712945e-02 -5.203615935724906390e-04
8.600000000000000000e+02 -1.018353830951563774e-02 -1.394322085661355752e-03 -1.375051274222502916e-02 -5.441561335150157334e-04
8.610000000000000000e+02 -1.059093352660283975e-02 -1.406424039724875818e-03 -1.406014172165542461e-02 -5.942200795432842986e-04
8.620000000000000000e+02 -1.050987054030207667e-02 -1.305122219885593163e-03 -1.425092637200280066e-02 -4.049067680933965733e-04
8.630000000000000000e+02 -1.021775315423707579e-02 -1.285842222219957861e-03 -1.403897656638517302e-02 -4.066058752030994334e-04
8.640000000000000000e+02 -9.374039195044866352e-03 -1.410618951004335162e-03 -1.353745742588368696e-02 -4.957551950756781175e-04
8.650000000000000000e+02 -9.340428855902379798e-03 -1.501420652466097265e-03 -1.313823764855521006e-02 -6.005658871123952143e-04
8.660000000000000000e+02 -9.474037075806372721e-03 -1.554674704561174840e-03 -1.294073187125147073e-02 -6.748847350092202066e-04
8.670000000000000000e+02 -9.579026233948035457e-03 -1.596268002137809757e-03 -1.313999536570804004e-02 -7.280210352935553245e-04
8.680000000000000000e+02 -1.009242030380798523e-02 -1.637504886137137322e-03 -1.405526531675468579e-02 -6.424218531981882143e-04
8.690000000000000000e+02 -1.022366557099369661e-02 -1.738680456064214215e-03 -1.397928368552455933e-02 -7.735587386559125136e-04
8.700000000000000000e+02 -1.054104751736920260e-02 -1.751234154907008612e-03 -1.425999963789351642e-02 -7.785729991877857322e-04
8.710000000000000000e+02 -1.058811507485764476e-02 -1.758852927542783233e-03 -1.434353119848132997e-02 -9.324415153615462975e-04
8.720000000000000000e+02 -1.015944176275655926e-02 -1.853513954291848877e-03 -1.466643550078935120e-02 -9.036404712954692730e-04
8.730000000000000000e+02 -9.981039146416651950e-03 -1.899300228041999163e-03 -1.449634978550872616e-02 -8.899945341217247851e-04
8.740000000000000000e+02 -1.025815984345103404e-02 -1.923364960199383002e-03 -1.495288189604040453e-02 -8.632511400616845734e-04
8.750000000000000000e+02 -1.033141091985860863e-02 -1.943464886307215552e-03 -1.522845789985845417e-02 -9.006907038545951564e-04
8.760000000000000000e+02 -1.030752319092346526e-02 -2.044922459763560355e-03 -1.508158725444964932e-02 -1.055417324389302646e-03
8.770000000000000000e+02 -1.064556742042393513e-02 -2.074578945764801643e-03 -1.532644903386938366e-02 -1.092260626105333006e-03
8.780000000000000000e+02 -1.087325875721180390e-02 -2.153673475433461309e-03 -1.588041211202966679e-02 -1.087994914972491116e-03
8.790000000000000000e+02 -1.037574299084989028e-02 -2.288720444071034449e-03 -1.542578836421245290e-02 -1.217753765709458317e-03
8.800000000000000000e+02 -1.058694294413892525e-02 -2.352312952058439530e-03 -1.548643971160703486e-02 -1.195949874971837358e-03
8.810000000000000000e+02 -1.112479406783753108e-02 -2.312699351442566980e-03 -1.639413386308730819e-02 -1.212010118294886167e-03
8.820000000000000000e+02 -1.122400778843122247e-02 -2.361736343915192896e-03 -1.659845726297941998e-02 -1.263871932702573123e-03
8.830000000000000000e+02 -1.151666269216019590e-02 -2.326769306936728437e-03 -1.709128427873539760e-02 -1.181603744168498128e-03
8.840000000000000000e+02 -1.090645072246423757e-02 -2.288693431537415241e-03 -1.721878778830300549e-02 -1.255249018421032443e-03
8.850000000000000000e+02 -1.095967844937732402e-02 -2.359095348306055728e-03 -1.679514638510688079e-02 -1.233196143883689023e-03
8.860000000000000000e+02 -1.121226096272584863e-02 -2.292659532223899344e-03 -1.686787891622797478e-02 -1.339816013769400734e-03
8.870000000000000000e+02 -1.138522487961498089e-02 -2.343537210812862096e-03 -1.708796586171209414e-02 -1.112539051015593939e-03
8.880000000000000000e+02 -1.228796594985391046e-02 -2.476673340077631402e-03 -1.824299331941774821e-02 -1.377179170193978128e-03
8.890000000000000000e+02 -1.245955620031365466e-02 -2.504572206750915481e-03 -1.852433989365304817e-02 -1.283181769937342823e-03
8.900000000000000000e+02 -1.247107582137068314e-02 -2.614532629328242003e-03 -1.802835430944239870e-02 -1.104847704588951800e-03
8.910000000000000000e+02 -1.237316908992528407e-02 -2.437182106450758341e-03 -1.812567712697746303e-02 -1.499528116604315585e-03
8.920000000000000000e+02 -1.177895087005795607e-02 -2.432302313797064623e-03 -1.798953225029581438e-02 -1.271030081154345213e-03
8.930000000000000000e+02 -1.208693957450811610e-02 -2.483053386606589880e-03 -1.909989380240394510e-02 -1.301157938647088709e-03
8.940000000000000000e+02 -1.288552678153580093e-02 -2.576702664666777939e-03 -1.965988343555608378e-02 -1.354831029663706521e-03
8.950000000000000000e+02 -1.341625890663075867e-02 -2.654250418092618611e-03 -2.002677011749886410e-02 -1.548269050286580359e-03
8.960000000000000000e+02 -1.334926634982547614e-02 -2.846439042670967541e-03 -2.049627742992426310e-02 -1.439756139348203484e-03
8.970000000000000000e+02 -1.274979389523314688e-02 -2.947095246870667842e-03 -2.031718402978828844e-02 -1.609993430791953860e-03
8.980000000000000000e+02 -1.184202551961793630e-02 -2.997307664432416908e-03 -1.950948657745344220e-02 -1.627902130572432722e-03
8.990000000000000000e+02 -1.217901129682220744e-02 -3.111644347914559790e-03 -1.974225078190293761e-02 -1.761203979765354598e-03
9.000000000000000000e+02 -1.252050369922732588e-02 -3.031363232700897640e-03 -2.056166451584010707e-02 -1.684864573939885528e-03
