7.100000000000000000e+02 -3.094446182138561006e-03 -4.053877128999306030e-03 -2.158587447248692948e-03 -8.221826644521674100e-04
7.110000000000000000e+02 -1.318431769029282863e-03 -4.417769028014459018e-03 -2.011441805420336858e-03 -2.423967289254651009e-03
7.120000000000000000e+02 1.255024920724198039e-03 -3.867335121229159914e-03 7.446191771538001681e-04 -3.171977020377070126e-03
7.130000000000000000e+02 2.441520212550524465e-03 -4.438476180014843536e-03 1.944685396764769293e-03 -3.931499276823446735e-03
7.140000000000000000e+02 3.371713947785690783e-03 -6.492035225900309042e-03 3.095495333520427612e-03 -5.606554183280502458e-03
7.150000000000000000e+02 4.758226862408902053e-03 -8.816915304640862705e-03 4.200115540940830249e-03 -7.879741949092035000e-03
7.160000000000000000e+02 5.058762413091071400e-03 -9.032433597452590307e-03 4.504936492824964181e-03 -8.223530112966236788e-03
7.170000000000000000e+02 5.383418006769564133e-03 -9.381851647324591578e-03 5.785779773862871796e-03 -1.008703347868459589e-02
7.180000000000000000e+02 6.884626838756855230e-03 -1.169289931633348337e-02 6.820865680632616848e-03 -1.143180618332067557e-02
7.190000000000000000e+02 8.792032087100805707e-03 -1.472663828829073353e-02 8.378739532692905043e-03 -1.425677494816782707e-02
7.200000000000000000e+02 1.016371857000693789e-02 -1.673082991713184184e-02 1.178943703892990948e-02 -1.948406264677491825e-02
7.210000000000000000e+02 1.211288725594255634e-02 -1.912652847154161506e-02 1.244553287868583116e-02 -1.969878047504063090e-02
7.220000000000000000e+02 1.365843976362754453e-02 -2.056816358799793201e-02 1.371460470099673638e-02 -2.082311636802747570e-02
7.230000000000000000e+02 1.537874350788236144e-02 -2.195537257993477806e-02 1.530122502357103217e-02 -2.204841160636868136e-02
7.240000000000000000e+02 1.666170957158077948e-02 -2.300534706214060754e-02 1.731273309482822195e-02 -2.416928518487255692e-02
7.250000000000000000e+02 1.753118546742662640e-02 -2.361240858179032912e-02 1.801869223749716017e-02 -2.416105107560560447e-02
7.260000000000000000e+02 1.821881353090374842e-02 -2.392696050621733253e-02 1.889268188153426370e-02 -2.477602347771299535e-02
7.270000000000000000e+02 1.944448587384686733e-02 -2.463197711261828210e-02 2.024348552755557765e-02 -2.550092802530081609e-02
7.280000000000000000e+02 2.144398614441886397e-02 -2.472653933645811014e-02 2.116872237360935619e-02 -2.436370870420176415e-02
7.290000000000000000e+02 2.250685006310202546e-02 -2.437573559950244328e-02 2.186520531490444841e-02 -2.360118195982445488e-02
7.300000000000000000e+02 2.390357589505840222e-02 -2.305379343020236282e-02 2.401180545186440071e-02 -2.289497839826545519e-02
7.310000000000000000e+02 2.489935700557279613e-02 -2.229369877608355227e-02 2.534822999907579422e-02 -2.291921607804331407e-02
7.320000000000000000e+02 2.297684792693116540e-02 -1.779370729834284237e-02 2.255830393000323245e-02 -1.688552337808527787e-02
7.330000000000000000e+02 2.037460165885606952e-02 -1.351300502160989771e-02 1.902783651124319644e-02 -1.140408265216149436e-02
7.340000000000000000e+02 2.112019838726040405e-02 -1.100580812605385199e-02 2.009580776909301175e-02 -9.627954652889261083e-03
7.350000000000000000e+02 2.186194825280051227e-02 -1.010262527792415120e-02 2.243095967566442750e-02 -9.467594863933594118e-03
7.360000000000000000e+02 2.112591179637120925e-02 -5.179895575969268272e-03 2.077707260781140944e-02 -4.096158231990801486e-03
7.370000000000000000e+02 1.939861230143383533e-02 5.118789559895949211e-05 1.986574837226200499e-02 6.717898411492018336e-04
7.380000000000000000e+02 1.759537149820772015e-02 2.126770921429214662e-03 1.908787372336817958e-02 1.490814748402150827e-03
7.390000000000000000e+02 1.749640019494486456e-02 5.741482298630583812e-03 1.651720245637332274e-02 6.836041474263560014e-03
7.400000000000000000e+02 1.962303267144453398e-02 9.501880595515179578e-03 1.779684235187598690e-02 1.173730873172893797e-02
7.410000000000000000e+02 1.883181265572884261e-02 1.453709330406003156e-02 1.633915057191907133e-02 1.792187130717704316e-02
7.420000000000000000e+02 1.537903476342671570e-02 2.078354586024929590e-02 1.179999541151255556e-02 2.544555811971454737e-02
7.430000000000000000e+02 1.167399091831788221e-02 2.675263261198050635e-02 1.099441813379185492e-02 2.755182799580511294e-02
7.440000000000000000e+02 8.821889008287110007e-03 3.056549927802566097e-02 3.284499138696310699e-03 3.703558236437841378e-02
7.450000000000000000e+02 5.470397666433690458e-03 3.528835200047821669e-02 2.085506741187645972e-03 3.922499222198039259e-02
7.460000000000000000e+02 2.868809455452733630e-03 3.829684574615191406e-02 -9.339508496707129258e-04 4.265930325124105138e-02
7.470000000000000000e+02 -2.575806381043909462e-03 4.384771574313384157e-02 -4.770046696506324846e-03 4.591863660370960887e-02
7.480000000000000000e+02 -1.082709590070101736e-02 5.279362369251584808e-02 -1.065840962329206443e-02 5.195865392652003478e-02
7.490000000000000000e+02 -1.331039739470820521e-02 5.488791318502115463e-02 -1.410921342280827516e-02 5.570118755989452580e-02
7.500000000000000000e+02 -1.554049632674288361e-02 5.734969224413196537e-02 -1.491899088644762193e-02 5.655728517807741967e-02
7.510000000000000000e+02 -1.847666576593220977e-02 6.063897090516610217e-02 -2.180222211384321221e-02 6.404257152837633527e-02
7.520000000000000000e+02 -2.759064068440207282e-02 6.820711080155199280e-02 -3.164076890061066211e-02 7.173634390991587284e-02
7.530000000000000000e+02 -3.519000066287492068e-02 7.324455281425662490e-02 -3.675061000803874628e-02 7.449815449227339959e-02
7.540000000000000000e+02 -4.329644941247743489e-02 7.678233985501209391e-02 -4.339033221124150713e-02 7.687792587504325981e-02
7.550000000000000000e+02 -4.832534012068285395e-02 7.789458621561146101e-02 -4.904835647685747146e-02 7.884519607824594378e-02
7.560000000000000000e+02 -5.425970894928087290e-02 8.099713126360952309e-02 -5.685532230598836639e-02 8.355570096555511861e-02
7.570000000000000000e+02 -5.839327818177476870e-02 8.251575130309407591e-02 -6.125472293954655617e-02 8.438261246872742760e-02
7.580000000000000000e+02 -6.006943422443102032e-02 8.333281162822353538e-02 -6.294148159539299237e-02 8.577041218987585536e-02
7.590000000000000000e+02 -6.177990636701709282e-02 8.367868297994926485e-02 -6.491564444292580172e-02 8.788380681730519062e-02
7.600000000000000000e+02 -6.478873824252352753e-02 8.108828800955049376e-02 -6.634383294124801544e-02 8.475417486652662979e-02
7.610000000000000000e+02 -6.828626285361068249e-02 7.672247481384159018e-02 -6.807776161569166484e-02 7.751438933302241818e-02
7.620000000000000000e+02 -6.233746780682718897e-02 6.806545160638227676e-02 -6.187184711149606997e-02 6.624335424093820424e-02
7.630000000000000000e+02 -5.935059854813581892e-02 6.216859186807756343e-02 -5.723441304347047509e-02 5.902335543639471160e-02
7.640000000000000000e+02 -5.119390340355427227e-02 5.195850875044338152e-02 -4.624141731768304647e-02 4.729861800181938553e-02
7.650000000000000000e+02 -4.037353052548280780e-02 3.945289083011215697e-02 -2.816421129527919495e-02 2.881681757531850963e-02
7.660000000000000000e+02 -2.440147185519884326e-02 2.118036773547080781e-02 -2.058396313478754944e-02 1.911887857799637880e-02
7.670000000000000000e+02 -1.519759132732782445e-02 8.051179396807987831e-03 -1.294590019433822931e-02 7.332900051192684475e-03
7.680000000000000000e+02 -1.223955922310701085e-02 2.623769885914163397e-03 -8.687941658588981333e-03 -2.536189830080690382e-04
7.690000000000000000e+02 -8.826315865909300368e-03 -1.738372315256436155e-03 -7.923630025268342189e-03 -2.308992462280205597e-03
7.700000000000000000e+02 -6.919748470334473496e-03 -4.244483203558061316e-03 -7.898237445368104168e-03 -2.978851372418919730e-03
7.710000000000000000e+02 -5.280466542482085447e-03 -6.284335905495649216e-03 -8.165593025245778194e-03 -3.459003163476922094e-03
7.720000000000000000e+02 -4.850615652038947102e-03 -7.182459181284018591e-03 -8.485108212100743105e-03 -3.920276042467463022e-03
7.730000000000000000e+02 -4.914767858544351505e-03 -7.289272995953770262e-03 -8.265215343542115997e-03 -4.584416461529226307e-03
7.740000000000000000e+02 -5.135549998964442087e-03 -7.461783179840177950e-03 -8.063921553378792378e-03 -5.022147710060973803e-03
7.750000000000000000e+02 -5.437163558291221478e-03 -7.622392300158678698e-03 -8.808230374952772182e-03 -4.580334461295472448e-03
7.760000000000000000e+02 -5.608495661199280023e-03 -7.349940067348488884e-03 -9.115867231193092168e-03 -4.622677326682619707e-03
7.770000000000000000e+02 -5.658033452986550860e-03 -7.436314216185596626e-03 -9.229424830721274717e-03 -4.733403737249683788e-03
7.780000000000000000e+02 -6.092657203892280250e-03 -7.439098429926308854e-03 -9.237139960062737756e-03 -4.848365184166928549e-03
7.790000000000000000e+02 -6.744364799307032976e-03 -7.137449978200274825e-03 -1.034768680156581203e-02 -4.168031933229946438e-03
7.800000000000000000e+02 -7.640622110872377810e-03 -6.956673333540645647e-03 -1.117007793879111477e-02 -3.983503523784032857e-03
7.810000000000000000e+02 -8.638507828398889546e-03 -6.533550589066117013e-03 -1.260913432589400550e-02 -3.155961737216090787e-03
7.820000000000000000e+02 -9.576751856946320862e-03 -6.264813608128553743e-03 -1.378231967175660121e-02 -2.462027443368475493e-03
7.830000000000000000e+02 -1.009659279983965083e-02 -6.269126664249135596e-03 -1.442520925954103757e-02 -2.129607636252335481e-03
7.840000000000000000e+02 -1.095770183911105693e-02 -5.842535301254685523e-03 -1.490861606017386022e-02 -2.352839534644012454e-03
7.850000000000000000e+02 -1.251338493081268453e-02 -5.484888835307988840e-03 -1.609373972709295109e-02 -2.203452125348994914e-03
7.860000000000000000e+02 -1.343517848523685145e-02 -5.481558721351364148e-03 -1.873813577492563359e-02 -1.231660056568165389e-03
7.870000000000000000e+02 -1.460724914169416085e-02 -5.216817512390306728e-03 -1.969397101340325876e-02 -8.281011529902725012e-04
7.880000000000000000e+02 -1.559728440988675767e-02 -5.130745430339223381e-03 -2.062163020072494204e-02 -7.338637338480945597e-04
7.890000000000000000e+02 -1.682025725788275847e-02 -5.097520985802456508e-03 -2.320019278628708548e-02 -8.796431912236469641e-05
7.900000000000000000e+02 -1.727446382690631110e-02 -5.688182928589547230e-03 -2.393976682594116390e-02 -5.631486396855912499e-04
7.910000000000000000e+02 -1.875775738614543844e-02 -5.756134759890248372e-03 -2.548167177972866446e-02 -4.271375143889663854e-04
7.920000000000000000e+02 -2.015198760321060614e-02 -5.645672501818618794e-03 -2.826120005376641514e-02 1.940008958201332688e-04
7.930000000000000000e+02 -2.177733574911252731e-02 -5.559774932946530759e-03 -2.988754657718657032e-02 -1.885088154313288494e-05
7.940000000000000000e+02 -2.367153939715098410e-02 -5.489323641196425761e-03 -3.274273509927945469e-02 4.448702099603792028e-04
7.950000000000000000e+02 -2.493070469542359516e-02 -6.002047762138044452e-03 -3.406690157135225383e-02 4.688662320866453324e-04
7.960000000000000000e+02 -2.616086542062483200e-02 -6.064342946661668669e-03 -3.631793567125458921e-02 -9.487860422802316086e-05
7.970000000000000000e+02 -2.748916704919833823e-02 -6.397883117131826849e-03 -3.831304819955051733e-02 8.376101754141225162e-05
7.980000000000000000e+02 -3.013435896999821367e-02 -6.600190314246093259e-03 -4.274234444433276658e-02 8.759826876006630153e-04
7.990000000000000000e+02 -3.335233909951069303e-02 -6.511016887145154759e-03 -4.593288022689075850e-02 8.204773514928545824e-04
8.000000000000000000e+02 -3.539007939625203603e-02 -7.208369456435909095e-03 -4.926943682698796401e-02 5.911887978364009817e-04
8.010000000000000000e+02 -3.920447994692568411e-02 -7.804448207743662838e-03 -5.459372782579850758e-02 5.516611368182100300e-04
8.020000000000000000e+02 -4.159069574111608214e-02 -8.426199570030072292e-03 -5.842200990975079250e-02 -1.440764665732608557e-04
8.030000000000000000e+02 -4.506058709765347475e-02 -9.794739737021296647e-03 -6.437142918176226580e-02 -3.086718042478578720e-04
8.040000000000000000e+02 -5.102248803799498689e-02 -9.260247712067827541e-03 -6.976723297910970845e-02 1.195423486646157355e-04
8.050000000000000000e+02 -5.498032448003495332e-02 -1.180909904006005942e-02 -7.556918848773469533e-02 -8.688291091309755226e-04
8.060000000000000000e+02 -5.882746969573975082e-02 -1.540897840690082232e-02 -8.355059209164299172e-02 -4.387925017050926628e-03
8.070000000000000000e+02 -6.939165240502002951e-02 -2.014161637396049559e-02 -9.180873750349777263e-02 -1.182877570575211618e-02
8.080000000000000000e+02 -7.649725616696800845e-02 -2.768697184380260884e-02 -1.040481546049716183e-01 -2.034747256671363969e-02
8.090000000000000000e+02 -8.165891267245140028e-02 -3.640846933201279806e-02 -1.128054139388707661e-01 -3.143610340153456251e-02
8.100000000000000000e+02 -8.903482805232021402e-02 -4.648352130872947241e-02 -1.269266272042258170e-01 -4.413149019464358835e-02
8.110000000000000000e+02 -1.031362210433057758e-01 -5.996569115670517813e-02 -1.469424702225538837e-01 -6.212729007320737934e-02
8.120000000000000000e+02 -1.168139955695819548e-01 -7.870285911821676972e-02 -1.692917217626726811e-01 -8.272621257968607034e-02
8.130000000000000000e+02 -1.311679469879346860e-01 -1.034853849664459369e-01 -1.866125792076255285e-01 -1.101349779037947701e-01
8.140000000000000000e+02 -1.488589046301300733e-01 -1.373314171824999430e-01 -2.118861847678029375e-01 -1.494995308527002909e-01
8.150000000000000000e+02 -1.736512786851526768e-01 -1.856169240909760210e-01 -2.524170583836390924e-01 -2.073845877030319751e-01
8.160000000000000000e+02 -1.934531887239979708e-01 -2.510180104532325207e-01 -2.849297222483437309e-01 -2.868012952466464371e-01
8.170000000000000000e+02 -1.253632401259905937e-01 -2.400483125236107518e-01 -2.045001256347679652e-01 -2.937472814561445933e-01
8.180000000000000000e+02 -7.318934619430908506e-02 -2.322823161642972034e-01 -1.526520779705559938e-01 -3.077843118013990353e-01
8.190000000000000000e+02 -3.799279284672014284e-02 -2.295708200793818710e-01 -8.856710745324460066e-02 -2.988317343397635661e-01
8.200000000000000000e+02 6.176864243450757826e-04 -2.145854212782532244e-01 -3.366527473332180803e-02 -2.839229956508383390e-01
8.210000000000000000e+02 3.397072847816225843e-02 -2.025651595083882983e-01 9.932853340677387510e-03 -2.762502475034835370e-01
8.220000000000000000e+02 6.273302988622692089e-02 -1.830795140645992136e-01 5.363749966012978238e-02 -2.574779889396835442e-01
8.230000000000000000e+02 8.937363059877664884e-02 -1.554033254321463831e-01 9.449904758118907178e-02 -2.234716315245035001e-01
8.240000000000000000e+02 1.075484707361165498e-01 -1.309875576094824967e-01 1.226135767487381151e-01 -1.977009670615618442e-01
8.250000000000000000e+02 1.232263787558851575e-01 -1.090082409962121884e-01 1.455844146663572980e-01 -1.670998618566831573e-01
8.260000000000000000e+02 1.367491017443263068e-01 -8.564593532923321650e-02 1.600539733549606602e-01 -1.269869726449450176e-01
8.270000000000000000e+02 1.416432847735265843e-01 -6.822114856863950583e-02 1.705902181618047242e-01 -1.051961753204012501e-01
8.280000000000000000e+02 1.307214485307917062e-01 -5.968826767119284060e-02 1.583576697849787551e-01 -9.295156097320111943e-02
8.290000000000000000e+02 1.248699888992547968e-01 -5.577399172070207634e-02 1.531953596154613795e-01 -8.843754294150503459e-02
8.300000000000000000e+02 1.179358727693600589e-01 -5.077161422980824151e-02 1.432071777075271946e-01 -7.990535967724861355e-02
8.310000000000000000e+02 1.109474745178427035e-01 -4.566944045682880954e-02 1.323774858935969911e-01 -6.997732551709229254e-02
8.320000000000000000e+02 1.036478331190487656e-01 -4.008863839448179728e-02 1.240648960543989376e-01 -6.276186499578138844e-02
8.330000000000000000e+02 1.001916579825478659e-01 -3.873099684700968132e-02 1.227039035244367748e-01 -5.969019920847475763e-02
8.340000000000000000e+02 9.610847951834783354e-02 -3.508483624261280603e-02 1.171535347549396561e-01 -5.453483009881680832e-02
8.350000000000000000e+02 9.253293363811378180e-02 -3.168845607092887762e-02 1.145060040494166320e-01 -5.071512395212011276e-02
8.360000000000000000e+02 8.836322785922255674e-02 -2.825356152634679249e-02 1.087932843240237424e-01 -4.617979375640358930e-02
8.370000000000000000e+02 8.362812753048430581e-02 -2.415111562120248953e-02 1.047910384045354498e-01 -4.222272598117841197e-02
8.380000000000000000e+02 8.076883285762762044e-02 -2.289471362893036668e-02 1.012854410641717828e-01 -3.950506938489471015e-02
8.390000000000000000e+02 7.810988082654884979e-02 -2.174582514834944025e-02 9.792529016971426858e-02 -3.819579598086884215e-02
8.400000000000000000e+02 7.450391892374352842e-02 -2.054083915287572421e-02 9.193920358736998311e-02 -3.498980053877191049e-02
8.410000000000000000e+02 7.102647228647678002e-02 -1.905570800297893413e-02 8.757794568386959022e-02 -3.285636928898364589e-02
8.420000000000000000e+02 7.082960441965549525e-02 -1.865353290482319251e-02 8.455816746082903124e-02 -3.158167245351131691e-02
8.430000000000000000e+02 6.886852653911836042e-02 -1.764450222529293996e-02 8.329466199809254512e-02 -2.993643576372784915e-02
8.440000000000000000e+02 6.587547745967894941e-02 -1.604056929104196241e-02 7.989904174375954404e-02 -2.647649809711859203e-02
8.450000000000000000e+02 6.628383700143303248e-02 -1.607472903673133266e-02 8.126185319734008372e-02 -2.766716291490251001e-02
8.460000000000000000e+02 6.657236951156686455e-02 -1.557737209144491666e-02 8.053882965935507676e-02 -2.622334669673549723e-02
8.470000000000000000e+02 6.400793955269101776e-02 -1.406195997198862041e-02 7.785450311892393171e-02 -2.457415472867489556e-02
8.480000000000000000e+02 6.202915740555624280e-02 -1.328510838925003705e-02 7.485668498940646620e-02 -2.249695478671630625e-02
8.490000000000000000e+02 5.915705129270812379e-02 -1.231096463108953543e-02 7.399397994588378935e-02 -2.181110427930313400e-02
8.500000000000000000e+02 5.757544415642083802e-02 -1.133183051741181585e-02 7.270666013168332331e-02 -2.163522682240980391e-02
8.510000000000000000e+02 5.640420444669403538e-02 -1.098192264847860575e-02 7.126121720609070176e-02 -2.095591520561224108e-02
8.520000000000000000e+02 5.426478568542461578e-02 -9.846398744436022504e-03 7.049541309713359960e-02 -2.027124763329061358e-02
8.530000000000000000e+02 5.259681758744277208e-02 -9.015102513977390694e-03 6.887737841197594246e-02 -1.953650507663845515e-02
8.540000000000000000e+02 5.095410637437499529e-02 -9.122777608668182145e-03 6.834536983126955623e-02 -1.943465646442556552e-02
8.550000000000000000e+02 5.154065711477375661e-02 -9.459887473777931974e-03 6.945002562881810726e-02 -1.933939770450767912e-02
8.560000000000000000e+02 5.143906078205331273e-02 -9.172798388046285445e-03 6.833888454303675697e-02 -1.915859983540783851e-02
8.570000000000000000e+02 5.178603863224712223e-02 -9.463988519715083036e-03 6.694454560480213312e-02 -1.823808496081471067e-02
8.580000000000000000e+02 5.163780972343686576e-02 -9.175177916195270331e-03 6.830860012578934826e-02 -1.849282003554185774e-02
8.590000000000000000e+02 5.188760068791509195e-02 -8.353093072478700795e-03 6.769440521134727218e-02 -1.821128527122583760e-02
8.600000000000000000e+02 5.204416782985848283e-02 -8.548576415652341109e-03 6.825123175703005918e-02 -1.810680629866442959e-02
8.610000000000000000e+02 5.278174484778937192e-02 -8.736014805602624819e-03 6.821156259652744192e-02 -1.769438119686048139e-02
8.620000000000000000e+02 5.105367567671287993e-02 -8.777359331614029841e-03 6.729329003443816626e-02 -1.829132814660936260e-02
8.630000000000000000e+02 4.854511801987258790e-02 -8.152409999101089405e-03 6.483116900544561023e-02 -1.742804063404803164e-02
8.640000000000000000e+02 4.386252642572919386e-02 -6.179730097415958578e-03 6.128885091635143806e-02 -1.582753914863439457e-02
8.650000000000000000e+02 4.287913548592572899e-02 -5.505951356690920971e-03 5.835813118235908675e-02 -1.436838252620325183e-02
8.660000000000000000e+02 4.260105118111757322e-02 -5.231900513655324270e-03 5.636947394660690724e-02 -1.336178197616236067e-02
8.670000000000000000e+02 4.219460248774768024e-02 -4.980118335954132960e-03 5.609699395377306524e-02 -1.297271842646308300e-02
8.680000000000000000e+02 4.348017501725325723e-02 -5.221616505793922475e-03 5.861149859229122794e-02 -1.401400276944921204e-02
8.690000000000000000e+02 4.323737966892315238e-02 -4.756413727988673817e-03 5.727417384909522236e-02 -1.297245980294261559e-02
8.700000000000000000e+02 4.363488654472615080e-02 -4.863859118767139243e-03 5.725094273152534635e-02 -1.286831226921217146e-02
8.710000000000000000e+02 4.295917264588385714e-02 -4.685890173719947129e-03 5.662024867875180278e-02 -1.197021236637154339e-02
8.720000000000000000e+02 4.058799281248910013e-02 -3.680166216603305510e-03 5.672256109029379101e-02 -1.205125526156793775e-02
8.730000000000000000e+02 3.923416430439401192e-02 -3.182333102528382349e-03 5.505949086239986245e-02 -1.160084875520327012e-02
8.740000000000000000e+02 3.980632117090597555e-02 -3.336001319297223541e-03 5.605059213299767862e-02 -1.202220752933657287e-02
8.750000000000000000e+02 3.962135767359620253e-02 -3.295880270693790897e-03 5.642817892347309905e-02 -1.201876207555382242e-02
8.760000000000000000e+02 3.916978316302345553e-02 -2.866940703008534746e-03 5.538876074128466775e-02 -1.117273930391560893e-02
8.770000000000000000e+02 3.994541512300141262e-02 -3.058731153647767983e-03 5.565042880647998180e-02 -1.115017041734948748e-02
8.780000000000000000e+02 4.036097985337871313e-02 -2.963937607339519210e-03 5.695202125640869140e-02 -1.157077838361157858e-02
8.790000000000000000e+02 3.829562164499501070e-02 -1.980364938230751853e-03 5.484074261707852505e-02 -1.054663572959787729e-02
8.800000000000000000e+02 3.864571582010580680e-02 -1.936418767295928480e-03 5.440397417717190293e-02 -1.055498902590932229e-02
8.810000000000000000e+02 4.000056350432851238e-02 -2.550096276297146580e-03 5.689101349486313380e-02 -1.122693519210381415e-02
8.820000000000000000e+02 3.993039922325050672e-02 -2.445586848736227160e-03 5.698778733628478282e-02 -1.111155558816866520e-02
8.830000000000000000e+02 4.042652114695963195e-02 -2.799583444135129735e-03 5.791668615515603580e-02 -1.170817615001387528e-02
8.840000000000000000e+02 3.793800281378711947e-02 -2.339017692992970826e-03 5.776234836452188298e-02 -1.144769448513299065e-02
8.850000000000000000e+02 3.775736055043832362e-02 -2.129289680146837210e-03 5.573073737941423855e-02 -1.101069016825357259e-02
8.860000000000000000e+02 3.800045626384270653e-02 -2.516947111585681081e-03 5.531080860534015597e-02 -1.055547960053981708e-02
8.870000000000000000e+02 3.805168654099279346e-02 -2.447202781597596424e-03 5.502829109287298709e-02 -1.128169004446587242e-02
8.880000000000000000e+02 4.044569921414428726e-02 -2.740208711590643668e-03 5.808766900376859804e-02 -1.124293609783626538e-02
8.890000000000000000e+02 4.043266729497423106e-02 -2.731783830439420135e-03 5.806910651656367606e-02 -1.157025969005279209e-02
8.900000000000000000e+02 3.999898687423228405e-02 -2.341713011693977425e-03 5.561915831353771850e-02 -1.150201869614831361e-02
8.910000000000000000e+02 3.901343994487836697e-02 -2.733352433490753800e-03 5.547308338600823174e-02 -1.020273131818041738e-02
8.920000000000000000e+02 3.672436121377837398e-02 -2.209650250839410076e-03 5.413904710791529740e-02 -1.059137927979119341e-02
8.930000000000000000e+02 3.716624288461287812e-02 -2.248109776836338617e-03 5.667283583326611363e-02 -1.119399845801058273e-02
8.940000000000000000e+02 3.903743886304966715e-02 -2.539496982632568657e-03 5.757158816979847382e-02 -1.128257682315208198e-02
8.950000000000000000e+02 4.008441314020359109e-02 -2.661878123163039563e-03 5.800105411907596764e-02 -1.082244224305454854e-02
8.960000000000000000e+02 3.951305859661240899e-02 -2.010667808302754427e-03 5.847637920606472278e-02 -1.129436490475294562e-02
8.970000000000000000e+02 3.741374615657951791e-02 -1.236741332695158067e-03 5.734851126231708951e-02 -1.050234551058501498e-02
8.980000000000000000e+02 3.451586456543351278e-02 -4.049937903671510433e-04 5.446282713435333239e-02 -9.707344445299340499e-03
8.990000000000000000e+02 3.538322831018395065e-02 -4.056807454360998968e-04 5.496636694758075259e-02 -9.584337405552867395e-03
9.000000000000000000e+02 3.614301196577879294e-02 -9.412607392408895010e-04 5.694730589023243306e-02 -1.046968872112455547e-02
