7.100000000000000000e+02 -3.344414999999999888e-03 -1.651990000000000099e-03 1.270620000000000083e-03 -1.746600000000000116e-04
7.110000000000000000e+02 -2.331189999999999912e-03 -2.088350000000000102e-03 1.935649999999999914e-03 6.976099999999999836e-04
7.120000000000000000e+02 -5.389700000000000523e-04 -6.187799999999999811e-04 2.352080000000000316e-03 1.848459999999999903e-03
7.130000000000000000e+02 -1.820000000000000193e-05 -1.497199999999999963e-04 2.956004999999999831e-03 2.556489999999999804e-03
7.140000000000000000e+02 -1.781150000000000116e-04 -4.266000000000000152e-05 4.226709999999999842e-03 3.702420000000000103e-03
7.150000000000000000e+02 -1.750099999999999930e-04 -1.876799999999999920e-04 5.735749999999999529e-03 5.111179999999999890e-03
7.160000000000000000e+02 -1.123250000000000062e-04 -1.616900000000000054e-04 5.871499999999999983e-03 5.316949999999999975e-03
7.170000000000000000e+02 -8.552500000000000531e-05 -9.328000000000000137e-05 6.076215000000000262e-03 6.532279999999999684e-03
7.180000000000000000e+02 -6.091999999999999949e-05 -7.910000000000000500e-06 7.549069999999999739e-03 7.406189999999999996e-03
7.190000000000000000e+02 -7.749999999999998643e-05 -1.502300000000000033e-04 9.449084999999999429e-03 9.109680000000000208e-03
7.200000000000000000e+02 -6.852999999999999608e-05 -1.059700000000000035e-04 1.067898999999999932e-02 1.242295000000000031e-02
7.210000000000000000e+02 1.044850000000000135e-04 9.121000000000000255e-05 1.222770999999999927e-02 1.258505000000000040e-02
7.220000000000000000e+02 3.571400000000000399e-04 3.000999999999999761e-04 1.319607499999999982e-02 1.332733000000000008e-02
7.230000000000000000e+02 6.972650000000000809e-04 6.238700000000000018e-04 1.415970000000000076e-02 1.417899000000000069e-02
7.240000000000000000e+02 8.978799999999999889e-04 8.421600000000000006e-04 1.483046500000000101e-02 1.552609999999999928e-02
7.250000000000000000e+02 1.018175000000000070e-03 1.083420000000000086e-03 1.517677499999999999e-02 1.555222000000000028e-02
7.260000000000000000e+02 1.134720000000000086e-03 1.188959999999999973e-03 1.533773999999999901e-02 1.588977999999999918e-02
7.270000000000000000e+02 1.380680000000000015e-03 1.486209999999999962e-03 1.580902000000000002e-02 1.639875999999999834e-02
7.280000000000000000e+02 2.201090000000000164e-03 2.188279999999999913e-03 1.623654000000000069e-02 1.600943000000000158e-02
7.290000000000000000e+02 2.687795000000000201e-03 2.638170000000000012e-03 1.621501499999999929e-02 1.572051000000000004e-02
7.300000000000000000e+02 3.648094999999999637e-03 3.753610000000000106e-03 1.590305999999999664e-02 1.587026000000000062e-02
7.310000000000000000e+02 4.212429999999999647e-03 4.212969999999999909e-03 1.571851500000000235e-02 1.608949999999999964e-02
7.320000000000000000e+02 4.668249999999999657e-03 4.779549999999999597e-03 1.328454000000000093e-02 1.281737999999999975e-02
7.330000000000000000e+02 4.762434999999999759e-03 4.854980000000000059e-03 1.080337999999999958e-02 9.628199999999999953e-03
7.340000000000000000e+02 5.797125000000000195e-03 5.797769999999999833e-03 9.971174999999998789e-03 9.172690000000000704e-03
7.350000000000000000e+02 6.281034999999999917e-03 6.743230000000000231e-03 9.755059999999999426e-03 9.679550000000000307e-03
7.360000000000000000e+02 7.444300000000000049e-03 7.652120000000000102e-03 7.690525000000000139e-03 7.203509999999999774e-03
7.370000000000000000e+02 8.285604999999999706e-03 8.689489999999999367e-03 5.305670000000000178e-03 5.213839999999999968e-03
7.380000000000000000e+02 8.069839999999999999e-03 8.486189999999999359e-03 4.066455000000000070e-03 4.695849999999999677e-03
7.390000000000000000e+02 9.078160000000000049e-03 9.033029999999999185e-03 2.792760000000000034e-03 2.151759999999999957e-03
7.400000000000000000e+02 1.101803999999999978e-02 1.100772000000000035e-02 2.118204999999999741e-03 8.729099999999999620e-04
7.410000000000000000e+02 1.216966499999999965e-02 1.227734999999999937e-02 2.778750000000001271e-04 -1.509139999999999961e-03
7.420000000000000000e+02 1.267089499999999973e-02 1.278024000000000000e-02 -2.603214999999999869e-03 -5.069380000000000067e-03
7.430000000000000000e+02 1.301573500000000050e-02 1.301243000000000018e-02 -5.377079999999999360e-03 -5.811519999999999707e-03
7.440000000000000000e+02 1.302476999999999975e-02 1.301318999999999913e-02 -7.170914999999999928e-03 -1.064875000000000023e-02
7.450000000000000000e+02 1.316395999999999886e-02 1.316818999999999976e-02 -9.319169999999999884e-03 -1.140961000000000058e-02
7.460000000000000000e+02 1.306160500000000044e-02 1.306619000000000010e-02 -1.069205999999999976e-02 -1.298909000000000001e-02
7.470000000000000000e+02 1.277451500000000018e-02 1.264849000000000008e-02 -1.350314499999999938e-02 -1.467878000000000065e-02
7.480000000000000000e+02 1.262037000000000055e-02 1.241988999999999940e-02 -1.792408499999999932e-02 -1.764125999999999889e-02
7.490000000000000000e+02 1.237572500000000061e-02 1.235611000000000001e-02 -1.880653499999999922e-02 -1.923895999999999940e-02
7.500000000000000000e+02 1.234728499999999951e-02 1.231101000000000070e-02 -1.969204000000000093e-02 -1.931683000000000011e-02
7.510000000000000000e+02 1.235499500000000056e-02 1.230908000000000002e-02 -2.094029000000000029e-02 -2.269086999999999840e-02
7.520000000000000000e+02 1.171097000000000110e-02 1.148818000000000061e-02 -2.480236999999999720e-02 -2.673909000000000008e-02
7.530000000000000000e+02 1.086487000000000043e-02 1.075471000000000066e-02 -2.751195000000000029e-02 -2.821939999999999865e-02
7.540000000000000000e+02 9.495685000000000237e-03 9.495429999999999149e-03 -2.987644999999999884e-02 -2.992341999999999919e-02
7.550000000000000000e+02 8.412900000000000933e-03 8.476239999999999469e-03 -3.082222499999999824e-02 -3.123064000000000048e-02
7.560000000000000000e+02 7.696815000000000080e-03 7.685789999999999636e-03 -3.242596500000000104e-02 -3.366154999999999842e-02
7.570000000000000000e+02 7.092414999999999484e-03 6.819210000000000028e-03 -3.317490499999999759e-02 -3.429084999999999772e-02
7.580000000000000000e+02 7.008040000000000103e-03 6.906480000000000431e-03 -3.316279999999999922e-02 -3.439464999999999884e-02
7.590000000000000000e+02 6.790759999999999852e-03 7.123670000000000349e-03 -3.303687500000000027e-02 -3.470431000000000210e-02
7.600000000000000000e+02 5.432865000000000263e-03 6.038380000000000310e-03 -3.255776000000000503e-02 -3.371389999999999804e-02
7.610000000000000000e+02 3.510339999999999815e-03 3.779970000000000118e-03 -3.182496499999999673e-02 -3.194591000000000097e-02
7.620000000000000000e+02 2.845760000000000130e-03 2.469770000000000038e-03 -2.810906500000000252e-02 -2.762681999999999985e-02
7.630000000000000000e+02 2.170049999999999757e-03 1.844939999999999991e-03 -2.573071999999999859e-02 -2.462566999999999881e-02
7.640000000000000000e+02 1.574789999999999957e-03 1.519029999999999990e-03 -2.144777500000000225e-02 -1.944508000000000000e-02
7.650000000000000000e+02 9.567650000000000460e-04 1.004239999999999994e-03 -1.629886499999999919e-02 -1.161818000000000052e-02
7.660000000000000000e+02 -3.843999999999999110e-05 2.889300000000000136e-04 -9.161684999999999274e-03 -7.962030000000000149e-03
7.670000000000000000e+02 -1.277910000000000157e-03 -9.685499999999999882e-04 -4.657204999999999331e-03 -4.053270000000000310e-03
7.680000000000000000e+02 -1.939339999999999901e-03 -1.903640000000000063e-03 -2.998030000000000053e-03 -1.755220000000000044e-03
7.690000000000000000e+02 -2.241674999999999831e-03 -2.195910000000000136e-03 -1.502595000000000016e-03 -1.220879999999999925e-03
7.700000000000000000e+02 -2.405044999999999752e-03 -2.295049999999999868e-03 -6.837300000000000148e-04 -1.090180000000000055e-03
7.710000000000000000e+02 -2.512829999999999751e-03 -2.401159999999999840e-03 -2.995500000000002067e-05 -1.054100000000000089e-03
7.720000000000000000e+02 -2.584415000000000063e-03 -2.505890000000000201e-03 1.803999999999999397e-04 -1.033419999999999955e-03
7.730000000000000000e+02 -2.562159999999999958e-03 -2.551780000000000020e-03 1.659349999999999757e-04 -8.810200000000000453e-04
7.740000000000000000e+02 -2.580454999999999728e-03 -2.547349999999999875e-03 1.318900000000000129e-04 -7.725199999999999559e-04
7.750000000000000000e+02 -2.605749999999999993e-03 -2.508789999999999892e-03 8.194000000000001846e-05 -9.668399999999999521e-04
7.760000000000000000e+02 -2.511349999999999867e-03 -2.498479999999999972e-03 -3.249999999999997682e-06 -1.007019999999999964e-03
7.770000000000000000e+02 -2.474109999999999851e-03 -2.468220000000000136e-03 -1.549999999999999729e-05 -1.001930000000000051e-03
7.780000000000000000e+02 -2.477099999999999875e-03 -2.420770000000000040e-03 -1.045599999999999611e-04 -9.774399999999999929e-04
7.790000000000000000e+02 -2.445354999999999751e-03 -2.373759999999999933e-03 -2.637249999999999729e-04 -1.237129999999999914e-03
7.800000000000000000e+02 -2.467915000000000213e-03 -2.378640000000000008e-03 -4.406150000000000496e-04 -1.375319999999999971e-03
7.810000000000000000e+02 -2.449334999999999967e-03 -2.336289999999999981e-03 -6.522550000000000223e-04 -1.677509999999999895e-03
7.820000000000000000e+02 -2.445609999999999971e-03 -2.277260000000000135e-03 -8.253750000000000453e-04 -1.903979999999999995e-03
7.830000000000000000e+02 -2.432530000000000022e-03 -2.213150000000000100e-03 -8.949949999999999919e-04 -1.994940000000000168e-03
7.840000000000000000e+02 -2.378055000000000013e-03 -2.227289999999999826e-03 -1.054145000000000039e-03 -1.997300000000000030e-03
7.850000000000000000e+02 -2.411904999999999778e-03 -2.251359999999999993e-03 -1.296555000000000017e-03 -2.135080000000000137e-03
7.860000000000000000e+02 -2.425275000000000174e-03 -2.287190000000000143e-03 -1.403235000000000073e-03 -2.548359999999999948e-03
7.870000000000000000e+02 -2.413414999999999918e-03 -2.222609999999999864e-03 -1.559734999999999811e-03 -2.649330000000000088e-03
7.880000000000000000e+02 -2.403874999999999762e-03 -2.201149999999999808e-03 -1.664354999999999958e-03 -2.708680000000000202e-03
7.890000000000000000e+02 -2.417304999999999801e-03 -2.245720000000000095e-03 -1.785435000000000147e-03 -3.018229999999999785e-03
7.900000000000000000e+02 -2.445074999999999679e-03 -2.276139999999999847e-03 -1.750590000000000219e-03 -2.983159999999999892e-03
7.910000000000000000e+02 -2.476614999999999719e-03 -2.276999999999999944e-03 -1.879000000000000028e-03 -3.086830000000000043e-03
7.920000000000000000e+02 -2.462574999999999834e-03 -2.300369999999999932e-03 -1.996099999999999784e-03 -3.355100000000000183e-03
7.930000000000000000e+02 -2.460020000000000262e-03 -2.332129999999999967e-03 -2.124164999999999907e-03 -3.408700000000000185e-03
7.940000000000000000e+02 -2.467565000000000123e-03 -2.351300000000000178e-03 -2.265075000000000074e-03 -3.625179999999999982e-03
7.950000000000000000e+02 -2.491435000000000177e-03 -2.303379999999999837e-03 -2.287120000000000125e-03 -3.625489999999999876e-03
7.960000000000000000e+02 -2.436530000000000119e-03 -2.364620000000000003e-03 -2.334124999999999828e-03 -3.688939999999999927e-03
7.970000000000000000e+02 -2.409820000000000018e-03 -2.300799999999999981e-03 -2.366415000000000185e-03 -3.749709999999999849e-03
7.980000000000000000e+02 -2.430284999999999911e-03 -2.293460000000000203e-03 -2.517220000000000135e-03 -4.046990000000000309e-03
7.990000000000000000e+02 -2.428000000000000037e-03 -2.289259999999999993e-03 -2.708785000000000012e-03 -4.151949999999999738e-03
8.000000000000000000e+02 -2.428615000000000287e-03 -2.289479999999999987e-03 -2.737820000000000184e-03 -4.233169999999999641e-03
8.010000000000000000e+02 -2.478204999999999818e-03 -2.336289999999999981e-03 -2.898884999999999917e-03 -4.452659999999999778e-03
8.020000000000000000e+02 -2.442515000000000137e-03 -2.350389999999999945e-03 -2.916815000000000119e-03 -4.486259999999999727e-03
8.030000000000000000e+02 -2.492489999999999983e-03 -2.368159999999999796e-03 -2.969995000000000013e-03 -4.656760000000000239e-03
8.040000000000000000e+02 -2.435355000000000159e-03 -2.284529999999999894e-03 -3.218154999999999887e-03 -4.750070000000000334e-03
8.050000000000000000e+02 -2.526414999999999737e-03 -2.299190000000000001e-03 -3.202494999999999647e-03 -4.779310000000000155e-03
8.060000000000000000e+02 -2.486079999999999887e-03 -2.266349999999999875e-03 -3.237359999999999891e-03 -4.937440000000000405e-03
8.070000000000000000e+02 -2.503759999999999840e-03 -2.301280000000000166e-03 -3.666184999999999757e-03 -5.051149999999999911e-03
8.080000000000000000e+02 -2.525300000000000288e-03 -2.334039999999999900e-03 -3.815709999999999935e-03 -5.333909999999999867e-03
8.090000000000000000e+02 -2.498189999999999959e-03 -2.349589999999999925e-03 -3.829040000000000134e-03 -5.360939999999999803e-03
8.100000000000000000e+02 -2.452469999999999997e-03 -2.327590000000000041e-03 -3.910594999999999349e-03 -5.574540000000000224e-03
8.110000000000000000e+02 -2.430120000000000023e-03 -2.369930000000000127e-03 -4.204315000000000135e-03 -5.918589999999999615e-03
8.120000000000000000e+02 -2.453585000000000314e-03 -2.279900000000000069e-03 -4.377664999999999335e-03 -6.176670000000000424e-03
8.130000000000000000e+02 -2.485595000000000165e-03 -2.257630000000000053e-03 -4.470535000000000307e-03 -6.105819999999999650e-03
8.140000000000000000e+02 -2.516110000000000221e-03 -2.283970000000000184e-03 -4.537049999999999937e-03 -6.108839999999999930e-03
8.150000000000000000e+02 -2.516754999999999860e-03 -2.280330000000000117e-03 -4.593635000000000426e-03 -6.204630000000000041e-03
8.160000000000000000e+02 -2.571509999999999942e-03 -2.356369999999999992e-03 -4.678095000000000170e-03 -6.262349999999999861e-03
8.170000000000000000e+02 -2.506004999999999951e-03 -2.371279999999999916e-03 -4.546905000000000391e-03 -6.309750000000000254e-03
8.180000000000000000e+02 -2.536309999999999953e-03 -2.334140000000000173e-03 -4.581059999999999646e-03 -6.844789999999999902e-03
8.190000000000000000e+02 -2.490980000000000277e-03 -2.329680000000000206e-03 -4.921504999999999630e-03 -6.884959999999999865e-03
8.200000000000000000e+02 -2.476695000000000112e-03 -2.310480000000000173e-03 -4.996824999999999878e-03 -6.940140000000000024e-03
8.210000000000000000e+02 -2.512055000000000017e-03 -2.253110000000000009e-03 -5.231360000000000003e-03 -7.346150000000000076e-03
8.220000000000000000e+02 -2.493650000000000033e-03 -2.274350000000000070e-03 -5.353395000000000375e-03 -7.569410000000000374e-03
8.230000000000000000e+02 -2.595980000000000336e-03 -2.439909999999999995e-03 -5.296374999999999868e-03 -7.470369999999999615e-03
8.240000000000000000e+02 -2.569820000000000004e-03 -2.325799999999999829e-03 -5.377665000000000223e-03 -7.704080000000000303e-03
8.250000000000000000e+02 -2.556099999999999952e-03 -2.240859999999999901e-03 -5.595690000000000386e-03 -7.845210000000000031e-03
8.260000000000000000e+02 -2.593840000000000034e-03 -2.276639999999999914e-03 -5.846795000000000117e-03 -7.660690000000000381e-03
8.270000000000000000e+02 -2.695175000000000175e-03 -2.437860000000000027e-03 -6.172185000000000171e-03 -8.121849999999999903e-03
8.280000000000000000e+02 -2.731515000000000332e-03 -2.487590000000000027e-03 -6.265579999999999761e-03 -8.260979999999999365e-03
8.290000000000000000e+02 -2.757045000000000069e-03 -2.489170000000000185e-03 -6.585454999999999608e-03 -8.778680000000000511e-03
8.300000000000000000e+02 -2.761829999999999841e-03 -2.447710000000000077e-03 -6.759499999999999884e-03 -8.887890000000000720e-03
8.310000000000000000e+02 -2.753540000000000067e-03 -2.437459999999999800e-03 -6.851705000000000469e-03 -8.785160000000000191e-03
8.320000000000000000e+02 -2.749124999999999833e-03 -2.403970000000000065e-03 -6.831679999999999697e-03 -8.788670000000000163e-03
8.330000000000000000e+02 -2.668419999999999907e-03 -2.466589999999999842e-03 -7.121259999999999916e-03 -9.250549999999999745e-03
8.340000000000000000e+02 -2.691489999999999942e-03 -2.446779999999999962e-03 -7.238529999999999964e-03 -9.350930000000000353e-03
8.350000000000000000e+02 -2.724960000000000229e-03 -2.492310000000000185e-03 -7.353405000000000358e-03 -9.631880000000000649e-03
8.360000000000000000e+02 -2.731214999999999945e-03 -2.426160000000000122e-03 -7.385265000000000232e-03 -9.634780000000000774e-03
8.370000000000000000e+02 -2.768795000000000110e-03 -2.416939999999999800e-03 -7.297194999999999376e-03 -9.726010000000000211e-03
8.380000000000000000e+02 -2.698910000000000111e-03 -2.373650000000000152e-03 -7.432744999999999283e-03 -9.859140000000000612e-03
8.390000000000000000e+02 -2.695480000000000098e-03 -2.299770000000000026e-03 -7.536249999999999546e-03 -1.001190000000000066e-02
8.400000000000000000e+02 -2.630869999999999997e-03 -2.244970000000000212e-03 -7.529845000000000288e-03 -9.804850000000000371e-03
8.410000000000000000e+02 -2.596674999999999678e-03 -2.180989999999999839e-03 -7.486195000000000176e-03 -9.743150000000000768e-03
8.420000000000000000e+02 -2.656335000000000120e-03 -2.106919999999999973e-03 -7.781805000000001013e-03 -9.813749999999999557e-03
8.430000000000000000e+02 -2.662925000000000014e-03 -2.193099999999999911e-03 -7.865210000000000951e-03 -1.000821999999999996e-02
8.440000000000000000e+02 -2.668100000000000072e-03 -2.359439999999999975e-03 -7.787360000000000115e-03 -9.859220000000000136e-03
8.450000000000000000e+02 -2.707654999999999784e-03 -2.283079999999999832e-03 -8.146839999999998944e-03 -1.046729000000000062e-02
8.460000000000000000e+02 -2.804804999999999625e-03 -2.392889999999999948e-03 -8.464799999999999755e-03 -1.069390999999999918e-02
8.470000000000000000e+02 -2.830650000000000093e-03 -2.389640000000000167e-03 -8.386809999999999751e-03 -1.066836000000000000e-02
8.480000000000000000e+02 -2.796700000000000054e-03 -2.428239999999999912e-03 -8.401524999999999965e-03 -1.055005000000000005e-02
8.490000000000000000e+02 -2.721074999999999883e-03 -2.429129999999999831e-03 -8.271815000000000070e-03 -1.076043999999999959e-02
8.500000000000000000e+02 -2.774455000000000324e-03 -2.354590000000000155e-03 -8.256930000000000866e-03 -1.090862000000000082e-02
8.510000000000000000e+02 -2.763429999999999880e-03 -2.346099999999999835e-03 -8.322565000000000518e-03 -1.098879000000000002e-02
8.520000000000000000e+02 -2.801324999999999909e-03 -2.392959999999999966e-03 -8.190740000000000173e-03 -1.114985999999999929e-02
8.530000000000000000e+02 -2.828854999999999911e-03 -2.378439999999999895e-03 -8.127755000000000396e-03 -1.117847999999999932e-02
8.540000000000000000e+02 -2.694005000000000184e-03 -2.343350000000000120e-03 -8.119499999999999981e-03 -1.139649000000000044e-02
8.550000000000000000e+02 -2.700794999999999758e-03 -2.443380000000000205e-03 -8.451159999999999228e-03 -1.185768000000000065e-02
8.560000000000000000e+02 -2.759580000000000193e-03 -2.366790000000000126e-03 -8.637000000000000580e-03 -1.197845999999999980e-02
8.570000000000000000e+02 -2.747190000000000049e-03 -2.402430000000000104e-03 -8.935624999999999124e-03 -1.199076999999999955e-02
8.580000000000000000e+02 -2.799779999999999977e-03 -2.455650000000000194e-03 -9.114225000000000104e-03 -1.252774000000000075e-02
8.590000000000000000e+02 -2.995590000000000232e-03 -2.435269999999999796e-03 -9.318179999999998825e-03 -1.270524999999999953e-02
8.600000000000000000e+02 -2.978984999999999966e-03 -2.483079999999999923e-03 -9.584414999999998908e-03 -1.309191999999999995e-02
8.610000000000000000e+02 -3.014794999999999801e-03 -2.541939999999999911e-03 -9.952095000000001079e-03 -1.335212000000000031e-02
8.620000000000000000e+02 -2.855055000000000006e-03 -2.309380000000000200e-03 -9.864154999999999451e-03 -1.352241000000000033e-02
8.630000000000000000e+02 -2.763339999999999980e-03 -2.244020000000000216e-03 -9.566999999999999116e-03 -1.328827999999999954e-02
8.640000000000000000e+02 -2.769105000000000004e-03 -2.243670000000000126e-03 -8.733750000000000194e-03 -1.277180999999999976e-02
8.650000000000000000e+02 -2.838570000000000329e-03 -2.275929999999999793e-03 -8.673880000000000132e-03 -1.235316000000000018e-02
8.660000000000000000e+02 -2.885104999999999788e-03 -2.299310000000000156e-03 -8.775849999999999970e-03 -1.212996000000000039e-02
8.670000000000000000e+02 -2.914234999999999829e-03 -2.345540000000000125e-03 -8.851609999999999340e-03 -1.228305000000000022e-02
8.680000000000000000e+02 -2.988504999999999807e-03 -2.315189999999999956e-03 -9.310040000000000329e-03 -1.311990000000000031e-02
8.690000000000000000e+02 -3.086325000000000006e-03 -2.416499999999999811e-03 -9.402934999999999419e-03 -1.300464999999999954e-02
8.700000000000000000e+02 -3.104074999999999977e-03 -2.415169999999999904e-03 -9.677160000000000623e-03 -1.323437000000000051e-02
8.710000000000000000e+02 -3.086214999999999792e-03 -2.558289999999999956e-03 -9.698764999999999817e-03 -1.326616000000000080e-02
8.720000000000000000e+02 -3.116265000000000007e-03 -2.521119999999999958e-03 -9.271090000000000927e-03 -1.353601999999999930e-02
8.730000000000000000e+02 -3.118809999999999638e-03 -2.449929999999999903e-03 -9.081620000000000317e-03 -1.334650000000000072e-02
8.740000000000000000e+02 -3.145430000000000274e-03 -2.428930000000000151e-03 -9.323635000000000256e-03 -1.374930000000000076e-02
8.750000000000000000e+02 -3.147215000000000082e-03 -2.460169999999999805e-03 -9.378384999999999500e-03 -1.398042000000000035e-02
8.760000000000000000e+02 -3.229679999999999964e-03 -2.580470000000000073e-03 -9.337129999999999042e-03 -1.381250000000000012e-02
8.770000000000000000e+02 -3.265590000000000073e-03 -2.606400000000000036e-03 -9.634665000000000590e-03 -1.401484000000000063e-02
8.780000000000000000e+02 -3.344930000000000299e-03 -2.613659999999999855e-03 -9.826214999999999256e-03 -1.450340999999999957e-02
8.790000000000000000e+02 -3.422144999999999701e-03 -2.679280000000000030e-03 -9.348320000000000241e-03 -1.405581000000000018e-02
8.800000000000000000e+02 -3.482385000000000168e-03 -2.623299999999999851e-03 -9.526139999999998914e-03 -1.409232000000000019e-02
8.810000000000000000e+02 -3.454950000000000035e-03 -2.678419999999999933e-03 -1.000911499999999899e-02 -1.490005999999999969e-02
8.820000000000000000e+02 -3.487505000000000119e-03 -2.712580000000000026e-03 -1.008418500000000072e-02 -1.506095999999999997e-02
8.830000000000000000e+02 -3.442535000000000039e-03 -2.621259999999999823e-03 -1.034073999999999931e-02 -1.549287000000000060e-02
8.840000000000000000e+02 -3.324965000000000039e-03 -2.671070000000000215e-03 -9.775329999999998742e-03 -1.558092999999999978e-02
8.850000000000000000e+02 -3.377299999999999747e-03 -2.575370000000000003e-03 -9.807329999999999520e-03 -1.517424000000000030e-02
8.860000000000000000e+02 -3.293330000000000129e-03 -2.656470000000000185e-03 -1.002541000000000022e-02 -1.520683999999999925e-02
8.870000000000000000e+02 -3.329345000000000047e-03 -2.383020000000000017e-03 -1.015949000000000019e-02 -1.538567000000000060e-02
8.880000000000000000e+02 -3.503270000000000169e-03 -2.707180000000000003e-03 -1.094644500000000083e-02 -1.637860999999999831e-02
8.890000000000000000e+02 -3.511919999999999972e-03 -2.581099999999999801e-03 -1.107768999999999941e-02 -1.660056000000000032e-02
8.900000000000000000e+02 -3.598414999999999773e-03 -2.315049999999999920e-03 -1.106032000000000022e-02 -1.612747999999999959e-02
8.910000000000000000e+02 -3.368475000000000115e-03 -2.704869999999999844e-03 -1.095962999999999972e-02 -1.615855999999999890e-02
8.920000000000000000e+02 -3.296430000000000367e-03 -2.409469999999999928e-03 -1.040692000000000006e-02 -1.601206000000000157e-02
8.930000000000000000e+02 -3.337109999999999903e-03 -2.462869999999999816e-03 -1.065829499999999992e-02 -1.696436999999999945e-02
8.940000000000000000e+02 -3.448634999999999808e-03 -2.507179999999999912e-03 -1.134283500000000076e-02 -1.742155999999999913e-02
8.950000000000000000e+02 -3.525430000000000404e-03 -2.688129999999999947e-03 -1.178734499999999942e-02 -1.769919999999999827e-02
8.960000000000000000e+02 -3.692019999999999851e-03 -2.550600000000000089e-03 -1.169611999999999909e-02 -1.807922000000000001e-02
8.970000000000000000e+02 -3.735775000000000207e-03 -2.677280000000000198e-03 -1.113926499999999889e-02 -1.787311999999999929e-02
8.980000000000000000e+02 -3.715795000000000035e-03 -2.616859999999999933e-03 -1.031523999999999983e-02 -1.712019000000000041e-02
8.990000000000000000e+02 -3.825949999999999837e-03 -2.730329999999999997e-03 -1.059893500000000030e-02 -1.730096999999999885e-02
9.000000000000000000e+02 -3.732280000000000146e-03 -2.648129999999999842e-03 -1.090178999999999974e-02 -1.801888000000000101e-02
