-60				-2.55784000000002E-07		4.99455000000021E-08
-55				1.60098000000011E-07		2.2439600000002E-07
-50				-8.06199999999965E-08		-1.11534999999935E-08
-45				-2.65737999999988E-07		2.32970000000156E-08
-40				1.2744000000009E-08		5.77475000000248E-08
-35				9.78260000000092E-08		-1.3780200000001E-07
-30				-5.22919999999816E-08		-1.4335149999998E-07
-25				-1.22009999999999E-07		6.10990000000228E-08
-20				-1.04527999999979E-07		-1.74450499999991E-07
-15				-6.54459999999829E-08		0
-10				-3.20964000000007E-07		-3.05549499999977E-07
-5				-1.89282000000006E-07		-6.71099000000005E-07
0				1.34200000000001E-07		-1.4666485E-06
5				-1.38917999999988E-07		-1.43219799999999E-06
10				-8.99635999999995E-07		-1.39774750000001E-06
15				-1.099554E-06		-1.363297E-06
20				-1.17027200000001E-06		-1.35884649999997E-06
25				-1.22918999999999E-06		-1.364396E-06
30				-1.18610799999998E-06		-1.32994549999999E-06
35				-1.12542600000001E-06		-1.12549499999999E-06
40				-1.08574399999999E-06		-1.19104450000001E-06
45				-1.24466199999999E-06		-1.35659399999998E-06
50				-8.9978000000001E-07		-1.45214349999998E-06
55				-1.32309800000001E-06		-1.48769299999999E-06
60				-1.31961600000001E-06		-1.48324249999999E-06
