-60					-2.7015999999998E-07	4.91749999999964E-08
-55					-1.3261999999998E-07	-6.05500000000047E-08
-50					-2.75079999999972E-07	-7.22750000000186E-08
-45					-3.17539999999987E-07	0
-40					0	-1.6572500000001E-07
-35					-1.02459999999985E-07	-6.5450000000006E-08
-30					-2.64919999999993E-07	-1.61175000000014E-07
-25					-2.87379999999992E-07	-2.28899999999999E-07
-20					-2.29840000000005E-07	-2.40625000000013E-07
-15					-1.32299999999985E-07	-7.03500000000072E-08
-10					4.52400000000206E-08	-2.64075000000022E-07
-5					-9.72199999999706E-08	-1.08780000000001E-06
0					-2.79679999999995E-07	-1.11352500000002E-06
5					-3.82140000000007E-07	-1.05525000000001E-06
10					-1.20459999999997E-06	-1.10897500000001E-06
15					-1.06706E-06	-1.3027E-06
20					-1.20951999999999E-06	-1.34242500000002E-06
25					-1.27198E-06	-1.32615000000001E-06
30					-1.01443999999998E-06	-1.25387500000001E-06
35					-1.0969E-06	-1.25160000000001E-06
40					-1.13935999999996E-06	-1.20732500000002E-06
45					-1.16181999999999E-06	-1.24705000000002E-06
50					-1.04428000000001E-06	-1.00677500000001E-06
55					-9.26739999999995E-07	-1.15850000000001E-06
60					-8.89199999999998E-07	-1.07222500000002E-06
