800.00000000	0.00158701	0.00001866	0.01175957
801.00000000	0.00161364	0.00001839	0.01139504
802.00000000	0.00151133	0.00001682	0.01113095
803.00000000	0.00137215	0.00001518	0.01106112
804.00000000	0.00131803	0.00001442	0.01093679
805.00000000	0.00126192	0.00001360	0.01077327
806.00000000	0.00133204	0.00001425	0.01070167
807.00000000	0.00127673	0.00001354	0.01060714
808.00000000	0.00101045	0.00001060	0.01048539
809.00000000	0.00095555	0.00000993	0.01038664
810.00000000	0.00093182	0.00000962	0.01032389
811.00000000	0.00072529	0.00000750	0.01033727
812.00000000	0.00068775	0.00000703	0.01022534
813.00000000	0.00027139	0.00000277	0.01020659
814.00000000	0.00025655	0.00000261	0.01016384
815.00000000	0.00019787	0.00000199	0.01006984
816.00000000	0.00007873	0.00000080	0.01019242
817.00000000	0.00000247	0.00000003	0.01011534
818.00000000	-0.00000970	-0.00000010	0.01005594
819.00000000	-0.00015772	-0.00000158	0.01001757
820.00000000	-0.00011205	-0.00000111	0.00986140
821.00000000	-0.00019760	-0.00000193	0.00976699
822.00000000	-0.00025757	-0.00000248	0.00963824
823.00000000	-0.00038278	-0.00000366	0.00955514
824.00000000	-0.00050030	-0.00000476	0.00951437
825.00000000	-0.00072104	-0.00000683	0.00947247
826.00000000	-0.00087557	-0.00000820	0.00936537
827.00000000	-0.00078689	-0.00000729	0.00926437
828.00000000	-0.00090338	-0.00000825	0.00913787
829.00000000	-0.00098142	-0.00000892	0.00909145
830.00000000	-0.00097575	-0.00000889	0.00911349
831.00000000	-0.00101987	-0.00000931	0.00913104
832.00000000	-0.00122038	-0.00001112	0.00911189
833.00000000	-0.00118125	-0.00001072	0.00907517
834.00000000	-0.00126210	-0.00001134	0.00898502
835.00000000	-0.00146164	-0.00001283	0.00878122
836.00000000	-0.00174051	-0.00001532	0.00880487
837.00000000	-0.00144783	-0.00001261	0.00870615
838.00000000	-0.00120517	-0.00001034	0.00858174
839.00000000	-0.00129386	-0.00001102	0.00851907
840.00000000	-0.00164059	-0.00001392	0.00848629
841.00000000	-0.00183287	-0.00001544	0.00842397
842.00000000	-0.00186584	-0.00001570	0.00841712
843.00000000	-0.00209663	-0.00001750	0.00834552
844.00000000	-0.00200013	-0.00001639	0.00819447
845.00000000	-0.00202390	-0.00001645	0.00812909
846.00000000	-0.00195848	-0.00001575	0.00804324
847.00000000	-0.00189642	-0.00001516	0.00799664
848.00000000	-0.00194922	-0.00001532	0.00786082
849.00000000	-0.00191732	-0.00001475	0.00769432
850.00000000	-0.00195296	-0.00001497	0.00766527
851.00000000	-0.00214281	-0.00001643	0.00766635
852.00000000	-0.00227688	-0.00001737	0.00762667
853.00000000	-0.00217924	-0.00001638	0.00751637
854.00000000	-0.00187140	-0.00001371	0.00732607
855.00000000	-0.00189020	-0.00001367	0.00723337
856.00000000	-0.00220199	-0.00001599	0.00726162
857.00000000	-0.00242411	-0.00001757	0.00724905
858.00000000	-0.00239088	-0.00001724	0.00721072
859.00000000	-0.00224637	-0.00001615	0.00719049
860.00000000	-0.00263052	-0.00001874	0.00712502
861.00000000	-0.00246217	-0.00001731	0.00703040
862.00000000	-0.00233590	-0.00001600	0.00684855
863.00000000	-0.00237625	-0.00001620	0.00681642
864.00000000	-0.00182885	-0.00001233	0.00674467
865.00000000	-0.00162241	-0.00001073	0.00661362
866.00000000	-0.00204846	-0.00001344	0.00656102
867.00000000	-0.00215949	-0.00001405	0.00650847
868.00000000	-0.00233261	-0.00001503	0.00644557
869.00000000	-0.00240618	-0.00001566	0.00650825
870.00000000	-0.00250968	-0.00001635	0.00651377
871.00000000	-0.00248175	-0.00001596	0.00642994
872.00000000	-0.00224439	-0.00001401	0.00624112
873.00000000	-0.00204489	-0.00001242	0.00607125
874.00000000	-0.00224868	-0.00001339	0.00595460
875.00000000	-0.00237454	-0.00001401	0.00590219
876.00000000	-0.00247170	-0.00001430	0.00578752
877.00000000	-0.00263949	-0.00001509	0.00571797
878.00000000	-0.00294659	-0.00001676	0.00568962
879.00000000	-0.00287301	-0.00001607	0.00559257
880.00000000	-0.00262109	-0.00001433	0.00546624
881.00000000	-0.00241703	-0.00001303	0.00538987
882.00000000	-0.00274994	-0.00001473	0.00535740
883.00000000	-0.00284328	-0.00001510	0.00531077
884.00000000	-0.00320116	-0.00001685	0.00526450
885.00000000	-0.00333205	-0.00001743	0.00523027
886.00000000	-0.00326029	-0.00001701	0.00521732
887.00000000	-0.00305343	-0.00001567	0.00513275
888.00000000	-0.00308948	-0.00001551	0.00502027
889.00000000	-0.00307465	-0.00001515	0.00492657
890.00000000	-0.00299616	-0.00001467	0.00489709
891.00000000	-0.00330906	-0.00001595	0.00481935
892.00000000	-0.00326676	-0.00001551	0.00474782
893.00000000	-0.00348703	-0.00001649	0.00472752
894.00000000	-0.00389650	-0.00001805	0.00463364
895.00000000	-0.00423251	-0.00001929	0.00455640
896.00000000	-0.00436066	-0.00001940	0.00444944
897.00000000	-0.00401713	-0.00001764	0.00439120
898.00000000	-0.00356224	-0.00001554	0.00436172
899.00000000	-0.00391167	-0.00001690	0.00432104
900.00000000	-0.00382746	-0.00001596	0.00416987
901.00000000	-0.00354950	-0.00001445	0.00407170
902.00000000	-0.00410475	-0.00001645	0.00400694
903.00000000	-0.00429492	-0.00001686	0.00392557
904.00000000	-0.00411649	-0.00001572	0.00381940
905.00000000	-0.00365820	-0.00001367	0.00373750
906.00000000	-0.00368853	-0.00001348	0.00365390
907.00000000	-0.00347055	-0.00001249	0.00359957
908.00000000	-0.00380438	-0.00001351	0.00355117
909.00000000	-0.00444740	-0.00001552	0.00349025
910.00000000	-0.00413300	-0.00001411	0.00341520
911.00000000	-0.00426142	-0.00001431	0.00335745
912.00000000	-0.00410711	-0.00001357	0.00330525
913.00000000	-0.00440997	-0.00001421	0.00322225
914.00000000	-0.00416701	-0.00001304	0.00313055
915.00000000	-0.00411046	-0.00001261	0.00306840
916.00000000	-0.00405056	-0.00001223	0.00302057
917.00000000	-0.00469089	-0.00001401	0.00298717
918.00000000	-0.00405629	-0.00001172	0.00288872
919.00000000	-0.00400683	-0.00001139	0.00284264
920.00000000	-0.00394305	-0.00001103	0.00279670
