800.00000000	-0.00116298	-0.00002139	0.01839034
801.00000000	-0.00176860	-0.00003201	0.01810043
802.00000000	-0.00198092	-0.00003525	0.01779473
803.00000000	-0.00228872	-0.00004009	0.01751523
804.00000000	-0.00220833	-0.00003798	0.01719628
805.00000000	-0.00261420	-0.00004456	0.01704634
806.00000000	-0.00264410	-0.00004453	0.01683938
807.00000000	-0.00265137	-0.00004396	0.01658106
808.00000000	-0.00295630	-0.00004858	0.01643098
809.00000000	-0.00303434	-0.00004929	0.01624323
810.00000000	-0.00332169	-0.00005443	0.01638473
811.00000000	-0.00364314	-0.00005931	0.01628061
812.00000000	-0.00359418	-0.00005808	0.01615806
813.00000000	-0.00374661	-0.00006016	0.01605783
814.00000000	-0.00385572	-0.00006115	0.01585954
815.00000000	-0.00388779	-0.00006104	0.01569981
816.00000000	-0.00389442	-0.00006075	0.01559924
817.00000000	-0.00408968	-0.00006296	0.01539546
818.00000000	-0.00415461	-0.00006349	0.01528123
819.00000000	-0.00420997	-0.00006381	0.01515746
820.00000000	-0.00434274	-0.00006496	0.01495886
821.00000000	-0.00440339	-0.00006516	0.01479826
822.00000000	-0.00485841	-0.00007255	0.01493286
823.00000000	-0.00527178	-0.00007857	0.01490483
824.00000000	-0.00531849	-0.00007871	0.01479978
825.00000000	-0.00520432	-0.00007540	0.01448796
826.00000000	-0.00535328	-0.00007725	0.01443041
827.00000000	-0.00548331	-0.00007811	0.01424551
828.00000000	-0.00547433	-0.00007656	0.01398573
829.00000000	-0.00536172	-0.00007386	0.01377588
830.00000000	-0.00586314	-0.00008137	0.01387908
831.00000000	-0.00634837	-0.00008795	0.01385396
832.00000000	-0.00595008	-0.00008092	0.01360066
833.00000000	-0.00607377	-0.00008156	0.01342863
834.00000000	-0.00625472	-0.00008356	0.01335991
835.00000000	-0.00637685	-0.00008424	0.01320989
836.00000000	-0.00620579	-0.00008048	0.01296773
837.00000000	-0.00619888	-0.00008004	0.01291161
838.00000000	-0.00638036	-0.00008042	0.01260508
839.00000000	-0.00671707	-0.00008484	0.01263013
840.00000000	-0.00654887	-0.00008117	0.01239526
841.00000000	-0.00657934	-0.00008177	0.01242906
842.00000000	-0.00671379	-0.00008276	0.01232723
843.00000000	-0.00674530	-0.00008291	0.01229189
844.00000000	-0.00678550	-0.00008256	0.01216748
845.00000000	-0.00672550	-0.00008158	0.01212921
846.00000000	-0.00682658	-0.00008156	0.01194778
847.00000000	-0.00740877	-0.00008856	0.01195374
848.00000000	-0.00732161	-0.00008627	0.01178361
849.00000000	-0.00715513	-0.00008234	0.01150748
850.00000000	-0.00749378	-0.00008556	0.01141781
851.00000000	-0.00760436	-0.00008645	0.01136848
852.00000000	-0.00770596	-0.00008605	0.01116668
853.00000000	-0.00780965	-0.00008582	0.01098961
854.00000000	-0.00769049	-0.00008335	0.01083806
855.00000000	-0.00762782	-0.00008270	0.01084188
856.00000000	-0.00790724	-0.00008685	0.01098361
857.00000000	-0.00800473	-0.00008687	0.01085296
858.00000000	-0.00811461	-0.00008660	0.01067211
859.00000000	-0.00790558	-0.00008270	0.01046096
860.00000000	-0.00787350	-0.00008101	0.01028926
861.00000000	-0.00771976	-0.00007741	0.01002783
862.00000000	-0.00740859	-0.00007275	0.00981968
863.00000000	-0.00770359	-0.00007636	0.00991258
864.00000000	-0.00819814	-0.00008115	0.00989858
865.00000000	-0.00843375	-0.00008356	0.00990811
866.00000000	-0.00852907	-0.00008315	0.00974901
867.00000000	-0.00863459	-0.00008322	0.00963856
868.00000000	-0.00905889	-0.00008662	0.00956243
869.00000000	-0.00896075	-0.00008245	0.00920123
870.00000000	-0.00894566	-0.00008220	0.00918881
871.00000000	-0.00879331	-0.00008025	0.00912626
872.00000000	-0.00790749	-0.00007160	0.00905471
873.00000000	-0.00823304	-0.00007314	0.00888341
874.00000000	-0.00971018	-0.00008541	0.00879618
875.00000000	-0.01008268	-0.00008821	0.00874891
876.00000000	-0.01027991	-0.00008790	0.00855066
877.00000000	-0.01004443	-0.00008424	0.00838648
878.00000000	-0.00960521	-0.00007841	0.00816353
879.00000000	-0.00958219	-0.00007609	0.00794051
880.00000000	-0.00958974	-0.00007616	0.00794208
881.00000000	-0.00934144	-0.00007206	0.00771429
882.00000000	-0.00908676	-0.00006790	0.00747241
883.00000000	-0.00897886	-0.00006626	0.00737984
884.00000000	-0.00930837	-0.00006869	0.00737911
885.00000000	-0.00925729	-0.00006774	0.00731721
886.00000000	-0.00897414	-0.00006337	0.00706196
887.00000000	-0.00866286	-0.00006001	0.00692756
888.00000000	-0.00841601	-0.00005657	0.00672231
889.00000000	-0.00901445	-0.00006006	0.00666291
890.00000000	-0.00958732	-0.00006466	0.00674458
891.00000000	-0.01024903	-0.00006989	0.00681894
892.00000000	-0.01014106	-0.00006680	0.00658709
893.00000000	-0.01006850	-0.00006525	0.00648061
894.00000000	-0.00968761	-0.00006219	0.00641929
895.00000000	-0.01008027	-0.00006400	0.00634904
896.00000000	-0.01092595	-0.00006837	0.00625804
897.00000000	-0.01065824	-0.00006533	0.00612906
898.00000000	-0.01089233	-0.00006677	0.00613046
899.00000000	-0.01080241	-0.00006436	0.00595816
900.00000000	-0.01048485	-0.00006065	0.00578454
901.00000000	-0.01004229	-0.00005590	0.00556646
902.00000000	-0.01058904	-0.00005845	0.00551986
903.00000000	-0.01100949	-0.00006035	0.00548164
904.00000000	-0.01094201	-0.00005925	0.00541491
905.00000000	-0.01124580	-0.00005987	0.00532421
906.00000000	-0.01156113	-0.00006026	0.00521251
907.00000000	-0.01129404	-0.00005631	0.00498604
908.00000000	-0.01101268	-0.00005384	0.00488869
909.00000000	-0.01069403	-0.00005060	0.00473161
910.00000000	-0.01123378	-0.00005199	0.00462779
911.00000000	-0.01145991	-0.00005240	0.00457246
912.00000000	-0.01136565	-0.00005058	0.00444981
913.00000000	-0.01123664	-0.00004902	0.00436296
914.00000000	-0.01086501	-0.00004629	0.00426024
915.00000000	-0.01076479	-0.00004451	0.00413501
916.00000000	-0.01118676	-0.00004570	0.00408518
917.00000000	-0.01121133	-0.00004461	0.00397924
918.00000000	-0.01095356	-0.00004226	0.00385833
919.00000000	-0.01078971	-0.00004000	0.00370724
920.00000000	-0.01184637	-0.00004374	0.00369206
