800.00000000	-0.00082559	-0.00001542	0.01868062
801.00000000	-0.00144310	-0.00002627	0.01820563
802.00000000	-0.00169674	-0.00003022	0.01781210
803.00000000	-0.00197034	-0.00003451	0.01751475
804.00000000	-0.00198928	-0.00003467	0.01742968
805.00000000	-0.00225792	-0.00003854	0.01706663
806.00000000	-0.00227831	-0.00003882	0.01704005
807.00000000	-0.00222015	-0.00003705	0.01668695
808.00000000	-0.00244205	-0.00004096	0.01677278
809.00000000	-0.00263097	-0.00004324	0.01643310
810.00000000	-0.00277029	-0.00004547	0.01641433
811.00000000	-0.00302893	-0.00004918	0.01623840
812.00000000	-0.00305076	-0.00004934	0.01617140
813.00000000	-0.00316125	-0.00005074	0.01604905
814.00000000	-0.00333356	-0.00005282	0.01584568
815.00000000	-0.00340119	-0.00005373	0.01579888
816.00000000	-0.00345728	-0.00005441	0.01573780
817.00000000	-0.00360902	-0.00005601	0.01551945
818.00000000	-0.00371009	-0.00005689	0.01533250
819.00000000	-0.00375183	-0.00005700	0.01519192
820.00000000	-0.00383542	-0.00005730	0.01493905
821.00000000	-0.00391874	-0.00005832	0.01488297
822.00000000	-0.00433350	-0.00006516	0.01503635
823.00000000	-0.00471150	-0.00007046	0.01495490
824.00000000	-0.00472477	-0.00007017	0.01485205
825.00000000	-0.00477423	-0.00006957	0.01457250
826.00000000	-0.00480941	-0.00006988	0.01453087
827.00000000	-0.00502493	-0.00007220	0.01436785
828.00000000	-0.00500811	-0.00007136	0.01424887
829.00000000	-0.00492735	-0.00006923	0.01405115
830.00000000	-0.00523583	-0.00007315	0.01397058
831.00000000	-0.00558270	-0.00007762	0.01390412
832.00000000	-0.00519875	-0.00007122	0.01369992
833.00000000	-0.00539515	-0.00007285	0.01350240
834.00000000	-0.00549215	-0.00007350	0.01338228
835.00000000	-0.00569086	-0.00007517	0.01320935
836.00000000	-0.00564697	-0.00007399	0.01310172
837.00000000	-0.00554932	-0.00007207	0.01298763
838.00000000	-0.00570511	-0.00007279	0.01275785
839.00000000	-0.00611801	-0.00007811	0.01276723
840.00000000	-0.00592460	-0.00007431	0.01254262
841.00000000	-0.00587520	-0.00007372	0.01254808
842.00000000	-0.00591428	-0.00007334	0.01239965
843.00000000	-0.00600876	-0.00007449	0.01239608
844.00000000	-0.00599204	-0.00007400	0.01234930
845.00000000	-0.00605189	-0.00007452	0.01231392
846.00000000	-0.00640237	-0.00007735	0.01208107
847.00000000	-0.00696766	-0.00008371	0.01201408
848.00000000	-0.00681857	-0.00008095	0.01187163
849.00000000	-0.00649495	-0.00007490	0.01153165
850.00000000	-0.00683334	-0.00007834	0.01146365
851.00000000	-0.00706874	-0.00008147	0.01152575
852.00000000	-0.00720322	-0.00008179	0.01135395
853.00000000	-0.00721485	-0.00008029	0.01112775
854.00000000	-0.00696792	-0.00007600	0.01090678
855.00000000	-0.00681037	-0.00007365	0.01081402
856.00000000	-0.00676691	-0.00007352	0.01086500
857.00000000	-0.00662640	-0.00007095	0.01070680
858.00000000	-0.00677287	-0.00007173	0.01059152
859.00000000	-0.00671883	-0.00007001	0.01041997
860.00000000	-0.00689792	-0.00007136	0.01034515
861.00000000	-0.00703402	-0.00007180	0.01020718
862.00000000	-0.00681627	-0.00006802	0.00997943
863.00000000	-0.00701666	-0.00006995	0.00996877
864.00000000	-0.00724203	-0.00007115	0.00982425
865.00000000	-0.00743032	-0.00007296	0.00981923
866.00000000	-0.00759518	-0.00007412	0.00975915
867.00000000	-0.00779298	-0.00007507	0.00963335
868.00000000	-0.00778059	-0.00007315	0.00940127
869.00000000	-0.00755603	-0.00006834	0.00904377
870.00000000	-0.00752868	-0.00006757	0.00897535
871.00000000	-0.00728993	-0.00006530	0.00895722
872.00000000	-0.00701438	-0.00006332	0.00902752
873.00000000	-0.00743658	-0.00006602	0.00887808
874.00000000	-0.00831250	-0.00007281	0.00875910
875.00000000	-0.00854912	-0.00007431	0.00869212
876.00000000	-0.00852104	-0.00007224	0.00847725
877.00000000	-0.00879170	-0.00007318	0.00832432
878.00000000	-0.00850660	-0.00006906	0.00811840
879.00000000	-0.00835038	-0.00006643	0.00795592
880.00000000	-0.00824529	-0.00006585	0.00798608
881.00000000	-0.00828341	-0.00006436	0.00776975
882.00000000	-0.00812666	-0.00006057	0.00745355
883.00000000	-0.00825507	-0.00006131	0.00742695
884.00000000	-0.00833114	-0.00006160	0.00739365
885.00000000	-0.00836868	-0.00006146	0.00734405
886.00000000	-0.00813227	-0.00005756	0.00707798
887.00000000	-0.00801991	-0.00005591	0.00697140
888.00000000	-0.00777663	-0.00005301	0.00681658
889.00000000	-0.00866679	-0.00005885	0.00679000
890.00000000	-0.00882977	-0.00005995	0.00678925
891.00000000	-0.00945158	-0.00006460	0.00683457
892.00000000	-0.00925725	-0.00006180	0.00667557
893.00000000	-0.00907162	-0.00005900	0.00650352
894.00000000	-0.00872755	-0.00005579	0.00639182
895.00000000	-0.00887345	-0.00005631	0.00634590
896.00000000	-0.00940136	-0.00005901	0.00627675
897.00000000	-0.00957802	-0.00005917	0.00617795
898.00000000	-0.00999347	-0.00006087	0.00609122
899.00000000	-0.01015824	-0.00006150	0.00605395
900.00000000	-0.01014042	-0.00006005	0.00592160
901.00000000	-0.00974909	-0.00005522	0.00566437
902.00000000	-0.00961689	-0.00005303	0.00551477
903.00000000	-0.00999640	-0.00005491	0.00549297
904.00000000	-0.01028821	-0.00005610	0.00545260
905.00000000	-0.01049783	-0.00005582	0.00531752
906.00000000	-0.01081187	-0.00005643	0.00521972
907.00000000	-0.01081014	-0.00005448	0.00504017
908.00000000	-0.01052645	-0.00005180	0.00492070
909.00000000	-0.01031152	-0.00004946	0.00479657
910.00000000	-0.01041928	-0.00004921	0.00472297
911.00000000	-0.01041398	-0.00004814	0.00462215
912.00000000	-0.01024000	-0.00004561	0.00445410
913.00000000	-0.01043222	-0.00004585	0.00439480
914.00000000	-0.01068843	-0.00004676	0.00437482
915.00000000	-0.01034933	-0.00004377	0.00422950
916.00000000	-0.01074739	-0.00004437	0.00412868
917.00000000	-0.01063794	-0.00004230	0.00397610
918.00000000	-0.01066036	-0.00004172	0.00391380
919.00000000	-0.01031611	-0.00003940	0.00381902
920.00000000	-0.01064005	-0.00003962	0.00372390
