800.00000000	-0.00120572	-0.00002654	0.02201383
801.00000000	-0.00214876	-0.00004573	0.02128206
802.00000000	-0.00215080	-0.00004563	0.02121536
803.00000000	-0.00213686	-0.00004412	0.02064596
804.00000000	-0.00217089	-0.00004419	0.02035686
805.00000000	-0.00225760	-0.00004573	0.02025599
806.00000000	-0.00220229	-0.00004424	0.02008934
807.00000000	-0.00228420	-0.00004522	0.01979581
808.00000000	-0.00229630	-0.00004437	0.01932134
809.00000000	-0.00231484	-0.00004393	0.01897756
810.00000000	-0.00223147	-0.00004124	0.01848221
811.00000000	-0.00218332	-0.00004018	0.01840319
812.00000000	-0.00227317	-0.00004177	0.01837411
813.00000000	-0.00227150	-0.00004144	0.01824459
814.00000000	-0.00221247	-0.00003953	0.01786688
815.00000000	-0.00231811	-0.00004087	0.01762964
816.00000000	-0.00231515	-0.00004056	0.01751726
817.00000000	-0.00242853	-0.00004278	0.01761558
818.00000000	-0.00252147	-0.00004374	0.01734798
819.00000000	-0.00256058	-0.00004433	0.01731251
820.00000000	-0.00256933	-0.00004329	0.01684974
821.00000000	-0.00258648	-0.00004294	0.01660271
822.00000000	-0.00253919	-0.00004142	0.01631129
823.00000000	-0.00270610	-0.00004434	0.01638611
824.00000000	-0.00274472	-0.00004495	0.01637873
825.00000000	-0.00290821	-0.00004664	0.01603821
826.00000000	-0.00281712	-0.00004470	0.01586904
827.00000000	-0.00277887	-0.00004396	0.01581759
828.00000000	-0.00278280	-0.00004323	0.01553474
829.00000000	-0.00289267	-0.00004492	0.01552803
830.00000000	-0.00287945	-0.00004433	0.01539531
831.00000000	-0.00292791	-0.00004442	0.01517036
832.00000000	-0.00295236	-0.00004413	0.01494739
833.00000000	-0.00300250	-0.00004432	0.01476019
834.00000000	-0.00309950	-0.00004601	0.01484271
835.00000000	-0.00330017	-0.00004818	0.01459924
836.00000000	-0.00341094	-0.00004839	0.01418744
837.00000000	-0.00324221	-0.00004422	0.01363809
838.00000000	-0.00317280	-0.00004306	0.01357004
839.00000000	-0.00327126	-0.00004411	0.01348259
840.00000000	-0.00304865	-0.00004042	0.01325751
841.00000000	-0.00310919	-0.00004106	0.01320439
842.00000000	-0.00279850	-0.00003657	0.01306681
843.00000000	-0.00294501	-0.00003763	0.01277753
844.00000000	-0.00324093	-0.00004116	0.01269854
845.00000000	-0.00320957	-0.00004049	0.01261619
846.00000000	-0.00335364	-0.00004191	0.01249536
847.00000000	-0.00305155	-0.00003681	0.01206109
848.00000000	-0.00313746	-0.00003736	0.01190613
849.00000000	-0.00316490	-0.00003741	0.01181871
850.00000000	-0.00324474	-0.00003791	0.01168199
851.00000000	-0.00332708	-0.00003868	0.01162581
852.00000000	-0.00341479	-0.00003859	0.01130156
853.00000000	-0.00353391	-0.00003962	0.01121069
854.00000000	-0.00361012	-0.00003990	0.01105366
855.00000000	-0.00354217	-0.00003797	0.01071871
856.00000000	-0.00341208	-0.00003646	0.01068408
857.00000000	-0.00342373	-0.00003690	0.01077919
858.00000000	-0.00327745	-0.00003463	0.01056614
859.00000000	-0.00325382	-0.00003341	0.01026641
860.00000000	-0.00295969	-0.00003008	0.01016323
861.00000000	-0.00299622	-0.00003012	0.01005184
862.00000000	-0.00289238	-0.00002834	0.00979904
863.00000000	-0.00294223	-0.00002894	0.00983694
864.00000000	-0.00305765	-0.00002982	0.00975179
865.00000000	-0.00305684	-0.00002938	0.00961124
866.00000000	-0.00328559	-0.00003113	0.00947471
867.00000000	-0.00338649	-0.00003237	0.00955784
868.00000000	-0.00363886	-0.00003428	0.00942054
869.00000000	-0.00360070	-0.00003363	0.00933986
870.00000000	-0.00357551	-0.00003278	0.00916794
871.00000000	-0.00339611	-0.00002998	0.00882776
872.00000000	-0.00325470	-0.00002839	0.00872354
873.00000000	-0.00339077	-0.00002917	0.00860204
874.00000000	-0.00344853	-0.00002882	0.00835646
875.00000000	-0.00342212	-0.00002837	0.00828946
876.00000000	-0.00350191	-0.00002838	0.00810416
877.00000000	-0.00340626	-0.00002667	0.00782896
878.00000000	-0.00329700	-0.00002550	0.00773581
879.00000000	-0.00348945	-0.00002663	0.00763159
880.00000000	-0.00343397	-0.00002598	0.00756558
881.00000000	-0.00334713	-0.00002488	0.00743323
882.00000000	-0.00318114	-0.00002303	0.00723954
883.00000000	-0.00312149	-0.00002208	0.00707353
884.00000000	-0.00314933	-0.00002213	0.00702689
885.00000000	-0.00304481	-0.00002127	0.00698483
886.00000000	-0.00319128	-0.00002218	0.00695019
887.00000000	-0.00304470	-0.00002089	0.00686193
888.00000000	-0.00270289	-0.00001827	0.00675851
889.00000000	-0.00270720	-0.00001777	0.00656306
890.00000000	-0.00270311	-0.00001749	0.00647126
891.00000000	-0.00272619	-0.00001752	0.00642563
892.00000000	-0.00277853	-0.00001733	0.00623711
893.00000000	-0.00274435	-0.00001686	0.00614171
894.00000000	-0.00314513	-0.00001878	0.00597113
895.00000000	-0.00282236	-0.00001643	0.00582136
896.00000000	-0.00290176	-0.00001649	0.00568361
897.00000000	-0.00276939	-0.00001536	0.00554454
898.00000000	-0.00270743	-0.00001469	0.00542674
899.00000000	-0.00275567	-0.00001453	0.00527276
900.00000000	-0.00277065	-0.00001448	0.00522621
901.00000000	-0.00308839	-0.00001627	0.00526731
902.00000000	-0.00318808	-0.00001663	0.00521631
903.00000000	-0.00288560	-0.00001464	0.00507434
904.00000000	-0.00307427	-0.00001508	0.00490523
905.00000000	-0.00294594	-0.00001390	0.00472006
906.00000000	-0.00283939	-0.00001313	0.00462423
907.00000000	-0.00296083	-0.00001345	0.00454434
908.00000000	-0.00323614	-0.00001445	0.00446674
909.00000000	-0.00323693	-0.00001403	0.00433436
910.00000000	-0.00312161	-0.00001328	0.00425421
911.00000000	-0.00308867	-0.00001273	0.00412151
912.00000000	-0.00306160	-0.00001211	0.00395381
913.00000000	-0.00312299	-0.00001218	0.00390011
914.00000000	-0.00293149	-0.00001133	0.00386493
915.00000000	-0.00307085	-0.00001154	0.00375874
916.00000000	-0.00301623	-0.00001113	0.00369003
917.00000000	-0.00291002	-0.00001059	0.00364001
918.00000000	-0.00278977	-0.00001004	0.00359976
919.00000000	-0.00283820	-0.00001004	0.00353833
920.00000000	-0.00293364	-0.00001020	0.00347861
