800.00000000	-0.00404391	-0.00008789	0.02173393
801.00000000	-0.00320358	-0.00006802	0.02123093
802.00000000	-0.00320988	-0.00006669	0.02077649
803.00000000	-0.00347950	-0.00007039	0.02022991
804.00000000	-0.00389904	-0.00007825	0.02006969
805.00000000	-0.00389893	-0.00007752	0.01988108
806.00000000	-0.00439753	-0.00008803	0.02001749
807.00000000	-0.00455996	-0.00008959	0.01964709
808.00000000	-0.00425265	-0.00008079	0.01899756
809.00000000	-0.00435152	-0.00008048	0.01849411
810.00000000	-0.00425602	-0.00007795	0.01831581
811.00000000	-0.00441508	-0.00008095	0.01833546
812.00000000	-0.00469047	-0.00008595	0.01832494
813.00000000	-0.00485098	-0.00008724	0.01798398
814.00000000	-0.00485698	-0.00008412	0.01731836
815.00000000	-0.00487943	-0.00008454	0.01732578
816.00000000	-0.00518581	-0.00008874	0.01711208
817.00000000	-0.00540513	-0.00009256	0.01712538
818.00000000	-0.00577987	-0.00009925	0.01717209
819.00000000	-0.00581507	-0.00009745	0.01675861
820.00000000	-0.00589576	-0.00009830	0.01667344
821.00000000	-0.00612024	-0.00010172	0.01661943
822.00000000	-0.00622218	-0.00010171	0.01634716
823.00000000	-0.00608471	-0.00009590	0.01576123
824.00000000	-0.00586778	-0.00009103	0.01551311
825.00000000	-0.00608637	-0.00009453	0.01553101
826.00000000	-0.00623746	-0.00009660	0.01548748
827.00000000	-0.00633419	-0.00009570	0.01510888
828.00000000	-0.00650508	-0.00009792	0.01505208
829.00000000	-0.00732087	-0.00010990	0.01501221
830.00000000	-0.00787131	-0.00011833	0.01503276
831.00000000	-0.00844710	-0.00012820	0.01517711
832.00000000	-0.00820564	-0.00012178	0.01484071
833.00000000	-0.00803132	-0.00011634	0.01448579
834.00000000	-0.00818547	-0.00011764	0.01437181
835.00000000	-0.00802477	-0.00011385	0.01418764
836.00000000	-0.00813413	-0.00011504	0.01414289
837.00000000	-0.00822367	-0.00011443	0.01391441
838.00000000	-0.00782468	-0.00010619	0.01357116
839.00000000	-0.00779098	-0.00010520	0.01350311
840.00000000	-0.00781146	-0.00010333	0.01322768
841.00000000	-0.00803732	-0.00010504	0.01306903
842.00000000	-0.00856392	-0.00011258	0.01314556
843.00000000	-0.00866483	-0.00011330	0.01307613
844.00000000	-0.00823760	-0.00010253	0.01244629
845.00000000	-0.00800714	-0.00009842	0.01229091
846.00000000	-0.00838158	-0.00010414	0.01242486
847.00000000	-0.00894118	-0.00011079	0.01239099
848.00000000	-0.00921300	-0.00011135	0.01208646
849.00000000	-0.00890083	-0.00010543	0.01184469
850.00000000	-0.00886471	-0.00010468	0.01180833
851.00000000	-0.00894233	-0.00010369	0.01159541
852.00000000	-0.00960576	-0.00011058	0.01151159
853.00000000	-0.00969615	-0.00011055	0.01140169
854.00000000	-0.00913726	-0.00010150	0.01110864
855.00000000	-0.00919741	-0.00010085	0.01096531
856.00000000	-0.00949102	-0.00010365	0.01092111
857.00000000	-0.00955290	-0.00010217	0.01069466
858.00000000	-0.00967739	-0.00010035	0.01036978
859.00000000	-0.00937706	-0.00009619	0.01025801
860.00000000	-0.00894984	-0.00009045	0.01010661
861.00000000	-0.00912430	-0.00009070	0.00994076
862.00000000	-0.00963577	-0.00009659	0.01002411
863.00000000	-0.00938627	-0.00009343	0.00995364
864.00000000	-0.00979122	-0.00009660	0.00986624
865.00000000	-0.00960530	-0.00009385	0.00977091
866.00000000	-0.00919493	-0.00008895	0.00967408
867.00000000	-0.00934728	-0.00008880	0.00950036
868.00000000	-0.00949247	-0.00008737	0.00920361
869.00000000	-0.00965666	-0.00008785	0.00909761
870.00000000	-0.00937099	-0.00008342	0.00890141
871.00000000	-0.00941978	-0.00008206	0.00871198
872.00000000	-0.00982259	-0.00008457	0.00860923
873.00000000	-0.00918057	-0.00007674	0.00835896
874.00000000	-0.00855999	-0.00006825	0.00797344
875.00000000	-0.00874479	-0.00006910	0.00790214
876.00000000	-0.00879327	-0.00006878	0.00782161
877.00000000	-0.00917041	-0.00006985	0.00761716
878.00000000	-0.00900362	-0.00006785	0.00753614
879.00000000	-0.00930143	-0.00006869	0.00738488
880.00000000	-0.00946511	-0.00006932	0.00732321
881.00000000	-0.00958780	-0.00006977	0.00727644
882.00000000	-0.00921810	-0.00006598	0.00715739
883.00000000	-0.00933014	-0.00006638	0.00711431
884.00000000	-0.00931854	-0.00006384	0.00685086
885.00000000	-0.00959639	-0.00006496	0.00676973
886.00000000	-0.01020304	-0.00006865	0.00672863
887.00000000	-0.01042590	-0.00006946	0.00666274
888.00000000	-0.01087474	-0.00007246	0.00666361
889.00000000	-0.01110790	-0.00007235	0.00651361
890.00000000	-0.01092293	-0.00007029	0.00643509
891.00000000	-0.01103878	-0.00006967	0.00631094
892.00000000	-0.01073343	-0.00006670	0.00621446
893.00000000	-0.01000015	-0.00006087	0.00608641
894.00000000	-0.00957980	-0.00005663	0.00591113
895.00000000	-0.00966213	-0.00005595	0.00579091
896.00000000	-0.00999583	-0.00005715	0.00571764
897.00000000	-0.01099602	-0.00006275	0.00570683
898.00000000	-0.01120677	-0.00006331	0.00564971
899.00000000	-0.01150686	-0.00006422	0.00558058
900.00000000	-0.01103691	-0.00005927	0.00536971
901.00000000	-0.01124411	-0.00005945	0.00528744
902.00000000	-0.01093595	-0.00005675	0.00518954
903.00000000	-0.00957533	-0.00004793	0.00500531
904.00000000	-0.01056768	-0.00005174	0.00489606
905.00000000	-0.01052746	-0.00004999	0.00474853
906.00000000	-0.01108568	-0.00005235	0.00472254
907.00000000	-0.01137116	-0.00005259	0.00462486
908.00000000	-0.01047797	-0.00004728	0.00451208
909.00000000	-0.01062197	-0.00004723	0.00444621
910.00000000	-0.01043942	-0.00004531	0.00434076
911.00000000	-0.01126326	-0.00004879	0.00433179
912.00000000	-0.01094079	-0.00004608	0.00421153
913.00000000	-0.01036252	-0.00004225	0.00407743
914.00000000	-0.01086334	-0.00004374	0.00402638
915.00000000	-0.01066631	-0.00004183	0.00392146
916.00000000	-0.01110297	-0.00004256	0.00383366
917.00000000	-0.01095032	-0.00004108	0.00375126
918.00000000	-0.01021027	-0.00003723	0.00364609
919.00000000	-0.01065613	-0.00003798	0.00356391
920.00000000	-0.01095947	-0.00003815	0.00348124
