800.00000000	-0.00414884	-0.00008758	0.02111013
801.00000000	-0.00318047	-0.00006583	0.02069900
802.00000000	-0.00332855	-0.00006813	0.02046910
803.00000000	-0.00326609	-0.00006529	0.01999180
804.00000000	-0.00338400	-0.00006711	0.01983080
805.00000000	-0.00365158	-0.00007121	0.01950047
806.00000000	-0.00364493	-0.00007067	0.01938855
807.00000000	-0.00397075	-0.00007599	0.01913872
808.00000000	-0.00376211	-0.00007061	0.01876805
809.00000000	-0.00384728	-0.00007069	0.01837530
810.00000000	-0.00388578	-0.00007134	0.01836052
811.00000000	-0.00409946	-0.00007358	0.01794932
812.00000000	-0.00414950	-0.00007406	0.01784735
813.00000000	-0.00453010	-0.00007991	0.01763925
814.00000000	-0.00488157	-0.00008498	0.01740885
815.00000000	-0.00468543	-0.00008133	0.01735860
816.00000000	-0.00486047	-0.00008393	0.01726837
817.00000000	-0.00487593	-0.00008294	0.01701112
818.00000000	-0.00498173	-0.00008389	0.01684053
819.00000000	-0.00526600	-0.00008691	0.01650350
820.00000000	-0.00546774	-0.00008973	0.01641125
821.00000000	-0.00572444	-0.00009376	0.01637845
822.00000000	-0.00574482	-0.00009257	0.01611365
823.00000000	-0.00585966	-0.00009429	0.01609222
824.00000000	-0.00602605	-0.00009391	0.01558360
825.00000000	-0.00613088	-0.00009537	0.01555567
826.00000000	-0.00637940	-0.00009888	0.01550027
827.00000000	-0.00584794	-0.00008789	0.01503008
828.00000000	-0.00587221	-0.00008826	0.01502970
829.00000000	-0.00619009	-0.00009197	0.01485762
830.00000000	-0.00635274	-0.00009377	0.01476055
831.00000000	-0.00661407	-0.00009777	0.01478213
832.00000000	-0.00712449	-0.00010461	0.01468280
833.00000000	-0.00738039	-0.00010684	0.01447688
834.00000000	-0.00758060	-0.00010861	0.01432703
835.00000000	-0.00756647	-0.00010526	0.01391105
836.00000000	-0.00738947	-0.00010188	0.01378753
837.00000000	-0.00722425	-0.00010033	0.01388830
838.00000000	-0.00698562	-0.00009546	0.01366485
839.00000000	-0.00713162	-0.00009632	0.01350605
840.00000000	-0.00780911	-0.00010549	0.01350922
841.00000000	-0.00782063	-0.00010378	0.01327035
842.00000000	-0.00802660	-0.00010566	0.01316342
843.00000000	-0.00801373	-0.00010456	0.01304730
844.00000000	-0.00756133	-0.00009604	0.01270212
845.00000000	-0.00733971	-0.00009023	0.01229375
846.00000000	-0.00723633	-0.00008700	0.01202198
847.00000000	-0.00691178	-0.00008238	0.01191915
848.00000000	-0.00715002	-0.00008448	0.01181570
849.00000000	-0.00750746	-0.00008669	0.01154785
850.00000000	-0.00764595	-0.00008805	0.01151525
851.00000000	-0.00813526	-0.00009372	0.01152023
852.00000000	-0.00849272	-0.00009634	0.01134443
853.00000000	-0.00879106	-0.00009857	0.01121252
854.00000000	-0.00852178	-0.00009411	0.01104318
855.00000000	-0.00819176	-0.00008941	0.01091432
856.00000000	-0.00880757	-0.00009556	0.01084948
857.00000000	-0.00879432	-0.00009406	0.01069525
858.00000000	-0.00860283	-0.00009077	0.01055117
859.00000000	-0.00874847	-0.00009108	0.01041125
860.00000000	-0.00907901	-0.00009347	0.01029518
861.00000000	-0.00871281	-0.00008729	0.01001915
862.00000000	-0.00969235	-0.00009761	0.01007058
863.00000000	-0.00966872	-0.00009774	0.01010940
864.00000000	-0.00938723	-0.00009391	0.01000375
865.00000000	-0.00926962	-0.00009104	0.00982188
866.00000000	-0.00980437	-0.00009418	0.00960617
867.00000000	-0.00940730	-0.00008731	0.00928083
868.00000000	-0.00889219	-0.00008022	0.00902140
869.00000000	-0.00867460	-0.00007722	0.00890185
870.00000000	-0.00863093	-0.00007586	0.00878903
871.00000000	-0.00922085	-0.00007988	0.00866325
872.00000000	-0.00905227	-0.00007651	0.00845175
873.00000000	-0.00986490	-0.00008516	0.00863238
874.00000000	-0.01008248	-0.00008591	0.00852048
875.00000000	-0.01015538	-0.00008529	0.00839900
876.00000000	-0.00965116	-0.00007874	0.00815913
877.00000000	-0.00903006	-0.00007157	0.00792575
878.00000000	-0.00922667	-0.00007121	0.00771757
879.00000000	-0.00869175	-0.00006468	0.00744183
880.00000000	-0.00882037	-0.00006606	0.00748920
881.00000000	-0.00945044	-0.00007112	0.00752557
882.00000000	-0.00936553	-0.00006886	0.00735223
883.00000000	-0.00936720	-0.00006754	0.00721080
884.00000000	-0.00924051	-0.00006394	0.00692007
885.00000000	-0.00952538	-0.00006556	0.00688240
886.00000000	-0.00983059	-0.00006744	0.00686072
887.00000000	-0.00963985	-0.00006489	0.00673195
888.00000000	-0.00939818	-0.00006276	0.00667763
889.00000000	-0.01045820	-0.00006844	0.00654463
890.00000000	-0.01064482	-0.00006862	0.00644633
891.00000000	-0.01043047	-0.00006688	0.00641222
892.00000000	-0.00967550	-0.00006141	0.00634670
893.00000000	-0.00964257	-0.00005927	0.00614670
894.00000000	-0.01006972	-0.00006041	0.00599892
895.00000000	-0.01079303	-0.00006504	0.00602657
896.00000000	-0.01040849	-0.00006139	0.00589855
897.00000000	-0.01042856	-0.00006139	0.00588720
898.00000000	-0.01064997	-0.00006093	0.00572137
899.00000000	-0.01046495	-0.00005801	0.00554303
900.00000000	-0.01086603	-0.00005961	0.00548567
901.00000000	-0.01079114	-0.00005767	0.00534420
902.00000000	-0.01044825	-0.00005426	0.00519297
903.00000000	-0.01005833	-0.00005108	0.00507862
904.00000000	-0.01016338	-0.00005042	0.00496095
905.00000000	-0.01040391	-0.00005122	0.00492315
906.00000000	-0.01041414	-0.00004962	0.00476468
907.00000000	-0.01022577	-0.00004767	0.00466175
908.00000000	-0.01061608	-0.00004928	0.00464225
909.00000000	-0.01051630	-0.00004724	0.00449255
910.00000000	-0.00980771	-0.00004231	0.00431370
911.00000000	-0.01017909	-0.00004349	0.00427297
912.00000000	-0.01024886	-0.00004334	0.00422925
913.00000000	-0.01135642	-0.00004766	0.00419652
914.00000000	-0.01086045	-0.00004448	0.00409582
915.00000000	-0.01018135	-0.00004051	0.00397860
916.00000000	-0.01109877	-0.00004322	0.00389412
917.00000000	-0.01162075	-0.00004492	0.00386550
918.00000000	-0.01139621	-0.00004327	0.00379688
919.00000000	-0.01209721	-0.00004544	0.00375665
920.00000000	-0.01277126	-0.00004767	0.00373260
