# E (eV)  ldosup(E)  ldosdw(E) pdosup(E)  pdosdw(E)  pdosup(E)  pdosdw(E)  pdosup(E)  pdosdw(E)  pdosup(E)  pdosdw(E)  pdosup(E)  pdosdw(E) 
  -4.000  0.839E-01  0.203E+00  0.201E-01  0.409E-01  0.254E-01  0.494E-01  0.126E-01  0.312E-01  0.833E-02  0.334E-01  0.175E-01  0.482E-01
  -3.950  0.550E+00  0.681E+00  0.103E+00  0.163E+00  0.778E-01  0.103E+00  0.882E-01  0.687E-01  0.104E+00  0.183E+00  0.177E+00  0.164E+00
  -3.900  0.121E+00  0.571E-01  0.167E-01  0.572E-02  0.216E-01  0.116E-01  0.217E-01  0.117E-01  0.221E-01  0.793E-02  0.385E-01  0.202E-01
  -3.850  0.138E+00  0.125E+00  0.266E-01  0.244E-01  0.281E-01  0.239E-01  0.277E-01  0.250E-01  0.214E-01  0.196E-01  0.344E-01  0.323E-01
  -3.800  0.240E+00  0.126E+00  0.456E-01  0.270E-01  0.509E-01  0.278E-01  0.494E-01  0.270E-01  0.384E-01  0.183E-01  0.560E-01  0.262E-01
  -3.750  0.202E+00  0.155E+00  0.719E-01  0.482E-01  0.272E-01  0.250E-01  0.321E-01  0.276E-01  0.396E-01  0.286E-01  0.316E-01  0.253E-01
  -3.700  0.241E+00  0.340E+00  0.883E-01  0.126E+00  0.325E-01  0.427E-01  0.382E-01  0.546E-01  0.476E-01  0.660E-01  0.341E-01  0.499E-01
  -3.650  0.214E+00  0.224E+00  0.733E-01  0.773E-01  0.327E-01  0.344E-01  0.354E-01  0.384E-01  0.423E-01  0.431E-01  0.304E-01  0.312E-01
  -3.600  0.215E+00  0.202E+00  0.678E-01  0.651E-01  0.355E-01  0.329E-01  0.355E-01  0.340E-01  0.428E-01  0.397E-01  0.339E-01  0.303E-01
  -3.550  0.279E+00  0.228E+00  0.735E-01  0.649E-01  0.464E-01  0.390E-01  0.404E-01  0.358E-01  0.541E-01  0.448E-01  0.642E-01  0.441E-01
  -3.500  0.340E+00  0.349E+00  0.694E-01  0.641E-01  0.526E-01  0.452E-01  0.373E-01  0.361E-01  0.700E-01  0.744E-01  0.111E+00  0.129E+00
  -3.450  0.180E+00  0.185E+00  0.473E-01  0.481E-01  0.262E-01  0.279E-01  0.232E-01  0.237E-01  0.464E-01  0.443E-01  0.372E-01  0.406E-01
  -3.400  0.176E+00  0.167E+00  0.442E-01  0.419E-01  0.263E-01  0.257E-01  0.224E-01  0.218E-01  0.482E-01  0.435E-01  0.351E-01  0.339E-01
  -3.350  0.532E+00  0.170E+00  0.141E+00  0.397E-01  0.101E+00  0.281E-01  0.951E-01  0.226E-01  0.810E-01  0.460E-01  0.113E+00  0.339E-01
  -3.300  0.737E+00  0.447E+00  0.202E+00  0.111E+00  0.161E+00  0.957E-01  0.191E+00  0.898E-01  0.855E-01  0.681E-01  0.975E-01  0.824E-01
  -3.250  0.421E+00  0.463E+00  0.989E-01  0.114E+00  0.898E-01  0.103E+00  0.789E-01  0.104E+00  0.836E-01  0.727E-01  0.695E-01  0.705E-01
  -3.200  0.528E+00  0.414E+00  0.121E+00  0.937E-01  0.122E+00  0.919E-01  0.100E+00  0.736E-01  0.105E+00  0.844E-01  0.788E-01  0.703E-01
  -3.150  0.107E+01  0.798E+00  0.212E+00  0.200E+00  0.195E+00  0.208E+00  0.186E+00  0.136E+00  0.318E+00  0.139E+00  0.155E+00  0.115E+00
  -3.100  0.129E+01  0.159E+01  0.210E+00  0.261E+00  0.309E+00  0.339E+00  0.207E+00  0.269E+00  0.269E+00  0.410E+00  0.298E+00  0.314E+00
  -3.050  0.438E+00  0.156E+01  0.723E-01  0.230E+00  0.131E+00  0.352E+00  0.131E+00  0.233E+00  0.462E-01  0.376E+00  0.572E-01  0.367E+00
  -3.000  0.794E+00  0.434E+00  0.725E-01  0.610E-01  0.225E+00  0.137E+00  0.325E+00  0.142E+00  0.915E-01  0.423E-01  0.799E-01  0.505E-01
  -2.950  0.808E+00  0.116E+01  0.370E-01  0.190E+00  0.256E+00  0.256E+00  0.378E+00  0.339E+00  0.697E-01  0.236E+00  0.669E-01  0.142E+00
  -2.900  0.810E+00  0.741E+00  0.152E-01  0.274E-01  0.266E+00  0.244E+00  0.404E+00  0.342E+00  0.645E-01  0.643E-01  0.602E-01  0.632E-01
  -2.850  0.714E+00  0.807E+00  0.101E-01  0.130E-01  0.231E+00  0.268E+00  0.374E+00  0.382E+00  0.515E-01  0.750E-01  0.475E-01  0.679E-01
  -2.800  0.549E+00  0.576E+00  0.174E-01  0.901E-02  0.196E+00  0.186E+00  0.209E+00  0.324E+00  0.688E-01  0.266E-01  0.576E-01  0.303E-01
  -2.750  0.487E+00  0.652E+00  0.209E-01  0.213E-01  0.181E+00  0.220E+00  0.160E+00  0.250E+00  0.694E-01  0.926E-01  0.557E-01  0.688E-01
  -2.700  0.110E+01  0.525E+00  0.535E-01  0.194E-01  0.302E+00  0.191E+00  0.375E+00  0.172E+00  0.237E+00  0.819E-01  0.130E+00  0.609E-01
  -2.650  0.665E+00  0.720E+00  0.230E-01  0.209E-01  0.277E+00  0.263E+00  0.215E+00  0.246E+00  0.660E-01  0.103E+00  0.833E-01  0.860E-01
  -2.600  0.911E+00  0.680E+00  0.238E-01  0.233E-01  0.404E+00  0.293E+00  0.246E+00  0.207E+00  0.101E+00  0.666E-01  0.135E+00  0.899E-01
  -2.550  0.396E+00  0.105E+01  0.206E-01  0.231E-01  0.131E+00  0.475E+00  0.131E+00  0.268E+00  0.568E-01  0.121E+00  0.566E-01  0.161E+00
  -2.500  0.456E+00  0.396E+00  0.222E-01  0.200E-01  0.148E+00  0.128E+00  0.157E+00  0.131E+00  0.676E-01  0.604E-01  0.620E-01  0.566E-01
  -2.450  0.428E+00  0.928E+00  0.266E-01  0.238E-01  0.136E+00  0.352E+00  0.137E+00  0.306E+00  0.663E-01  0.115E+00  0.615E-01  0.131E+00
  -2.400  0.466E+00  0.429E+00  0.325E-01  0.247E-01  0.129E+00  0.125E+00  0.129E+00  0.125E+00  0.994E-01  0.868E-01  0.757E-01  0.678E-01
  -2.350  0.306E+00  0.325E+00  0.190E-01  0.172E-01  0.864E-01  0.977E-01  0.723E-01  0.903E-01  0.771E-01  0.669E-01  0.512E-01  0.526E-01
  -2.300  0.309E+00  0.312E+00  0.262E-01  0.186E-01  0.795E-01  0.856E-01  0.650E-01  0.694E-01  0.913E-01  0.866E-01  0.469E-01  0.521E-01
  -2.250  0.240E+00  0.250E+00  0.312E-01  0.235E-01  0.582E-01  0.666E-01  0.580E-01  0.581E-01  0.598E-01  0.650E-01  0.329E-01  0.373E-01
  -2.200  0.237E+00  0.230E+00  0.395E-01  0.337E-01  0.601E-01  0.608E-01  0.658E-01  0.629E-01  0.449E-01  0.439E-01  0.268E-01  0.290E-01
  -2.150  0.252E+00  0.245E+00  0.352E-01  0.343E-01  0.595E-01  0.561E-01  0.515E-01  0.555E-01  0.536E-01  0.482E-01  0.526E-01  0.511E-01
  -2.100  0.411E+00  0.303E+00  0.605E-01  0.392E-01  0.119E+00  0.866E-01  0.933E-01  0.671E-01  0.730E-01  0.580E-01  0.649E-01  0.524E-01
  -2.050  0.312E+00  0.275E+00  0.486E-01  0.441E-01  0.636E-01  0.656E-01  0.660E-01  0.670E-01  0.595E-01  0.482E-01  0.747E-01  0.500E-01
  -2.000  0.233E+00  0.291E+00  0.308E-01  0.441E-01  0.341E-01  0.595E-01  0.445E-01  0.658E-01  0.539E-01  0.544E-01  0.701E-01  0.668E-01
  -1.950  0.297E+00  0.231E+00  0.427E-01  0.306E-01  0.407E-01  0.347E-01  0.585E-01  0.465E-01  0.706E-01  0.522E-01  0.848E-01  0.670E-01
  -1.900  0.492E+00  0.283E+00  0.824E-01  0.403E-01  0.662E-01  0.406E-01  0.106E+00  0.597E-01  0.116E+00  0.640E-01  0.122E+00  0.786E-01
  -1.850  0.204E+00  0.372E+00  0.450E-01  0.684E-01  0.325E-01  0.506E-01  0.439E-01  0.833E-01  0.334E-01  0.863E-01  0.495E-01  0.837E-01
  -1.800  0.937E-01  0.201E+00  0.165E-01  0.495E-01  0.144E-01  0.417E-01  0.191E-01  0.424E-01  0.138E-01  0.293E-01  0.300E-01  0.383E-01
  -1.750  0.947E-01  0.807E-01  0.186E-01  0.150E-01  0.151E-01  0.128E-01  0.211E-01  0.166E-01  0.121E-01  0.113E-01  0.278E-01  0.251E-01
  -1.700  0.902E-01  0.814E-01  0.183E-01  0.166E-01  0.155E-01  0.137E-01  0.208E-01  0.181E-01  0.105E-01  0.991E-02  0.252E-01  0.231E-01
  -1.650  0.956E-01  0.843E-01  0.207E-01  0.180E-01  0.194E-01  0.165E-01  0.211E-01  0.189E-01  0.102E-01  0.914E-02  0.241E-01  0.217E-01
  -1.600  0.126E+00  0.997E-01  0.301E-01  0.233E-01  0.278E-01  0.236E-01  0.282E-01  0.236E-01  0.124E-01  0.890E-02  0.277E-01  0.202E-01
  -1.550  0.210E+00  0.967E-01  0.571E-01  0.244E-01  0.492E-01  0.205E-01  0.427E-01  0.230E-01  0.204E-01  0.890E-02  0.404E-01  0.200E-01
  -1.500  0.244E+00  0.170E+00  0.496E-01  0.388E-01  0.510E-01  0.410E-01  0.521E-01  0.371E-01  0.322E-01  0.177E-01  0.590E-01  0.349E-01
  -1.450  0.242E+00  0.278E+00  0.433E-01  0.445E-01  0.455E-01  0.618E-01  0.542E-01  0.622E-01  0.377E-01  0.378E-01  0.613E-01  0.716E-01
  -1.400  0.443E+00  0.290E+00  0.599E-01  0.536E-01  0.991E-01  0.498E-01  0.115E+00  0.599E-01  0.625E-01  0.511E-01  0.106E+00  0.755E-01
  -1.350  0.304E+00  0.389E+00  0.577E-01  0.364E-01  0.524E-01  0.103E+00  0.784E-01  0.106E+00  0.394E-01  0.521E-01  0.758E-01  0.928E-01
  -1.300  0.248E+00  0.205E+00  0.532E-01  0.386E-01  0.394E-01  0.362E-01  0.556E-01  0.508E-01  0.335E-01  0.264E-01  0.668E-01  0.531E-01
  -1.250  0.288E+00  0.206E+00  0.607E-01  0.432E-01  0.431E-01  0.314E-01  0.555E-01  0.418E-01  0.415E-01  0.288E-01  0.869E-01  0.612E-01
  -1.200  0.465E+00  0.350E+00  0.696E-01  0.473E-01  0.670E-01  0.528E-01  0.684E-01  0.537E-01  0.815E-01  0.600E-01  0.178E+00  0.137E+00
  -1.150  0.506E+00  0.530E+00  0.742E-01  0.716E-01  0.746E-01  0.891E-01  0.686E-01  0.974E-01  0.923E-01  0.839E-01  0.196E+00  0.188E+00
  -1.100  0.510E+00  0.401E+00  0.613E-01  0.522E-01  0.785E-01  0.594E-01  0.639E-01  0.524E-01  0.104E+00  0.774E-01  0.203E+00  0.160E+00
  -1.050  0.778E+00  0.429E+00  0.763E-01  0.563E-01  0.124E+00  0.634E-01  0.886E-01  0.550E-01  0.165E+00  0.860E-01  0.323E+00  0.168E+00
  -1.000  0.411E+00  0.466E+00  0.630E-01  0.497E-01  0.604E-01  0.713E-01  0.460E-01  0.571E-01  0.823E-01  0.104E+00  0.160E+00  0.184E+00
  -0.950  0.583E+00  0.141E+01  0.908E-01  0.630E-01  0.821E-01  0.248E+00  0.512E-01  0.149E+00  0.116E+00  0.312E+00  0.243E+00  0.638E+00
  -0.900  0.394E+00  0.391E+00  0.675E-01  0.573E-01  0.577E-01  0.554E-01  0.547E-01  0.353E-01  0.808E-01  0.781E-01  0.133E+00  0.165E+00
  -0.850  0.577E+00  0.306E+00  0.901E-01  0.431E-01  0.856E-01  0.440E-01  0.895E-01  0.322E-01  0.125E+00  0.650E-01  0.186E+00  0.122E+00
  -0.800  0.521E+00  0.390E+00  0.133E+00  0.488E-01  0.753E-01  0.563E-01  0.103E+00  0.457E-01  0.981E-01  0.881E-01  0.111E+00  0.151E+00
  -0.750  0.562E+00  0.359E+00  0.141E+00  0.456E-01  0.810E-01  0.528E-01  0.111E+00  0.520E-01  0.110E+00  0.850E-01  0.120E+00  0.123E+00
  -0.700  0.499E+00  0.361E+00  0.127E+00  0.469E-01  0.670E-01  0.513E-01  0.103E+00  0.600E-01  0.102E+00  0.894E-01  0.100E+00  0.114E+00
  -0.650  0.389E+00  0.266E+00  0.841E-01  0.325E-01  0.537E-01  0.355E-01  0.822E-01  0.472E-01  0.857E-01  0.723E-01  0.832E-01  0.786E-01
  -0.600  0.502E+00  0.572E+00  0.149E+00  0.146E+00  0.598E-01  0.937E-01  0.967E-01  0.138E+00  0.105E+00  0.938E-01  0.924E-01  0.100E+00
  -0.550  0.543E+00  0.403E+00  0.186E+00  0.912E-01  0.583E-01  0.617E-01  0.939E-01  0.987E-01  0.105E+00  0.732E-01  0.100E+00  0.778E-01
  -0.500  0.607E+00  0.764E+00  0.250E+00  0.264E+00  0.585E-01  0.911E-01  0.987E-01  0.152E+00  0.109E+00  0.135E+00  0.914E-01  0.121E+00
  -0.450  0.908E+00  0.604E+00  0.443E+00  0.217E+00  0.817E-01  0.706E-01  0.133E+00  0.120E+00  0.138E+00  0.108E+00  0.111E+00  0.888E-01
  -0.400  0.666E+00  0.715E+00  0.225E+00  0.268E+00  0.630E-01  0.815E-01  0.120E+00  0.142E+00  0.158E+00  0.128E+00  0.100E+00  0.955E-01
  -0.350  0.459E+00  0.777E+00  0.130E+00  0.335E+00  0.391E-01  0.810E-01  0.832E-01  0.124E+00  0.128E+00  0.132E+00  0.790E-01  0.105E+00
  -0.300  0.254E+00  0.105E+01  0.787E-01  0.412E+00  0.275E-01  0.107E+00  0.665E-01  0.206E+00  0.538E-01  0.198E+00  0.279E-01  0.125E+00
  -0.250  0.310E+00  0.233E+00  0.991E-01  0.666E-01  0.313E-01  0.287E-01  0.736E-01  0.684E-01  0.673E-01  0.473E-01  0.390E-01  0.217E-01
  -0.200  0.382E+00  0.254E+00  0.128E+00  0.761E-01  0.352E-01  0.294E-01  0.823E-01  0.681E-01  0.848E-01  0.527E-01  0.519E-01  0.277E-01
  -0.150  0.491E+00  0.334E+00  0.179E+00  0.103E+00  0.398E-01  0.365E-01  0.964E-01  0.824E-01  0.111E+00  0.710E-01  0.641E-01  0.413E-01
  -0.100  0.459E+00  0.425E+00  0.178E+00  0.138E+00  0.333E-01  0.428E-01  0.868E-01  0.965E-01  0.108E+00  0.913E-01  0.539E-01  0.566E-01
  -0.050  0.276E+00  0.587E+00  0.102E+00  0.212E+00  0.209E-01  0.511E-01  0.564E-01  0.123E+00  0.652E-01  0.127E+00  0.315E-01  0.730E-01
   0.000  0.107E+00  0.448E+00  0.288E-01  0.166E+00  0.122E-01  0.351E-01  0.341E-01  0.920E-01  0.216E-01  0.102E+00  0.104E-01  0.532E-01
   0.050  0.149E+00  0.299E+00  0.699E-01  0.110E+00  0.524E-02  0.225E-01  0.142E-01  0.630E-01  0.425E-01  0.698E-01  0.172E-01  0.343E-01
   0.100  0.356E+00  0.137E+00  0.166E+00  0.633E-01  0.127E-01  0.467E-02  0.260E-01  0.133E-01  0.103E+00  0.381E-01  0.475E-01  0.174E-01
   0.150  0.132E+01  0.263E-01  0.391E+00  0.125E-01  0.169E+00  0.782E-03  0.130E+00  0.229E-02  0.287E+00  0.754E-02  0.346E+00  0.316E-02
   0.200  0.279E+01  0.161E+00  0.836E+00  0.764E-01  0.405E+00  0.487E-02  0.213E+00  0.128E-01  0.467E+00  0.472E-01  0.872E+00  0.200E-01
   0.250  0.178E+01  0.157E+01  0.492E+00  0.394E+00  0.267E+00  0.226E+00  0.169E+00  0.170E+00  0.332E+00  0.339E+00  0.517E+00  0.442E+00
   0.300  0.905E+00  0.277E+01  0.496E+00  0.901E+00  0.844E-01  0.372E+00  0.506E-01  0.203E+00  0.122E+00  0.474E+00  0.152E+00  0.816E+00
   0.350  0.234E+01  0.257E+01  0.152E+01  0.756E+00  0.132E+00  0.383E+00  0.120E+00  0.219E+00  0.288E+00  0.446E+00  0.278E+00  0.760E+00
   0.400  0.123E+01  0.155E+01  0.734E+00  0.825E+00  0.868E-01  0.112E+00  0.672E-01  0.100E+00  0.152E+00  0.284E+00  0.189E+00  0.225E+00
   0.450  0.140E+01  0.545E+00  0.442E+00  0.285E+00  0.742E-01  0.468E-01  0.727E-01  0.353E-01  0.532E+00  0.935E-01  0.276E+00  0.848E-01
   0.500  0.168E+01  0.101E+01  0.454E+00  0.574E+00  0.118E+00  0.837E-01  0.135E+00  0.624E-01  0.576E+00  0.128E+00  0.392E+00  0.167E+00
   0.550  0.182E+01  0.927E+00  0.360E+00  0.505E+00  0.811E-01  0.778E-01  0.113E+00  0.572E-01  0.826E+00  0.118E+00  0.435E+00  0.169E+00
   0.600  0.250E+01  0.778E+00  0.530E+00  0.382E+00  0.185E+00  0.668E-01  0.270E+00  0.530E-01  0.868E+00  0.122E+00  0.648E+00  0.154E+00
   0.650  0.697E+01  0.221E+01  0.153E+01  0.521E+00  0.283E+00  0.133E+00  0.554E+00  0.164E+00  0.302E+01  0.866E+00  0.158E+01  0.529E+00
   0.700  0.510E+01  0.296E+01  0.230E+01  0.325E+00  0.143E+00  0.102E+00  0.214E+00  0.183E+00  0.139E+01  0.165E+01  0.105E+01  0.701E+00
   0.750  0.425E+00  0.407E+00  0.111E+00  0.783E-01  0.239E-01  0.207E-01  0.127E-01  0.297E-01  0.136E+00  0.192E+00  0.142E+00  0.860E-01
   0.800  0.635E-01  0.153E+01  0.387E-02  0.390E+00  0.102E-01  0.916E-01  0.400E-02  0.116E+00  0.180E-01  0.502E+00  0.274E-01  0.431E+00
   0.850  0.943E+00  0.207E+01  0.403E+00  0.789E+00  0.835E-01  0.847E-01  0.386E-01  0.922E-01  0.135E+00  0.573E+00  0.283E+00  0.535E+00
   0.900  0.109E+01  0.818E+01  0.424E+00  0.394E+01  0.102E+00  0.154E+00  0.565E-01  0.199E+00  0.162E+00  0.223E+01  0.343E+00  0.166E+01
   0.950  0.142E+01  0.600E+01  0.471E+00  0.279E+01  0.122E+00  0.174E+00  0.756E-01  0.188E+00  0.260E+00  0.145E+01  0.496E+00  0.139E+01
   1.000  0.104E+01  0.134E+01  0.252E+00  0.541E+00  0.147E+00  0.121E+00  0.926E-01  0.801E-01  0.174E+00  0.214E+00  0.377E+00  0.385E+00
   1.050  0.480E+00  0.153E+01  0.743E-01  0.444E+00  0.493E-01  0.183E+00  0.287E-01  0.120E+00  0.115E+00  0.272E+00  0.212E+00  0.506E+00
   1.100  0.746E+00  0.614E+00  0.890E-01  0.116E+00  0.102E+00  0.624E-01  0.645E-01  0.381E-01  0.167E+00  0.146E+00  0.323E+00  0.252E+00
   1.150  0.720E+00  0.818E+00  0.644E-01  0.102E+00  0.112E+00  0.113E+00  0.769E-01  0.712E-01  0.156E+00  0.182E+00  0.311E+00  0.350E+00
   1.200  0.000E+00  0.909E+00  0.000E+00  0.607E-01  0.000E+00  0.133E+00  0.000E+00  0.841E-01  0.000E+00  0.214E+00  0.000E+00  0.417E+00
   1.250  0.000E+00  0.000E+00  0.000E+00  0.000E+00  0.000E+00  0.000E+00  0.000E+00  0.000E+00  0.000E+00  0.000E+00  0.000E+00  0.000E+00
