700.00000000	0.00561202	0.00049945	0.08899644
701.00000000	0.00755448	0.00066495	0.08802065
702.00000000	0.00765995	0.00067520	0.08814682
703.00000000	0.00830219	0.00072095	0.08683857
704.00000000	0.00890545	0.00075445	0.08471777
705.00000000	0.00920358	0.00076345	0.08295142
706.00000000	0.00942455	0.00077370	0.08209412
707.00000000	0.00999922	0.00081920	0.08192642
708.00000000	0.00996834	0.00081320	0.08157824
709.00000000	0.01014895	0.00081595	0.08039747
710.00000000	0.01036532	0.00083345	0.08040757
711.00000000	0.01122758	0.00090845	0.08091237
712.00000000	0.01122607	0.00090470	0.08058920
713.00000000	0.01022582	0.00080020	0.07825290
714.00000000	0.00956769	0.00073620	0.07694647
715.00000000	0.00882193	0.00067170	0.07613977
716.00000000	0.00722505	0.00054270	0.07511364
717.00000000	0.00312149	0.00022720	0.07278582
718.00000000	-0.00000070	-0.00000005	0.07119832
719.00000000	-0.00221863	-0.00015530	0.06999807
720.00000000	-0.00424840	-0.00029030	0.06833160
721.00000000	-0.00454186	-0.00030955	0.06815497
722.00000000	-0.00558523	-0.00037455	0.06706075
723.00000000	-0.00661328	-0.00043330	0.06551970
724.00000000	-0.00709619	-0.00045780	0.06451347
725.00000000	-0.00684710	-0.00043530	0.06357439
726.00000000	-0.00674075	-0.00042680	0.06331642
727.00000000	-0.00674974	-0.00042355	0.06275057
728.00000000	-0.00760229	-0.00046280	0.06087637
729.00000000	-0.00843743	-0.00050480	0.05982862
730.00000000	-0.01102003	-0.00063205	0.05735467
731.00000000	-0.01142537	-0.00065330	0.05717977
732.00000000	-0.01168554	-0.00066680	0.05706199
733.00000000	-0.01492756	-0.00081930	0.05488505
734.00000000	-0.01666986	-0.00090305	0.05417262
735.00000000	-0.01696560	-0.00091905	0.05417139
736.00000000	-0.01766054	-0.00095055	0.05382340
737.00000000	-0.02042530	-0.00106355	0.05207022
738.00000000	-0.02118569	-0.00109755	0.05180619
739.00000000	-0.02338496	-0.00119180	0.05096437
740.00000000	-0.02547195	-0.00126855	0.04980184
741.00000000	-0.02650826	-0.00130380	0.04918467
742.00000000	-0.02796744	-0.00134480	0.04808450
743.00000000	-0.02841530	-0.00136030	0.04787210
744.00000000	-0.02904532	-0.00137430	0.04731572
745.00000000	-0.02936401	-0.00135405	0.04611257
746.00000000	-0.02888384	-0.00131130	0.04539910
747.00000000	-0.02741330	-0.00120855	0.04408627
748.00000000	-0.02703099	-0.00118680	0.04390517
749.00000000	-0.02721144	-0.00118455	0.04353132
750.00000000	-0.02553750	-0.00108230	0.04238082
751.00000000	-0.02200923	-0.00091055	0.04137127
752.00000000	-0.01800531	-0.00072955	0.04051860
753.00000000	-0.01292956	-0.00051105	0.03952569
754.00000000	-0.00863930	-0.00033330	0.03857952
755.00000000	-0.00588146	-0.00022280	0.03788172
756.00000000	-0.00326160	-0.00012105	0.03711372
757.00000000	-0.00143517	-0.00005205	0.03626747
758.00000000	-0.00122573	-0.00004430	0.03614182
759.00000000	-0.00058151	-0.00002080	0.03576905
760.00000000	0.00057563	0.00002020	0.03509170
761.00000000	0.00168590	0.00005720	0.03392855
762.00000000	0.00239628	0.00007745	0.03232095
763.00000000	0.00247935	0.00007870	0.03174225
764.00000000	0.00251654	0.00007795	0.03097505
765.00000000	0.00255754	0.00007670	0.02998977
766.00000000	0.00248995	0.00007270	0.02919734
767.00000000	0.00243134	0.00006945	0.02856452
768.00000000	0.00233597	0.00006320	0.02705520
769.00000000	0.00222735	0.00005845	0.02624189
770.00000000	0.00211723	0.00005420	0.02559955
771.00000000	0.00175696	0.00004445	0.02529939
772.00000000	0.00168536	0.00004220	0.02503922
773.00000000	0.00157614	0.00003845	0.02439497
774.00000000	0.00159938	0.00003795	0.02372797
775.00000000	0.00161866	0.00003770	0.02329085
776.00000000	0.00147941	0.00003345	0.02261037
777.00000000	0.00152122	0.00003370	0.02215322
778.00000000	0.00142828	0.00003120	0.02184442
779.00000000	0.00120816	0.00002620	0.02168590
780.00000000	0.00095467	0.00002070	0.02168290
781.00000000	0.00068121	0.00001470	0.02157912
782.00000000	0.00064958	0.00001370	0.02109050
783.00000000	0.00061492	0.00001270	0.02065297
784.00000000	0.00044486	0.00000895	0.02011854
785.00000000	0.00044438	0.00000870	0.01957792
786.00000000	0.00046799	0.00000895	0.01912424
787.00000000	0.00046747	0.00000870	0.01861069
788.00000000	0.00053279	0.00000970	0.01820595
789.00000000	0.00053748	0.00000970	0.01804727
790.00000000	0.00043520	0.00000770	0.01769320
791.00000000	0.00026984	0.00000470	0.01741769
792.00000000	0.00015630	0.00000270	0.01727457
793.00000000	-0.00013451	-0.00000230	0.01709875
794.00000000	-0.00010827	-0.00000180	0.01662532
795.00000000	-0.00004975	-0.00000080	0.01607947
796.00000000	-0.00001906	-0.00000030	0.01574344
797.00000000	-0.00013224	-0.00000205	0.01550187
798.00000000	-0.00026225	-0.00000405	0.01544325
799.00000000	-0.00028623	-0.00000430	0.01502269
800.00000000	-0.00049564	-0.00000730	0.01472837
801.00000000	-0.00050794	-0.00000730	0.01437182
802.00000000	-0.00052162	-0.00000730	0.01399494
803.00000000	-0.00059811	-0.00000830	0.01387710
804.00000000	-0.00064235	-0.00000880	0.01369969
805.00000000	-0.00069284	-0.00000930	0.01342309
806.00000000	-0.00063818	-0.00000830	0.01300582
807.00000000	-0.00059704	-0.00000755	0.01264567
808.00000000	-0.00059034	-0.00000730	0.01236572
809.00000000	-0.00060118	-0.00000730	0.01214277
810.00000000	-0.00069497	-0.00000830	0.01194292
811.00000000	-0.00093520	-0.00001105	0.01181562
812.00000000	-0.00095250	-0.00001105	0.01160102
813.00000000	-0.00117898	-0.00001355	0.01149302
814.00000000	-0.00124182	-0.00001405	0.01131400
815.00000000	-0.00120751	-0.00001330	0.01101445
816.00000000	-0.00130390	-0.00001430	0.01096709
817.00000000	-0.00141605	-0.00001530	0.01080469
818.00000000	-0.00134869	-0.00001430	0.01060284
819.00000000	-0.00137154	-0.00001430	0.01042622
820.00000000	-0.00145009	-0.00001505	0.01037867
821.00000000	-0.00167868	-0.00001730	0.01030569
822.00000000	-0.00192326	-0.00001955	0.01016504
823.00000000	-0.00192645	-0.00001930	0.01001844
824.00000000	-0.00224417	-0.00002230	0.00993687
825.00000000	-0.00234474	-0.00002330	0.00993712
826.00000000	-0.00238804	-0.00002330	0.00975697
827.00000000	-0.00229882	-0.00002180	0.00948312
828.00000000	-0.00215273	-0.00002005	0.00931375
829.00000000	-0.00241689	-0.00002230	0.00922674
830.00000000	-0.00240153	-0.00002180	0.00907754
831.00000000	-0.00216566	-0.00001930	0.00891182
832.00000000	-0.00251864	-0.00002230	0.00885397
833.00000000	-0.00258613	-0.00002280	0.00881627
834.00000000	-0.00266044	-0.00002305	0.00866397
835.00000000	-0.00257057	-0.00002180	0.00848059
836.00000000	-0.00260706	-0.00002180	0.00836189
837.00000000	-0.00268559	-0.00002255	0.00839667
838.00000000	-0.00300698	-0.00002530	0.00841375
839.00000000	-0.00308848	-0.00002530	0.00819175
840.00000000	-0.00280948	-0.00002230	0.00793742
841.00000000	-0.00289667	-0.00002230	0.00769850
842.00000000	-0.00279436	-0.00002130	0.00762250
843.00000000	-0.00294002	-0.00002230	0.00758497
844.00000000	-0.00311031	-0.00002330	0.00749122
845.00000000	-0.00314943	-0.00002330	0.00739817
846.00000000	-0.00313838	-0.00002305	0.00734455
847.00000000	-0.00310160	-0.00002255	0.00727045
848.00000000	-0.00316531	-0.00002255	0.00712409
849.00000000	-0.00329883	-0.00002305	0.00698732
850.00000000	-0.00335300	-0.00002305	0.00687445
851.00000000	-0.00329747	-0.00002230	0.00676277
852.00000000	-0.00291045	-0.00001930	0.00663127
853.00000000	-0.00275278	-0.00001780	0.00646620
854.00000000	-0.00240855	-0.00001530	0.00635237
855.00000000	-0.00243071	-0.00001530	0.00629445
856.00000000	-0.00275387	-0.00001730	0.00628207
857.00000000	-0.00308140	-0.00001930	0.00626340
858.00000000	-0.00313535	-0.00001930	0.00615562
859.00000000	-0.00285758	-0.00001680	0.00587909
860.00000000	-0.00267334	-0.00001530	0.00572317
861.00000000	-0.00267079	-0.00001505	0.00563504
862.00000000	-0.00262419	-0.00001455	0.00554457
863.00000000	-0.00256543	-0.00001405	0.00547667
864.00000000	-0.00281315	-0.00001530	0.00543875
865.00000000	-0.00285689	-0.00001530	0.00535547
866.00000000	-0.00253965	-0.00001330	0.00523695
867.00000000	-0.00264428	-0.00001355	0.00512427
868.00000000	-0.00281050	-0.00001430	0.00508807
869.00000000	-0.00305042	-0.00001530	0.00501569
870.00000000	-0.00309087	-0.00001530	0.00495007
871.00000000	-0.00317931	-0.00001530	0.00481237
872.00000000	-0.00309011	-0.00001455	0.00470857
873.00000000	-0.00288912	-0.00001330	0.00460347
874.00000000	-0.00266450	-0.00001180	0.00442859
875.00000000	-0.00236594	-0.00001030	0.00435345
876.00000000	-0.00218564	-0.00000930	0.00425505
877.00000000	-0.00221079	-0.00000930	0.00420665
878.00000000	-0.00223291	-0.00000930	0.00416497
879.00000000	-0.00213873	-0.00000855	0.00399770
880.00000000	-0.00205007	-0.00000805	0.00392670
881.00000000	-0.00189694	-0.00000730	0.00384829
882.00000000	-0.00152848	-0.00000580	0.00379462
883.00000000	-0.00193920	-0.00000730	0.00376445
884.00000000	-0.00204261	-0.00000755	0.00369624
885.00000000	-0.00199744	-0.00000730	0.00365467
886.00000000	-0.00209030	-0.00000755	0.00361192
887.00000000	-0.00204138	-0.00000730	0.00357602
888.00000000	-0.00188953	-0.00000655	0.00346647
889.00000000	-0.00222558	-0.00000755	0.00339237
890.00000000	-0.00247079	-0.00000830	0.00335925
891.00000000	-0.00274561	-0.00000905	0.00329617
892.00000000	-0.00263639	-0.00000855	0.00324307
893.00000000	-0.00252605	-0.00000805	0.00318680
894.00000000	-0.00185456	-0.00000580	0.00312742
895.00000000	-0.00188414	-0.00000580	0.00307832
896.00000000	-0.00143736	-0.00000430	0.00299160
897.00000000	-0.00139630	-0.00000405	0.00290052
898.00000000	-0.00142393	-0.00000405	0.00284425
899.00000000	-0.00127928	-0.00000355	0.00277500
900.00000000	-0.00157491	-0.00000430	0.00273032
