  # energy grid [eV]     epsr     epsi
       0.001000      -0.127430       0.000011
       0.017693      -0.120182      -0.000065
       0.034386      -0.120191      -0.000142
       0.051078      -0.120231      -0.000218
       0.067771      -0.120290      -0.000295
       0.084464      -0.120367      -0.000372
       0.101157      -0.120461      -0.000450
       0.117850      -0.120572      -0.000528
       0.134543      -0.120701      -0.000606
       0.151235      -0.120847      -0.000685
       0.167928      -0.121011      -0.000765
       0.184621      -0.121193      -0.000845
       0.201314      -0.121392      -0.000926
       0.218007      -0.121609      -0.001008
       0.234699      -0.121845      -0.001091
       0.251392      -0.122099      -0.001175
       0.268085      -0.122372      -0.001260
       0.284778      -0.122663      -0.001346
       0.301471      -0.122974      -0.001434
       0.318164      -0.123305      -0.001523
       0.334856      -0.123655      -0.001614
       0.351549      -0.124025      -0.001706
       0.368242      -0.124416      -0.001799
       0.384935      -0.124828      -0.001895
       0.401628      -0.125261      -0.001993
       0.418321      -0.125716      -0.002092
       0.435013      -0.126194      -0.002194
       0.451706      -0.126694      -0.002298
       0.468399      -0.127217      -0.002405
       0.485092      -0.127764      -0.002514
       0.501785      -0.128335      -0.002626
       0.518477      -0.128932      -0.002741
       0.535170      -0.129554      -0.002859
       0.551863      -0.130202      -0.002980
       0.568556      -0.130877      -0.003104
       0.585249      -0.131580      -0.003232
       0.601942      -0.132312      -0.003364
       0.618634      -0.133074      -0.003500
       0.635327      -0.133865      -0.003640
       0.652020      -0.134688      -0.003785
       0.668713      -0.135544      -0.003935
       0.685406      -0.136433      -0.004089
       0.702098      -0.137356      -0.004249
       0.718791      -0.138315      -0.004415
       0.735484      -0.139311      -0.004586
       0.752177      -0.140346      -0.004764
       0.768870      -0.141420      -0.004949
       0.785563      -0.142535      -0.005140
       0.802255      -0.143694      -0.005340
       0.818948      -0.144896      -0.005547
       0.835641      -0.146145      -0.005762
       0.852334      -0.147443      -0.005987
       0.869027      -0.148790      -0.006221
       0.885720      -0.150190      -0.006466
       0.902412      -0.151644      -0.006721
       0.919105      -0.153156      -0.006988
       0.935798      -0.154727      -0.007267
       0.952491      -0.156360      -0.007559
       0.969184      -0.158058      -0.007865
       0.985876      -0.159825      -0.008186
       1.002569      -0.161663      -0.008524
       1.019262      -0.163577      -0.008878
       1.035955      -0.165569      -0.009251
       1.052648      -0.167645      -0.009643
       1.069341      -0.169808      -0.010057
       1.086033      -0.172063      -0.010493
       1.102726      -0.174415      -0.010953
       1.119419      -0.176870      -0.011441
       1.136112      -0.179432      -0.011956
       1.152805      -0.182110      -0.012502
       1.169497      -0.184908      -0.013082
       1.186190      -0.187835      -0.013697
       1.202883      -0.190899      -0.014351
       1.219576      -0.194107      -0.015048
       1.236269      -0.197470      -0.015791
       1.252962      -0.200996      -0.016585
       1.269654      -0.204698      -0.017433
       1.286347      -0.208588      -0.018341
       1.303040      -0.212677      -0.019315
       1.319733      -0.216980      -0.020361
       1.336426      -0.221514      -0.021487
       1.353119      -0.226294      -0.022701
       1.369811      -0.231340      -0.024011
       1.386504      -0.236672      -0.025429
       1.403197      -0.242313      -0.026966
       1.419890      -0.248289      -0.028636
       1.436583      -0.254627      -0.030453
       1.453275      -0.261358      -0.032437
       1.469968      -0.268518      -0.034608
       1.486661      -0.276143      -0.036988
       1.503354      -0.284278      -0.039606
       1.520047      -0.292971      -0.042494
       1.536740      -0.302276      -0.045689
       1.553432      -0.312255      -0.049236
       1.570125      -0.322977      -0.053187
       1.586818      -0.334520      -0.057605
       1.603511      -0.346974      -0.062564
       1.620204      -0.360442      -0.068155
       1.636896      -0.375038      -0.074488
       1.653589      -0.390897      -0.081697
       1.670282      -0.408171      -0.089947
       1.686975      -0.427035      -0.099444
       1.703668      -0.447691      -0.110446
       1.720361      -0.470367      -0.123281
       1.737053      -0.495325      -0.138369
       1.753746      -0.522858      -0.156256
       1.770439      -0.553284      -0.177660
       1.787132      -0.586926      -0.203538
       1.803825      -0.624062      -0.235164
       1.820518      -0.664854      -0.274223
       1.837210      -0.709244      -0.322938
       1.853903      -0.756749      -0.384291
       1.870596      -0.805994      -0.462314
       1.887289      -0.853746      -0.562240
       1.903982      -0.893357      -0.690072
       1.920674      -0.912692      -0.850782
       1.937367      -0.892603      -1.043674
       1.954060      -0.809988      -1.254290
       1.970753      -0.651122      -1.449034
       1.987446      -0.429620      -1.586674
       2.004139      -0.185208      -1.645426
       2.020831       0.042287      -1.635057
       2.037524       0.232973      -1.582102
       2.054217       0.386617      -1.512061
       2.070910       0.514732      -1.439717
       2.087603       0.628345      -1.366544
       2.104295       0.729863      -1.291012
       2.120988       0.821664      -1.216821
       2.137681       0.912472      -1.143407
       2.154374       1.005049      -1.059738
       2.171067       1.087135      -0.959185
       2.187760       1.146710      -0.853587
       2.204452       1.191229      -0.761027
       2.221145       1.242310      -0.683555
       2.237838       1.314793      -0.603066
       2.254531       1.404234      -0.495291
       2.271224       1.490004      -0.345303
       2.287917       1.546457      -0.154347
       2.304609       1.553274       0.062615
       2.321302       1.499484       0.282757
       2.337995       1.385637       0.478063
       2.354688       1.230336       0.621770
       2.371381       1.067340       0.705857
       2.388073       0.922931       0.747201
       2.404766       0.801550       0.768803
       2.421459       0.694655       0.782885
       2.438152       0.594703       0.789618
       2.454845       0.502531       0.786491
       2.471538       0.421192       0.777322
       2.488230       0.347769       0.767599
       2.504923       0.276867       0.757764
       2.521616       0.205563       0.745096
       2.538309       0.132962       0.726449
       2.555002       0.059316       0.697897
       2.571694      -0.011956       0.653781
       2.588387      -0.070548       0.590913
       2.605080      -0.103913       0.516582
       2.621773      -0.108482       0.446576
       2.638466      -0.092363       0.394001
       2.655159      -0.067433       0.362803
       2.671851      -0.042119       0.351566
       2.688544      -0.023167       0.359122
       2.705237      -0.020072       0.381974
       2.721930      -0.041244       0.408508
       2.738623      -0.085192       0.421079
       2.755316      -0.136694       0.406217
       2.772008      -0.173947       0.365826
       2.788701      -0.183824       0.317080
       2.805394      -0.169107       0.279396
       2.822087      -0.142620       0.263906
       2.838780      -0.119215       0.271815
       2.855472      -0.110334       0.296183
       2.872165      -0.120144       0.326798
       2.888858      -0.148029       0.356147
       2.905551      -0.193661       0.378172
       2.922244      -0.255315       0.384169
       2.938937      -0.324818       0.364549
       2.955629      -0.386730       0.315747
       2.972322      -0.425194       0.245958
       2.989015      -0.433794       0.171792
       3.005708      -0.417546       0.108350
       3.022401      -0.387230       0.063509
       3.039093      -0.353835       0.038038
       3.055786      -0.325392       0.027959
       3.072479      -0.306081       0.027512
       3.089172      -0.297135       0.031003
       3.105865      -0.297332       0.033445
       3.122558      -0.303703       0.032026
       3.139250      -0.314150       0.026036
       3.155943      -0.327648       0.013917
       3.172636      -0.340929      -0.006830
       3.189329      -0.348024      -0.035523
       3.206022      -0.344991      -0.066451
       3.222715      -0.333741      -0.093004
       3.239407      -0.320066      -0.112958
       3.256100      -0.308211      -0.129630
       3.272793      -0.296686      -0.147755
       3.289486      -0.279925      -0.167163
       3.306179      -0.255335      -0.181240
       3.322871      -0.228174      -0.182833
       3.339564      -0.208893      -0.171560
       3.356257      -0.205653      -0.155860
       3.372950      -0.217970      -0.148408
       3.389643      -0.236073      -0.158134
       3.406336      -0.246618      -0.184469
       3.423028      -0.240724      -0.217835
       3.439721      -0.218818      -0.246008
       3.456414      -0.188645      -0.261472
       3.473107      -0.159299      -0.263666
       3.489800      -0.137320      -0.256961
       3.506492      -0.124836      -0.248171
       3.523185      -0.119031      -0.242972
       3.539878      -0.114960      -0.242817
       3.556571      -0.109398      -0.245754
       3.573264      -0.101574      -0.249239
       3.589957      -0.092287      -0.250894
       3.606649      -0.084728      -0.249409
       3.623342      -0.082730      -0.247824
       3.640035      -0.085178      -0.252168
       3.656728      -0.086023      -0.264750
       3.673421      -0.080406      -0.282588
       3.690114      -0.067111      -0.301662
       3.706806      -0.046468      -0.318951
       3.723499      -0.019703      -0.331917
       3.740192       0.011358      -0.339384
       3.756885       0.046434      -0.340699
       3.773578       0.085295      -0.332213
       3.790270       0.122197      -0.309115
       3.806963       0.146802      -0.273370
       3.823656       0.153345      -0.235398
       3.840349       0.145693      -0.206274
       3.857042       0.133523      -0.190362
       3.873735       0.125178      -0.184267
       3.890427       0.123070      -0.181281
       3.907120       0.124474      -0.177053
       3.923813       0.126136      -0.171626
       3.940506       0.127543      -0.166850
       3.957199       0.130309      -0.163140
       3.973891       0.135533      -0.158483
       3.990584       0.141428      -0.150198
       4.007277       0.143803      -0.138508
       4.023970       0.140294      -0.127802
       4.040663       0.133487      -0.122795
       4.057356       0.128683      -0.124172
       4.074048       0.129600      -0.128442
       4.090741       0.135973      -0.130789
       4.107434       0.144173      -0.128710
       4.124127       0.150670      -0.123470
       4.140820       0.154625      -0.117910
       4.157513       0.157264      -0.113823
       4.174205       0.159894      -0.111537
       4.190898       0.163244      -0.111346
       4.207591       0.168924      -0.113979
       4.224284       0.180033      -0.118684
       4.240977       0.199071      -0.121725
       4.257669       0.225106      -0.117754
       4.274362       0.253694      -0.103446
       4.291055       0.280124      -0.078916
       4.307748       0.301151      -0.045783
       4.324441       0.314312      -0.006251
       4.341134       0.318250       0.036633
       4.357826       0.313282       0.080179
       4.374519       0.299894       0.123020
       4.391212       0.277651       0.163536
       4.407905       0.246969       0.198696
       4.424598       0.210586       0.226032
       4.441290       0.171806       0.245644
       4.457983       0.132053       0.259290
       4.474676       0.090512       0.267874
       4.491369       0.046235       0.269816
       4.508062       0.000586       0.262201
       4.524755      -0.042388       0.243240
       4.541447      -0.077479       0.214322
       4.558140      -0.101409       0.180139
       4.574833      -0.114559       0.145827
       4.591526      -0.119452       0.114495
       4.608219      -0.118651       0.087242
       4.624912      -0.113999       0.064242
       4.641604      -0.106825       0.045476
       4.658297      -0.098364       0.030865
       4.674990      -0.089890       0.019947
       4.691683      -0.082278       0.011723
       4.708376      -0.075673       0.005113
       4.725068      -0.069721      -0.000559
       4.741761      -0.063993      -0.005473
       4.758454      -0.058285      -0.009473
       4.775147      -0.052714      -0.012363
       4.791840      -0.047593      -0.014142
       4.808533      -0.043195      -0.015054
       4.825225      -0.039589      -0.015450
       4.841918      -0.036667      -0.015610
       4.858611      -0.034252      -0.015677
       4.875304      -0.032194      -0.015680
       4.891997      -0.030403      -0.015602
       4.908689      -0.028826      -0.015412
       4.925382      -0.027434      -0.015049
       4.942075      -0.026293      -0.014422
       4.958768      -0.025589      -0.013555
       4.975461      -0.025432      -0.012664
       4.992154      -0.025723      -0.011978
       5.008846      -0.026266      -0.011571
       5.025539      -0.026918      -0.011400
       5.042232      -0.027599      -0.011391
       5.058925      -0.028277      -0.011442
       5.075618      -0.029009      -0.011440
       5.092311      -0.029954      -0.011368
       5.109003      -0.031233      -0.011374
       5.125696      -0.032798      -0.011654
       5.142389      -0.034486      -0.012297
       5.159082      -0.036153      -0.013269
       5.175775      -0.037730      -0.014492
       5.192467      -0.039197      -0.015901
       5.209160      -0.040559      -0.017441
       5.225853      -0.041847      -0.019075
       5.242546      -0.043114      -0.020807
       5.259239      -0.044392      -0.022712
       5.275932      -0.045602      -0.024884
       5.292624      -0.046581      -0.027289
       5.309317      -0.047293      -0.029745
       5.326010      -0.047905      -0.032143
       5.342703      -0.048628      -0.034619
       5.359396      -0.049474      -0.037517
       5.376088      -0.050111      -0.041174
       5.392781      -0.049928      -0.045660
       5.409474      -0.048213      -0.050611
       5.426167      -0.044434      -0.055091
       5.442860      -0.038798      -0.057696
       5.459553      -0.032581      -0.057356
       5.476245      -0.027469      -0.054136
       5.492938      -0.024540      -0.048966
       5.509631      -0.024185      -0.042802
       5.526324      -0.026590      -0.036457
       5.543017      -0.031688      -0.030828
       5.559710      -0.038961      -0.026504
       5.576402      -0.048145      -0.023295
       5.593095      -0.060303      -0.021078
       5.609788      -0.077355      -0.021780
       5.626481      -0.099272      -0.030217
       5.643174      -0.120990      -0.051379
       5.659866      -0.133404      -0.085075
       5.676559      -0.129505      -0.123803
       5.693252      -0.109581      -0.157228
       5.709945      -0.080243      -0.178605
       5.726638      -0.049412      -0.187236
       5.743331      -0.022290      -0.186538
       5.760023      -0.000484      -0.180701
       5.776716       0.016505      -0.172723
       5.793409       0.029984      -0.164320
       5.810102       0.041396      -0.155844
       5.826795       0.051186      -0.146721
       5.843487       0.058735      -0.137010
       5.860180       0.063952      -0.127874
       5.876873       0.068059      -0.120078
       5.893566       0.072243      -0.112883
       5.910259       0.076229      -0.105113
       5.926952       0.078947      -0.096789
       5.943644       0.080150      -0.088891
       5.960337       0.080573      -0.081975
       5.977030       0.080899      -0.075677
       5.993723       0.080996      -0.069402
       6.010416       0.080325      -0.063245
       6.027109       0.078892      -0.057830
       6.043801       0.077325      -0.053465
       6.060494       0.076284      -0.049831
       6.077187       0.076012      -0.046197
       6.093880       0.076099      -0.041818
       6.110573       0.075637      -0.036548
       6.127265       0.073980      -0.031045
       6.143958       0.071271      -0.026144
       6.160651       0.068157      -0.022201
       6.177344       0.065238      -0.018982
       6.194037       0.062688      -0.015922
       6.210730       0.060132      -0.012571
       6.227422       0.056981      -0.009029
       6.244115       0.052996      -0.005866
       6.260808       0.048488      -0.003621
       6.277501       0.044058      -0.002408
       6.294194       0.040141      -0.001880
       6.310886       0.036741      -0.001609
       6.327579       0.033673      -0.001458
       6.344272       0.030939      -0.001448
       6.360965       0.028666      -0.001437
       6.377658       0.026837      -0.001095
       6.394351       0.025146      -0.000103
       6.411043       0.023074       0.001571
       6.427736       0.020221       0.003585
       6.444429       0.016529       0.005505
       6.461122       0.012110       0.007051
       6.477815       0.007094       0.008009
       6.494508       0.001696       0.008188
       6.511200      -0.003749       0.007524
       6.527893      -0.008896       0.006183
       6.544586      -0.013550       0.004590
       6.561279      -0.017937       0.003328
       6.577972      -0.022859       0.002670
       6.594664      -0.029257       0.002041
       6.611357      -0.037349       0.000103
       6.628050      -0.046113      -0.004345
       6.644743      -0.053838      -0.011224
       6.661436      -0.059641      -0.019079
       6.678129      -0.064249      -0.026532
       6.694821      -0.069038      -0.033495
       6.711514      -0.074835      -0.040897
       6.728207      -0.081658      -0.049919
       6.744900      -0.088905      -0.061625
       6.761593      -0.095442      -0.076812
       6.778285      -0.099618      -0.095816
       6.794978      -0.099308      -0.118041
       6.811671      -0.092735      -0.141309
       6.828364      -0.080029      -0.162519
       6.845057      -0.063155      -0.179725
       6.861750      -0.044009      -0.192641
       6.878442      -0.023763      -0.201350
       6.895135      -0.003658      -0.205939
       6.911828       0.015066      -0.207186
       6.928521       0.031948      -0.206216
       6.945214       0.046833      -0.203799
       6.961907       0.059503      -0.200998
       6.978599       0.070644      -0.199252
       6.995292       0.082008      -0.199113
       7.011985       0.095181      -0.199648
       7.028678       0.110497      -0.199231
       7.045371       0.127231      -0.196856
       7.062063       0.144864      -0.192320
       7.078756       0.163268      -0.185030
       7.095449       0.181363      -0.174044
       7.112142       0.197262      -0.159713
       7.128835       0.210128      -0.143802
       7.145528       0.220865      -0.127732
       7.162220       0.230787      -0.111288
       7.178913       0.240003      -0.093346
       7.195606       0.247550      -0.073448
       7.212299       0.252716      -0.052107
       7.228992       0.255626      -0.029690
       7.245684       0.256150      -0.005528
       7.262377       0.252473       0.020955
       7.279070       0.241893       0.048079
       7.295763       0.223602       0.071646
       7.312456       0.200569       0.087692
       7.329149       0.177728       0.095951
       7.345841       0.157699       0.099585
       7.362534       0.139562       0.101138
       7.379227       0.121889       0.100401
       7.395920       0.105090       0.096133
       7.412613       0.090970       0.088143
       7.429306       0.081146       0.077933
       7.445998       0.075634       0.067764
       7.462691       0.073034       0.058925
       7.479384       0.072123       0.051227
       7.496077       0.072737       0.044146
       7.512770       0.075173       0.037625
       7.529462       0.079902       0.031911
       7.546155       0.087576       0.028052
       7.562848       0.097773       0.028139
       7.579541       0.108195       0.033699
       7.596234       0.115961       0.044359
       7.612927       0.118952       0.058296
       7.629619       0.116152       0.072868
       7.646312       0.108117       0.085017
       7.663005       0.097376       0.092497
       7.679698       0.087407       0.095434
       7.696391       0.080313       0.096467
       7.713083       0.075189       0.098510
       7.729776       0.069483       0.102020
       7.746469       0.062094       0.105197
       7.763162       0.054146       0.106763
       7.779855       0.046882       0.107337
       7.796548       0.040031       0.108118
       7.813240       0.032291       0.109201
       7.829933       0.022851       0.109148
       7.846626       0.012788       0.106018
       7.863319       0.005026       0.099588
       7.880012       0.001756       0.092715
       7.896705       0.001651       0.089172
       7.913397       0.000848       0.090002
       7.930090      -0.003475       0.092980
       7.946783      -0.011410       0.095304
       7.963476      -0.021872       0.095624
       7.980169      -0.034265       0.093204
       7.996861      -0.047676       0.086753
       8.013554      -0.059816       0.075629
       8.030247      -0.068504       0.061192
       8.046940      -0.073345       0.045527
       8.063633      -0.075072       0.029772
       8.080326      -0.074269       0.014102
       8.097018      -0.070896      -0.001580
       8.113711      -0.064454      -0.016984
       8.130404      -0.054590      -0.031297
       8.147097      -0.041177      -0.043545
       8.163790      -0.024247      -0.052185
       8.180482      -0.005200      -0.055083
       8.197175       0.012696      -0.051431
       8.213868       0.026373      -0.043177
       8.230561       0.035246      -0.033509
       8.247254       0.040704      -0.024378
       8.263947       0.044161      -0.016046
       8.280639       0.046105      -0.008169
       8.297332       0.046408      -0.000763
       8.314025       0.045072       0.005607
       8.330718       0.042706       0.010281
       8.347411       0.040415       0.013173
       8.364104       0.039099       0.015062
       8.380796       0.038801       0.017125
       8.397489       0.038690       0.020164
       8.414182       0.037589       0.024066
       8.430875       0.034779       0.027806
       8.447568       0.030549       0.030079
       8.464260       0.026099       0.030121
       8.480953       0.022879       0.028223
       8.497646       0.021752       0.025566
       8.514339       0.022624       0.023536
       8.531032       0.024614       0.023116
       8.547725       0.026469       0.024523
       8.564417       0.027136       0.027136
       8.581110       0.026265       0.029839
       8.597803       0.024407       0.031645
       8.614496       0.022612       0.032413
       8.631189       0.021452       0.032893
       8.647881       0.020554       0.033791
       8.664574       0.019235       0.035057
       8.681267       0.017280       0.036141
       8.697960       0.014993       0.036686
       8.714653       0.012617       0.036752
       8.731346       0.010099       0.036287
       8.748038       0.007649       0.034922
       8.764731       0.005953       0.032617
       8.781424       0.005541       0.029948
       8.798117       0.006418       0.027625
       8.814810       0.008319       0.026173
       8.831503       0.010856       0.026036
       8.848195       0.013376       0.027574
       8.864888       0.014927       0.030777
       8.881581       0.014566       0.035003
       8.898274       0.011831       0.039021
       8.914967       0.007144       0.041428
       8.931659       0.001785       0.041350
       8.948352      -0.002694       0.038912
       8.965045      -0.005179       0.035168
       8.981738      -0.005511       0.031586
       8.998431      -0.004473       0.029265
       9.015124      -0.003210       0.028474
       9.031816      -0.002597       0.028748
       9.048509      -0.002918       0.029340
       9.065202      -0.003978       0.029693
       9.081895      -0.005477       0.029570
       9.098588      -0.007191       0.028838
       9.115280      -0.008815       0.027358
       9.131973      -0.009883       0.025196
       9.148666      -0.010034       0.022761
       9.165359      -0.009250       0.020633
       9.182052      -0.007909       0.019297
       9.198745      -0.006663       0.018843
       9.215437      -0.006010       0.018805
       9.232130      -0.005814       0.018549
       9.248823      -0.005520       0.017946
       9.265516      -0.004855       0.017419
       9.282209      -0.004133       0.017353
       9.298902      -0.003894       0.017574
       9.315594      -0.004241       0.017409
       9.332287      -0.004570       0.016342
       9.348980      -0.004049       0.014560
       9.365673      -0.002248       0.012792
       9.382366       0.000705       0.011815
       9.399058       0.004330       0.012166
       9.415751       0.007971       0.014093
       9.432444       0.010944       0.017491
       9.449137       0.012750       0.021961
       9.465830       0.013162       0.027021
       9.482523       0.012152       0.032245
       9.499215       0.009770       0.037362
       9.515908       0.005893       0.042157
       9.532601       0.000302       0.046052
       9.549294      -0.006698       0.048081
       9.565987      -0.014006       0.047622
       9.582679      -0.020330       0.045011
       9.599372      -0.025041       0.041318
       9.616065      -0.028432       0.037539
       9.632758      -0.031249       0.033977
       9.649451      -0.033997       0.030233
       9.666144      -0.036501       0.025692
       9.682836      -0.038003       0.020171
       9.699529      -0.037738       0.014280
       9.716222      -0.035653       0.009165
       9.732915      -0.032614       0.005694
       9.749608      -0.029799       0.003839
       9.766301      -0.027962       0.002859
       9.782993      -0.027193       0.001811
       9.799686      -0.027007      -0.000018
       9.816379      -0.026659      -0.002866
       9.833072      -0.025461      -0.006531
       9.849765      -0.022932      -0.010483
       9.866457      -0.018982      -0.014003
       9.883150      -0.013922      -0.016519
       9.899843      -0.008155      -0.017740
       9.916536      -0.002115      -0.017437
       9.933229       0.003573      -0.015608
       9.949922       0.008452      -0.012691
       9.966614       0.012574      -0.009135
       9.983307       0.016153      -0.004925
      10.000000       0.018950       0.000225
