       0.167928       3.481020       0.006765
       0.184621       3.482596       0.007452
       0.201314       3.484325       0.008143
       0.218007       3.486208       0.008838
       0.234699       3.488245       0.009539
       0.251392       3.490438       0.010245
       0.268085       3.492788       0.010957
       0.284778       3.495297       0.011676
       0.301471       3.497966       0.012401
       0.318164       3.500796       0.013133
       0.334856       3.503789       0.013873
       0.351549       3.506948       0.014621
       0.368242       3.510273       0.015378
       0.384935       3.513766       0.016145
       0.401628       3.517431       0.016921
       0.418321       3.521268       0.017707
       0.435013       3.525281       0.018504
       0.451706       3.529471       0.019313
       0.468399       3.533842       0.020133
       0.485092       3.538396       0.020967
       0.501785       3.543136       0.021814
       0.518477       3.548065       0.022675
       0.535170       3.553186       0.023551
       0.551863       3.558503       0.024443
       0.568556       3.564019       0.025351
       0.585249       3.569737       0.026276
       0.601942       3.575662       0.027220
       0.618634       3.581798       0.028182
       0.635327       3.588149       0.029164
       0.652020       3.594719       0.030168
       0.668713       3.601513       0.031193
       0.685406       3.608536       0.032241
       0.702098       3.615794       0.033314
       0.718791       3.623291       0.034412
       0.735484       3.631034       0.035537
       0.752177       3.639028       0.036690
       0.768870       3.647279       0.037873
       0.785563       3.655795       0.039086
       0.802255       3.664582       0.040333
       0.818948       3.673648       0.041614
       0.835641       3.683000       0.042931
       0.852334       3.692647       0.044286
       0.869027       3.702596       0.045681
       0.885720       3.712857       0.047118
       0.902412       3.723439       0.048600
       0.919105       3.734353       0.050129
       0.935798       3.745608       0.051708
       0.952491       3.757216       0.053339
       0.969184       3.769188       0.055026
       0.985876       3.781538       0.056772
       1.002569       3.794277       0.058580
       1.019262       3.807420       0.060453
       1.035955       3.820982       0.062397
       1.052648       3.834978       0.064414
       1.069341       3.849424       0.066511
       1.086033       3.864338       0.068691
       1.102726       3.879738       0.070961
       1.119419       3.895645       0.073325
       1.136112       3.912080       0.075791
       1.152805       3.929064       0.078366
       1.169497       3.946622       0.081056
       1.186190       3.964780       0.083871
       1.202883       3.983564       0.086818
       1.219576       4.003005       0.089909
       1.236269       4.023133       0.093153
       1.252962       4.043982       0.096562
       1.269654       4.065589       0.100150
       1.286347       4.087993       0.103931
       1.303040       4.111236       0.107921
       1.319733       4.135363       0.112137
       1.336426       4.160424       0.116599
       1.353119       4.186473       0.121329
       1.369811       4.213566       0.126352
       1.386504       4.241768       0.131694
       1.403197       4.271147       0.137386
       1.419890       4.301779       0.143464
       1.436583       4.333745       0.149965
       1.453275       4.367136       0.156936
       1.469968       4.402052       0.164427
       1.486661       4.438601       0.172496
       1.503354       4.476905       0.181210
       1.520047       4.517098       0.190646
       1.536740       4.559329       0.200893
       1.553432       4.603764       0.212057
       1.570125       4.650588       0.224259
       1.586818       4.700009       0.237645
       1.603511       4.752260       0.252383
       1.620204       4.807604       0.268680
       1.636896       4.866339       0.286779
       1.653589       4.928800       0.306979
       1.670282       4.995370       0.329640
       1.686975       5.066482       0.355210
       1.703668       5.142629       0.384241
       1.720361       5.224368       0.417427
       1.737053       5.312331       0.455648
       1.753746       5.407223       0.500029
       1.770439       5.509818       0.552027
       1.787132       5.620942       0.613547
       1.803825       5.741415       0.687114
       1.820518       5.871947       0.776100
       1.837210       6.012899       0.885055
       1.853903       6.163814       1.020118
       1.870596       6.322526       1.189475
       1.887289       6.483505       1.403647
       1.903982       6.635042       1.674904
       1.920674       6.755270       2.014184
       1.937367       6.809138       2.422701
       1.954060       6.753696       2.877404
       1.970753       6.561439       3.321405
       1.987446       6.251231       3.683957
       2.004139       5.885381       3.926254
       2.020831       5.526170       4.059709
       2.037524       5.205865       4.121338
       2.054217       4.927331       4.148545
       2.070910       4.672333       4.163232
       2.087603       4.421254       4.161909
       2.104295       4.173703       4.129988
       2.120988       3.942066       4.063572
       2.137681       3.734506       3.968447
       2.154374       3.554222       3.848313
       2.171067       3.409502       3.704747
       2.187760       3.313280       3.549418
       2.204452       3.267893       3.406158
       2.221145       3.256916       3.295736
       2.237838       3.255432       3.220966
       2.254531       3.247858       3.168408
       2.271224       3.235010       3.123271
       2.287917       3.226274       3.082140
       2.304609       3.225867       3.053021
       2.321302       3.226718       3.044979
       2.337995       3.214416       3.059251
       2.354688       3.174578       3.086005
       2.371381       3.100686       3.106194
       2.388073       2.999010       3.098162
       2.404766       2.889086       3.045990
       2.421459       2.798716       2.948329
       2.438152       2.752031       2.822112
       2.454845       2.757837       2.696253
       2.471538       2.804345       2.599075
       2.488230       2.864303       2.542876
       2.504923       2.912965       2.517897
       2.521616       2.942076       2.504891
       2.538309       2.955393       2.489747
       2.555002       2.959205       2.463756
       2.571694       2.962760       2.419694
       2.588387       2.980652       2.355521
       2.605080       3.028022       2.279193
       2.621773       3.113321       2.207129
       2.638466       3.234506       2.158530
       2.655159       3.379010       2.148577
       2.671851       3.528612       2.182411
       2.688544       3.667374       2.254594
       2.705237       3.786875       2.353628
       2.721930       3.887997       2.467572
       2.738623       3.979918       2.590990
       2.755316       4.072333       2.731349
       2.772008       4.162478       2.905800
       2.788701       4.229989       3.125909
       2.805394       4.248366       3.384376
       2.822087       4.201514       3.657866
       2.838780       4.090020       3.919666
       2.855472       3.927603       4.150810
       2.872165       3.730883       4.346155
       2.888858       3.506802       4.508480
       2.905551       3.253977       4.632549
       2.922244       2.980843       4.702797
       2.938937       2.711634       4.713102
       2.955629       2.467269       4.676903
       2.972322       2.251984       4.612232
       2.989015       2.062222       4.527875
       3.005708       1.898090       4.427438
       3.022401       1.760950       4.317425
       3.039093       1.647906       4.204117
       3.055786       1.555724       4.089348
       3.072479       1.484937       3.973543
       3.089172       1.439663       3.860998
       3.105865       1.420372       3.763808
       3.122558       1.415820       3.693897
       3.139250       1.408244       3.652742
       3.155943       1.381575       3.630037
       3.172636       1.330264       3.604594
       3.189329       1.268849       3.557496
       3.206022       1.220032       3.490680
       3.222715       1.192786       3.420660
       3.239407       1.182430       3.360194
       3.256100       1.180912       3.315445
       3.272793       1.177827       3.287886
       3.289486       1.163637       3.269970
       3.306179       1.140469       3.248734
       3.322871       1.122267       3.221979
       3.339564       1.116040       3.204588
       3.356257       1.109034       3.211272
       3.372950       1.080267       3.239287
       3.389643       1.017825       3.271960
       3.406336       0.921770       3.290715
       3.423028       0.800354       3.279267
       3.439721       0.670104       3.226282
       3.456414       0.552233       3.131759
       3.473107       0.462810       3.007498
       3.489800       0.407507       2.868874
       3.506492       0.385231       2.727955
       3.523185       0.393430       2.593485
       3.539878       0.428959       2.474433
       3.556571       0.484166       2.380656
       3.573264       0.544462       2.317497
       3.589957       0.593345       2.278776
       3.606649       0.624385       2.247879
       3.623342       0.646286       2.211754
       3.640035       0.671306       2.171165
       3.656728       0.703018       2.134614
       3.673421       0.736742       2.107309
       3.690114       0.767756       2.088136
       3.706806       0.795239       2.075215
       3.723499       0.818234       2.069751
       3.740192       0.830806       2.072691
       3.756885       0.823956       2.076713
       3.773578       0.798056       2.064290
       3.790270       0.771325       2.023184
       3.806963       0.765126       1.962186
       3.823656       0.783464       1.901442
       3.840349       0.815609       1.851873
       3.857042       0.852384       1.812106
       3.873735       0.891341       1.778430
       3.890427       0.932582       1.748560
       3.907120       0.978143       1.721124
       3.923813       1.031428       1.697906
       3.940506       1.093697       1.684626
       3.957199       1.160266       1.688285
       3.973891       1.220132       1.710181
       3.990584       1.264407       1.740899
       4.007277       1.296105       1.767233
       4.023970       1.327362       1.784839
       4.040663       1.367208       1.800441
       4.057356       1.415712       1.822885
       4.074048       1.468775       1.856215
       4.090741       1.523898       1.901373
       4.107434       1.579883       1.959929
       4.124127       1.635136       2.033922
       4.140820       1.688448       2.126178
       4.157513       1.736834       2.242323
       4.174205       1.772550       2.387978
       4.190898       1.784735       2.567122
       4.207591       1.755827       2.782879
       4.224284       1.657304       3.027013
       4.240977       1.462242       3.266247
       4.257669       1.169771       3.446059
       4.274362       0.819410       3.518512
       4.291055       0.472545       3.474097
       4.307748       0.174940       3.341126
       4.324441      -0.058268       3.157609
       4.341134      -0.231718       2.951670
       4.357826      -0.356553       2.737789
       4.374519      -0.440345       2.519849
       4.391212      -0.482592       2.300852
       4.407905      -0.481803       2.090521
       4.424598      -0.443410       1.900796
       4.441290      -0.377820       1.738813
       4.457983      -0.295308       1.606450
       4.474676      -0.204419       1.502575
       4.491369      -0.111440       1.423906
       4.508062      -0.019515       1.366993
       4.524755       0.069501       1.330469
       4.541447       0.152475       1.314283
       4.558140       0.224276       1.317792
       4.574833       0.278150       1.337559
       4.591526       0.308703       1.365465
       4.608219       0.315894       1.391033
       4.624912       0.304501       1.405909
       4.641604       0.281421       1.404616
       4.658297       0.255673       1.384659
       4.674990       0.236669       1.349152
       4.691683       0.229042       1.305671
       4.708376       0.232041       1.260453
       4.725068       0.244087       1.216764
       4.741761       0.263904       1.178017
       4.758454       0.287557       1.147851
       4.775147       0.308285       1.126207
       4.791840       0.320955       1.107237
       4.808533       0.326925       1.082238
       4.825225       0.334966       1.046248
       4.841918       0.355424       1.003683
       4.858611       0.391479       0.965788
       4.875304       0.437491       0.942210
       4.891997       0.483789       0.936763
       4.908689       0.520055       0.947453
       4.925382       0.538194       0.965852
       4.942075       0.537739       0.979222
       4.958768       0.527341       0.978581
       4.975461       0.517594       0.964016
       4.992154       0.514151       0.940897
       5.008846       0.518087       0.914353
       5.025539       0.528448       0.888083
       5.042232       0.542918       0.864177
       5.058925       0.559444       0.842335
       5.075618       0.578246       0.821831
       5.092311       0.599948       0.804095
       5.109003       0.622938       0.791123
       5.125696       0.644316       0.783081
       5.142389       0.661732       0.778194
       5.159082       0.674680       0.773700
       5.175775       0.684454       0.768120
       5.192467       0.691186       0.761758
       5.209160       0.693061       0.753266
       5.225853       0.689865       0.738233
       5.242546       0.685698       0.711974
       5.259239       0.688175       0.673612
       5.275932       0.704133       0.628067
       5.292624       0.735349       0.583297
       5.309317       0.778779       0.545504
       5.326010       0.829994       0.517422
       5.342703       0.885204       0.499721
       5.359396       0.941135       0.492007
       5.376088       0.995189       0.492702
       5.392781       1.046272       0.499599
       5.409474       1.094545       0.511200
       5.426167       1.140152       0.526858
       5.442860       1.183033       0.545821
       5.459553       1.223752       0.567278
       5.476245       1.263291       0.591307
       5.492938       1.301957       0.618705
       5.509631       1.339465       0.649919
       5.526324       1.375970       0.685098
       5.543017       1.412124       0.725237
       5.559710       1.447804       0.772640
       5.576402       1.481165       0.829881
       5.593095       1.509065       0.898883
       5.609788       1.527223       0.981044
       5.626481       1.529407       1.076705
       5.643174       1.507234       1.183304
       5.659866       1.451420       1.292857
       5.676559       1.356069       1.389483
       5.693252       1.226835       1.451945
       5.709945       1.084352       1.465683
       5.726638       0.953499       1.433369
       5.743331       0.849250       1.370329
       5.760023       0.774337       1.292588
       5.776716       0.725152       1.211232
       5.793409       0.696100       1.132570
       5.810102       0.682030       1.059199
       5.826795       0.679378       0.992111
       5.843487       0.685244       0.932010
       5.860180       0.696856       0.878948
       5.876873       0.711943       0.832301
       5.893566       0.728720       0.790951
       5.910259       0.746309       0.753263
       5.926952       0.765099       0.718063
       5.943644       0.785608       0.685621
       5.960337       0.806779       0.656689
       5.977030       0.826596       0.630068
       5.993723       0.845195       0.602656
       6.010416       0.865736       0.572914
       6.027109       0.891246       0.542949
       6.043801       0.921494       0.516455
       6.060494       0.953368       0.495255
       6.077187       0.983677       0.477929
       6.093880       1.011794       0.461077
       6.110573       1.040333       0.442400
       6.127265       1.072581       0.423098
       6.143958       1.109142       0.406578
       6.160651       1.147581       0.395206
       6.177344       1.184551       0.388494
       6.194037       1.218357       0.383443
       6.210730       1.250484       0.376889
       6.227422       1.284275       0.368386
       6.244115       1.321636       0.360261
       6.260808       1.361798       0.354854
       6.277501       1.402925       0.352671
       6.294194       1.443882       0.352748
       6.310886       1.484803       0.353774
       6.327579       1.526874       0.355060
       6.344272       1.571475       0.357169
       6.360965       1.619026       0.361469
       6.377658       1.668967       0.368858
       6.394351       1.720872       0.379408
       6.411043       1.774957       0.393189
       6.427736       1.831545       0.410763
       6.444429       1.890735       0.432834
       6.461122       1.952788       0.460141
       6.477815       2.018187       0.494047
       6.494508       2.087017       0.536907
       6.511200       2.158250       0.592009
       6.527893       2.228820       0.663206
       6.544586       2.292622       0.753681
       6.561279       2.340192       0.863560
       6.577972       2.360425       0.986449
       6.594664       2.346505       1.107152
       6.611357       2.304101       1.206646
       6.628050       2.251356       1.274449
       6.644743       2.207181       1.314919
       6.661436       2.181174       1.340666
       6.678129       2.174404       1.363019
       6.694821       2.185695       1.390143
       6.711514       2.212513       1.430450
       6.728207       2.248649       1.491378
       6.744900       2.286534       1.577705
       6.761593       2.317044       1.694788
       6.778285       2.323071       1.846237
       6.794978       2.280582       2.021718
       6.811671       2.175619       2.190921
       6.828364       2.020963       2.319776
       6.845057       1.847381       2.395132
       6.861750       1.678471       2.426366
       6.878442       1.521288       2.426753
       6.895135       1.376395       2.401629
       6.911828       1.248288       2.352282
       6.928521       1.144660       2.284111
       6.945214       1.069970       2.208157
       6.961907       1.021197       2.136592
       6.978599       0.989312       2.076382
       6.995292       0.965271       2.027124
       7.011985       0.944834       1.983884
       7.028678       0.930204       1.942677
       7.045371       0.925773       1.905871
       7.062063       0.931008       1.880219
       7.078756       0.940029       1.870584
       7.095449       0.944843       1.878047
       7.112142       0.936891       1.899251
       7.128835       0.910357       1.925824
       7.145528       0.865156       1.947522
       7.162220       0.806446       1.955861
       7.178913       0.742932       1.946611
       7.195606       0.683342       1.921248
       7.212299       0.632941       1.884906
       7.228992       0.592964       1.843242
       7.245684       0.561707       1.799841
       7.262377       0.537929       1.755232
       7.279070       0.522923       1.710337
       7.295763       0.517308       1.668849
       7.312456       0.518428       1.634764
       7.329149       0.521122       1.609492
       7.345841       0.520333       1.590000
       7.362534       0.515720       1.569971
       7.379227       0.513019       1.546034
       7.395920       0.518206       1.521856
       7.412613       0.531742       1.504530
       7.429306       0.549370       1.499184
       7.445998       0.565259       1.508099
       7.462691       0.572409       1.531067
       7.479384       0.563919       1.563779
       7.496077       0.536333       1.598959
       7.512770       0.489264       1.629816
       7.529462       0.422917       1.649388
       7.546155       0.340221       1.648132
       7.562848       0.251331       1.616911
       7.579541       0.172348       1.554439
       7.596234       0.117077       1.470163
       7.612927       0.089982       1.379006
       7.629619       0.086152       1.293002
       7.646312       0.097396       1.216836
       7.663005       0.118308       1.149927
       7.679698       0.147342       1.091721
       7.696391       0.183025       1.044079
       7.713083       0.221333       1.008695
       7.729776       0.257084       0.984292
       7.746469       0.286922       0.966241
       7.763162       0.311861       0.949062
       7.779855       0.336267       0.930409
       7.796548       0.364202       0.911984
       7.813240       0.397219       0.898111
       7.829933       0.432638       0.893760
       7.846626       0.463563       0.900328
       7.863319       0.483593       0.912541
       7.880012       0.492886       0.921189
       7.896705       0.499162       0.920464
       7.913397       0.511770       0.912781
       7.930090       0.534876       0.906612
       7.946783       0.565126       0.910582
       7.963476       0.594143       0.928007
       7.980169       0.614411       0.955080
       7.996861       0.624483       0.984626
       8.013554       0.628612       1.012763
       8.030247       0.630503       1.041650
       8.046940       0.628674       1.074777
       8.063633       0.619377       1.111797
       8.080326       0.601395       1.150102
       8.097018       0.575170       1.189068
       8.113711       0.538666       1.229717
       8.130404       0.486602       1.270386
       8.147097       0.414124       1.304130
       8.163790       0.320739       1.319767
       8.180482       0.213295       1.304480
       8.197175       0.108482       1.249659
       8.213868       0.028065       1.160413
       8.230561      -0.015378       1.056174
       8.247254      -0.025893       0.957258
       8.263947      -0.016726       0.873135
       8.280639       0.001036       0.802362
       8.297332       0.023633       0.739955
       8.314025       0.051974       0.683866
       8.330718       0.086567       0.635547
       8.347411       0.125679       0.597194
       8.364104       0.166128       0.569995
       8.380796       0.204114       0.553873
       8.397489       0.235315       0.547116
       8.414182       0.255851       0.545086
       8.430875       0.265438       0.540260
       8.447568       0.269830       0.526355
       8.464260       0.277618       0.503567
       8.480953       0.293641       0.477928
       8.497646       0.316871       0.455695
       8.514339       0.343384       0.439808
       8.531032       0.369478       0.430225
       8.547725       0.392595       0.425489
       8.564417       0.411093       0.423334
       8.581110       0.424639       0.420634
       8.597803       0.435199       0.414299
       8.614496       0.446756       0.403433
       8.631189       0.462733       0.390486
       8.647881       0.483520       0.379350
       8.664574       0.507076       0.372514
       8.681267       0.531139       0.370591
       8.697960       0.553923       0.373548
       8.714653       0.573472       0.380925
       8.731346       0.587907       0.391136
       8.748038       0.596385       0.401617
       8.764731       0.599498       0.409571
       8.781424       0.599460       0.412762
       8.798117       0.599589       0.410871
       8.814810       0.602290       0.405892
       8.831503       0.607672       0.400298
       8.848195       0.614657       0.395182
       8.864888       0.622689       0.390748
       8.881581       0.631343       0.387614
       8.898274       0.639175       0.386127
       8.914967       0.644589       0.384862
       8.931659       0.647986       0.381128
       8.948352       0.652224       0.373524
       8.965045       0.660358       0.363586
       8.981738       0.673239       0.354571
       8.998431       0.689382       0.349227
       9.015124       0.706167       0.348723
       9.031816       0.720928       0.352574
       9.048509       0.731800       0.358974
       9.065202       0.738196       0.365537
       9.081895       0.740740       0.369920
       9.098588       0.741318       0.370230
       9.115280       0.742960       0.366075
       9.131973       0.748247       0.359334
       9.148666       0.757723       0.352937
       9.165359       0.770146       0.349156
       9.182052       0.783482       0.349054
       9.198745       0.795538       0.352453
       9.215437       0.804601       0.357961
       9.232130       0.810105       0.363419
       9.248823       0.812940       0.366720
       9.265516       0.815214       0.366801
       9.282209       0.819200       0.364332
       9.298902       0.826030       0.361256
       9.315594       0.835335       0.359655
       9.332287       0.845540       0.360907
       9.348980       0.854497       0.365063
       9.365673       0.860540       0.370754
       9.382366       0.863179       0.375962
       9.399058       0.863047       0.378643
       9.415751       0.862086       0.377185
       9.432444       0.863259       0.371665
       9.449137       0.868719       0.364329
       9.465830       0.878448       0.358126
       9.482523       0.890713       0.354954
       9.499215       0.903471       0.355166
       9.515908       0.915143       0.358221
       9.532601       0.924513       0.362985
       9.549294       0.931174       0.367575
       9.565987       0.936278       0.370207
       9.582679       0.941889       0.370618
       9.599372       0.949279       0.370007
       9.616065       0.958483       0.369581
       9.632758       0.969220       0.370019
       9.649451       0.981089       0.371949
       9.666144       0.993230       0.375640
       9.682836       1.005026       0.380504
       9.699529       1.016877       0.385981
       9.716222       1.029302       0.392534
       9.732915       1.041838       0.400817
       9.749608       1.053748       0.410561
       9.766301       1.065080       0.421062
       9.782993       1.076535       0.432007
       9.799686       1.089140       0.443794
       9.816379       1.103669       0.457850
       9.833072       1.119872       0.476279
       9.849765       1.136263       0.501191
       9.866457       1.150145       0.534241
       9.883150       1.157473       0.576143
       9.899843       1.152789       0.625379
       9.916536       1.131030       0.676318
       9.933229       1.091420       0.719869
       9.949922       1.039399       0.747905
       9.966614       0.983854       0.757580
       9.983307       0.932290       0.751357
      10.000000       0.888830       0.733772
