       0.167928       0.082553       0.000588
       0.184621       0.082689       0.000648
       0.201314       0.082839       0.000708
       0.218007       0.083002       0.000770
       0.234699       0.083179       0.000832
       0.251392       0.083369       0.000894
       0.268085       0.083574       0.000958
       0.284778       0.083792       0.001022
       0.301471       0.084025       0.001087
       0.318164       0.084272       0.001153
       0.334856       0.084534       0.001220
       0.351549       0.084811       0.001288
       0.368242       0.085104       0.001357
       0.384935       0.085411       0.001428
       0.401628       0.085735       0.001500
       0.418321       0.086074       0.001573
       0.435013       0.086430       0.001648
       0.451706       0.086802       0.001724
       0.468399       0.087191       0.001802
       0.485092       0.087598       0.001882
       0.501785       0.088023       0.001963
       0.518477       0.088465       0.002046
       0.535170       0.088927       0.002132
       0.551863       0.089407       0.002219
       0.568556       0.089907       0.002309
       0.585249       0.090427       0.002401
       0.601942       0.090968       0.002496
       0.618634       0.091529       0.002594
       0.635327       0.092113       0.002694
       0.652020       0.092719       0.002797
       0.668713       0.093348       0.002903
       0.685406       0.094001       0.003013
       0.702098       0.094678       0.003126
       0.718791       0.095380       0.003243
       0.735484       0.096109       0.003363
       0.752177       0.096864       0.003488
       0.768870       0.097648       0.003617
       0.785563       0.098460       0.003750
       0.802255       0.099302       0.003889
       0.818948       0.100175       0.004032
       0.835641       0.101080       0.004181
       0.852334       0.102018       0.004336
       0.869027       0.102991       0.004496
       0.885720       0.103999       0.004663
       0.902412       0.105045       0.004837
       0.919105       0.106130       0.005018
       0.935798       0.107256       0.005207
       0.952491       0.108423       0.005404
       0.969184       0.109634       0.005610
       0.985876       0.110892       0.005825
       1.002569       0.112197       0.006050
       1.019262       0.113552       0.006285
       1.035955       0.114960       0.006532
       1.052648       0.116423       0.006790
       1.069341       0.117943       0.007062
       1.086033       0.119524       0.007347
       1.102726       0.121169       0.007647
       1.119419       0.122880       0.007963
       1.136112       0.124661       0.008295
       1.152805       0.126517       0.008646
       1.169497       0.128450       0.009017
       1.186190       0.130466       0.009410
       1.202883       0.132569       0.009825
       1.219576       0.134764       0.010265
       1.236269       0.137057       0.010732
       1.252962       0.139453       0.011228
       1.269654       0.141959       0.011757
       1.286347       0.144582       0.012319
       1.303040       0.147329       0.012920
       1.319733       0.150208       0.013562
       1.336426       0.153229       0.014250
       1.353119       0.156401       0.014987
       1.369811       0.159735       0.015779
       1.386504       0.163243       0.016632
       1.403197       0.166938       0.017552
       1.419890       0.170833       0.018545
       1.436583       0.174944       0.019621
       1.453275       0.179290       0.020789
       1.469968       0.183888       0.022059
       1.486661       0.188761       0.023444
       1.503354       0.193932       0.024959
       1.520047       0.199428       0.026621
       1.536740       0.205279       0.028448
       1.553432       0.211517       0.030464
       1.570125       0.218182       0.032696
       1.586818       0.225316       0.035176
       1.603511       0.232967       0.037942
       1.620204       0.241190       0.041039
       1.636896       0.250050       0.044523
       1.653589       0.259617       0.048459
       1.670282       0.269976       0.052928
       1.686975       0.281226       0.058031
       1.703668       0.293480       0.063892
       1.720361       0.306876       0.070666
       1.737053       0.321583       0.078558
       1.753746       0.337803       0.087840
       1.770439       0.355787       0.098896
       1.787132       0.375807       0.112288
       1.803825       0.398097       0.128827
       1.820518       0.422745       0.149608
       1.837210       0.449606       0.176004
       1.853903       0.478227       0.209724
       1.870596       0.507654       0.252951
       1.887289       0.535981       0.308470
       1.903982       0.559437       0.379566
       1.920674       0.571035       0.468987
       1.937367       0.559658       0.576081
       1.954060       0.512040       0.692037
       1.970753       0.420599       0.796952
       1.987446       0.293691       0.866590
       2.004139       0.154882       0.887792
       2.020831       0.028539       0.865391
       2.037524      -0.071188       0.814792
       2.054217      -0.141539       0.753112
       2.070910      -0.188897       0.692603
       2.087603      -0.221401       0.636282
       2.104295      -0.241108       0.583698
       2.120988      -0.248561       0.539315
       2.137681      -0.251103       0.507905
       2.154374      -0.258230       0.485260
       2.171067      -0.270582       0.461523
       2.187760      -0.280656       0.433126
       2.204452      -0.283689       0.404957
       2.221145      -0.281947       0.382347
       2.237838      -0.280322       0.365947
       2.254531      -0.281666       0.352880
       2.271224      -0.285694       0.340063
       2.287917      -0.290819       0.326404
       2.304609      -0.296511       0.311782
       2.321302      -0.302051       0.294992
       2.337995      -0.304658       0.275959
       2.354688      -0.302699       0.257877
       2.371381      -0.298451       0.243632
       2.388073      -0.294933       0.232428
       2.404766      -0.292344       0.222024
       2.421459      -0.289075       0.211931
       2.438152      -0.284149       0.203838
       2.454845      -0.279138       0.200196
       2.471538      -0.278211       0.201208
       2.488230      -0.285077       0.202744
       2.504923      -0.298689       0.197893
       2.521616      -0.311871       0.182638
       2.538309      -0.316611       0.160534
       2.555002      -0.310791       0.139631
       2.571694      -0.298073       0.126171
       2.588387      -0.284390       0.122656
       2.605080      -0.276032       0.127698
       2.621773      -0.276873       0.136096
       2.638466      -0.286222       0.142179
       2.655159      -0.301190       0.143096
       2.671851      -0.319615       0.137569
       2.688544      -0.339087       0.123976
       2.705237      -0.355517       0.101813
       2.721930      -0.364952       0.073414
       2.738623      -0.365660       0.042551
       2.755316      -0.357501       0.012653
       2.772008      -0.340948      -0.012703
       2.788701      -0.318505      -0.029028
       2.805394      -0.296803      -0.033540
       2.822087      -0.283936      -0.029879
       2.838780      -0.282410      -0.027382
       2.855472      -0.286568      -0.033717
       2.872165      -0.287656      -0.049481
       2.888858      -0.279773      -0.069344
       2.905551      -0.262282      -0.085766
       2.922244      -0.240029      -0.092722
       2.938937      -0.221216      -0.089671
       2.955629      -0.211584      -0.083114
       2.972322      -0.208767      -0.081526
       2.989015      -0.204503      -0.086964
       3.005708      -0.193396      -0.093513
       3.022401      -0.177803      -0.093964
       3.039093      -0.164938      -0.086587
       3.055786      -0.160209      -0.076515
       3.072479      -0.162274      -0.071130
       3.089172      -0.164308      -0.073213
       3.105865      -0.160700      -0.078662
       3.122558      -0.152020      -0.081150
       3.139250      -0.143496      -0.078316
       3.155943      -0.139115      -0.073404
       3.172636      -0.137610      -0.070836
       3.189329      -0.134799      -0.070906
       3.206022      -0.129123      -0.069929
       3.222715      -0.123549      -0.065087
       3.239407      -0.122261      -0.058199
       3.256100      -0.125206      -0.054726
       3.272793      -0.126170      -0.057125
       3.289486      -0.119513      -0.059687
       3.306179      -0.108338      -0.053693
       3.322871      -0.102609      -0.037528
       3.339564      -0.108945      -0.018961
       3.356257      -0.124817      -0.006953
       3.372950      -0.143255      -0.004419
       3.389643      -0.158860      -0.009436
       3.406336      -0.168532      -0.018024
       3.423028      -0.172414      -0.024450
       3.439721      -0.175839      -0.024712
       3.456414      -0.185595      -0.021022
       3.473107      -0.204313      -0.020120
       3.489800      -0.228932      -0.028748
       3.506492      -0.252484      -0.049524
       3.523185      -0.268774      -0.079817
       3.539878      -0.275160      -0.114967
       3.556571      -0.271405      -0.151008
       3.573264      -0.257933      -0.184651
       3.589957      -0.236061      -0.212020
       3.606649      -0.210163      -0.229534
       3.623342      -0.186952      -0.237871
       3.640035      -0.170272      -0.242653
       3.656728      -0.158543      -0.249774
       3.673421      -0.147202      -0.261833
       3.690114      -0.131541      -0.277919
       3.706806      -0.108554      -0.294250
       3.723499      -0.078820      -0.306043
       3.740192      -0.045633      -0.311102
       3.756885      -0.010802      -0.309907
       3.773578       0.025742      -0.301220
       3.790270       0.061046      -0.281742
       3.806963       0.088379      -0.251808
       3.823656       0.103155      -0.217282
       3.840349       0.106101      -0.184804
       3.857042       0.100789      -0.158197
       3.873735       0.090880      -0.138732
       3.890427       0.079339      -0.126408
       3.907120       0.068639      -0.120633
       3.923813       0.061048      -0.120247
       3.940506       0.058514      -0.123186
       3.957199       0.061969      -0.126368
       3.973891       0.070519      -0.126308
       3.990584       0.081117      -0.120477
       4.007277       0.089615      -0.108962
       4.023970       0.093221      -0.094592
       4.040663       0.091941      -0.080813
       4.057356       0.087691      -0.069600
       4.074048       0.082474      -0.061015
       4.090741       0.077194      -0.054178
       4.107434       0.071783      -0.048527
       4.124127       0.066147      -0.044195
       4.140820       0.060732      -0.041398
       4.157513       0.056161      -0.039827
       4.174205       0.052613      -0.038804
       4.190898       0.049744      -0.037881
       4.207591       0.047216      -0.037144
       4.224284       0.045155      -0.036828
       4.240977       0.043960      -0.036778
       4.257669       0.043776      -0.036426
       4.274362       0.044265      -0.035203
       4.291055       0.044810      -0.032866
       4.307748       0.044762      -0.029529
       4.324441       0.043577      -0.025663
       4.341134       0.041114      -0.022046
       4.357826       0.037807      -0.019318
       4.374519       0.034293      -0.017597
       4.391212       0.030973      -0.016629
       4.407905       0.027941      -0.016112
       4.424598       0.025130      -0.015878
       4.441290       0.022482      -0.015877
       4.457983       0.019972      -0.016058
       4.474676       0.017497      -0.016348
       4.491369       0.014851      -0.016823
       4.508062       0.011926      -0.017785
       4.524755       0.008883      -0.019619
       4.541447       0.006156      -0.022591
       4.558140       0.004330      -0.026692
       4.574833       0.003970      -0.031622
       4.591526       0.005552      -0.036821
       4.608219       0.009336      -0.041396
       4.624912       0.015037      -0.044182
       4.641604       0.021515      -0.044250
       4.658297       0.027168      -0.041684
       4.674990       0.030987      -0.037587
       4.691683       0.032979      -0.033137
       4.708376       0.033637      -0.028958
       4.725068       0.033397      -0.025230
       4.741761       0.032496      -0.021979
       4.758454       0.031070      -0.019289
       4.775147       0.029338      -0.017292
       4.791840       0.027642      -0.015985
       4.808533       0.026253      -0.015138
       4.825225       0.025217      -0.014450
       4.841918       0.024428      -0.013724
       4.858611       0.023749      -0.012874
       4.875304       0.023052      -0.011900
       4.891997       0.022287      -0.010860
       4.908689       0.021466      -0.009751
       4.925382       0.020531      -0.008512
       4.942075       0.019348      -0.007157
       4.958768       0.017823      -0.005799
       4.975461       0.015947      -0.004568
       4.992154       0.013761      -0.003561
       5.008846       0.011314      -0.002830
       5.025539       0.008618      -0.002413
       5.042232       0.005665      -0.002412
       5.058925       0.002539      -0.003007
       5.075618      -0.000493      -0.004344
       5.092311      -0.003034      -0.006307
       5.109003      -0.004896      -0.008455
       5.125696      -0.006324      -0.010385
       5.142389      -0.007717      -0.012064
       5.159082      -0.009281      -0.013717
       5.175775      -0.010991      -0.015547
       5.192467      -0.012753      -0.017615
       5.209160      -0.014554      -0.019890
       5.225853      -0.016495      -0.022387
       5.242546      -0.018700      -0.025285
       5.259239      -0.021131      -0.028921
       5.275932      -0.023446      -0.033579
       5.292624      -0.025169      -0.039183
       5.309317      -0.026125      -0.045347
       5.326010      -0.026577      -0.051834
       5.342703      -0.026898      -0.058894
       5.359396      -0.027117      -0.067257
       5.376088      -0.026538      -0.077789
       5.392781      -0.023653      -0.090901
       5.409474      -0.016493      -0.105908
       5.426167      -0.003537      -0.120632
       5.442860       0.014966      -0.131934
       5.459553       0.036569      -0.137612
       5.476245       0.058404      -0.137906
       5.492938       0.079364      -0.134395
       5.509631       0.099770      -0.127753
       5.526324       0.119501      -0.117578
       5.543017       0.137649      -0.103813
       5.559710       0.153663      -0.087093
       5.576402       0.167709      -0.067630
       5.593095       0.179477      -0.044721
       5.609788       0.187425      -0.017883
       5.626481       0.189498       0.012152
       5.643174       0.184053       0.043464
       5.659866       0.170406       0.073323
       5.676559       0.149185       0.098753
       5.693252       0.122332       0.117229
       5.709945       0.092768       0.127303
       5.726638       0.063703       0.129017
       5.743331       0.037760       0.123743
       5.760023       0.016603       0.113560
       5.776716       0.000887       0.100887
       5.793409      -0.009948       0.088071
       5.810102      -0.017548       0.076524
       5.826795      -0.023612       0.066196
       5.843487      -0.028855       0.056201
       5.860180      -0.032976       0.045869
       5.876873      -0.035292       0.035337
       5.893566      -0.035608       0.025483
       5.910259      -0.034652       0.017074
       5.926952      -0.033445       0.009992
       5.943644      -0.032436       0.003554
       5.960337      -0.031519      -0.002779
       5.977030      -0.030493      -0.009230
       5.993723      -0.029266      -0.016025
       6.010416      -0.027462      -0.023586
       6.027109      -0.024119      -0.031907
       6.043801      -0.018473      -0.039977
       6.060494      -0.010907      -0.046465
       6.077187      -0.002597      -0.050934
       6.093880       0.005735      -0.053916
       6.110573       0.014217      -0.055818
       6.127265       0.022999      -0.056376
       6.143958       0.031651      -0.055203
       6.160651       0.039437      -0.052378
       6.177344       0.045784      -0.048472
       6.194037       0.050576      -0.044343
       6.210730       0.054341      -0.040720
       6.227422       0.057931      -0.037657
       6.244115       0.061834      -0.034576
       6.260808       0.065908      -0.030768
       6.277501       0.069428      -0.025823
       6.294194       0.071404      -0.020130
       6.310886       0.071509      -0.014930
       6.327579       0.070611      -0.011246
       6.344272       0.069859      -0.009000
       6.360965       0.069766      -0.007572
       6.377658       0.070411      -0.006462
       6.394351       0.071749      -0.005265
       6.411043       0.073523      -0.003609
       6.427736       0.075269      -0.001403
       6.444429       0.076651       0.001082
       6.461122       0.077650       0.003481
       6.477815       0.078443       0.005553
       6.494508       0.079279       0.007162
       6.511200       0.080526       0.008281
       6.527893       0.082631       0.009182
       6.544586       0.085779       0.010540
       6.561279       0.089505       0.013099
       6.577972       0.092771       0.016980
       6.594664       0.094750       0.021320
       6.611357       0.095644       0.024786
       6.628050       0.096739       0.026579
       6.644743       0.099684       0.027138
       6.661436       0.105369       0.028068
       6.678129       0.113342       0.031055
       6.694821       0.122473       0.036952
       6.711514       0.131799       0.045955
       6.728207       0.140665       0.058171
       6.744900       0.148409       0.073973
       6.761593       0.153752       0.093947
       6.778285       0.154296       0.118051
       6.794978       0.147178       0.144210
       6.811671       0.131269       0.168004
       6.828364       0.109037       0.184876
       6.845057       0.085391       0.193267
       6.861750       0.064407       0.195091
       6.878442       0.047600       0.193541
       6.895135       0.034600       0.191229
       6.911828       0.024079       0.189821
       6.928521       0.014254       0.189703
       6.945214       0.004126       0.189990
       6.961907      -0.005951       0.190068
       6.978599      -0.015741       0.190548
       6.995292      -0.026269       0.191992
       7.011985      -0.038851       0.193632
       7.028678      -0.053755       0.193950
       7.045371      -0.070427       0.191832
       7.062063      -0.088270       0.186408
       7.078756      -0.106154       0.176514
       7.095449      -0.121652       0.161672
       7.112142      -0.132181       0.143487
       7.128835      -0.136987       0.125002
       7.145528      -0.137495       0.108653
       7.162220      -0.135850       0.094945
       7.178913      -0.133069       0.082959
       7.195606      -0.128622       0.072202
       7.212299      -0.121931       0.063766
       7.228992      -0.114056       0.059354
       7.245684      -0.107403       0.059341
       7.262377      -0.103900       0.062372
       7.279070      -0.104173       0.066668
       7.295763      -0.108196       0.070851
       7.312456      -0.115873       0.073718
       7.329149      -0.126926       0.073738
       7.345841      -0.140074       0.069021
       7.362534      -0.152476       0.058652
       7.379227      -0.161278       0.044072
       7.395920      -0.165626       0.027915
       7.412613      -0.166276       0.011974
       7.429306      -0.164092      -0.003022
       7.445998      -0.159735      -0.016581
       7.462691      -0.154123      -0.028464
       7.479384      -0.148024      -0.039202
       7.496077      -0.141271      -0.049541
       7.512770      -0.133140      -0.059447
       7.529462      -0.123386      -0.068154
       7.546155      -0.112445      -0.075025
       7.562848      -0.100880      -0.079835
       7.579541      -0.089175      -0.082490
       7.596234      -0.077888      -0.082951
       7.612927      -0.067716      -0.081347
       7.629619      -0.059476      -0.078245
       7.646312      -0.053556      -0.074917
       7.663005      -0.049186      -0.072683
       7.679698      -0.044848      -0.071784
       7.696391      -0.039475      -0.071222
       7.713083      -0.033239      -0.069619
       7.729776      -0.027318      -0.066386
       7.746469      -0.022725      -0.062117
       7.763162      -0.019536      -0.057742
       7.779855      -0.017266      -0.053704
       7.796548      -0.015517      -0.049898
       7.813240      -0.014330      -0.046049
       7.829933      -0.014079      -0.042203
       7.846626      -0.015022      -0.038858
       7.863319      -0.016984      -0.036772
       7.880012      -0.019086      -0.036610
       7.896705      -0.019863      -0.038115
       7.913397      -0.018515      -0.039699
       7.930090      -0.015969      -0.039766
       7.946783      -0.013907      -0.038251
       7.963476      -0.013153      -0.036294
       7.980169      -0.013341      -0.034967
       7.996861      -0.013594      -0.034534
       8.013554      -0.013312      -0.034520
       8.030247      -0.012586      -0.034227
       8.046940      -0.012091      -0.033450
       8.063633      -0.012273      -0.032760
       8.080326      -0.012815      -0.032786
       8.097018      -0.013088      -0.033614
       8.113711      -0.012637      -0.034924
       8.130404      -0.011263      -0.036197
       8.147097      -0.009158      -0.036803
       8.163790      -0.007020      -0.036434
       8.180482      -0.005516      -0.035497
       8.197175      -0.004665      -0.034697
       8.213868      -0.004011      -0.034409
       8.230561      -0.003003      -0.034596
       8.247254      -0.001188      -0.034806
       8.263947       0.001431      -0.034207
       8.280639       0.004044      -0.032101
       8.297332       0.005411      -0.028716
       8.314025       0.004874      -0.025207
       8.330718       0.002811      -0.022793
       8.347411       0.000224      -0.022057
       8.364104      -0.001851      -0.022838
       8.380796      -0.002747      -0.024390
       8.397489      -0.002555      -0.025747
       8.414182      -0.002038      -0.026517
       8.430875      -0.001720      -0.027120
       8.447568      -0.001446      -0.028054
       8.464260      -0.000772      -0.029433
       8.480953       0.000754      -0.031027
       8.497646       0.003413      -0.032219
       8.514339       0.006913      -0.032146
       8.531032       0.010228      -0.030363
       8.547725       0.012286      -0.027396
       8.564417       0.012806      -0.024332
       8.581110       0.012311      -0.021971
       8.597803       0.011553      -0.020430
       8.614496       0.010953      -0.019305
       8.631189       0.010360      -0.018177
       8.647881       0.009367      -0.017107
       8.664574       0.007896      -0.016583
       8.681267       0.006389      -0.016977
       8.697960       0.005457      -0.018188
       8.714653       0.005468      -0.019723
       8.731346       0.006378      -0.020996
       8.748038       0.007807      -0.021622
       8.764731       0.009295      -0.021570
       8.781424       0.010541      -0.021050
       8.798117       0.011480      -0.020360
       8.814810       0.012302      -0.019674
       8.831503       0.013209      -0.018816
       8.848195       0.014003      -0.017450
       8.864888       0.014118      -0.015617
       8.881581       0.013191      -0.013932
       8.898274       0.011497      -0.013146
       8.914967       0.009769      -0.013565
       8.931659       0.008690      -0.014952
       8.948352       0.008624      -0.016781
       8.965045       0.009579      -0.018458
       8.981738       0.011233      -0.019551
       8.998431       0.013148      -0.019943
       9.015124       0.015001      -0.019788
       9.031816       0.016727      -0.019337
       9.048509       0.018468      -0.018672
       9.065202       0.020285      -0.017642
       9.081895       0.022030      -0.016094
       9.098588       0.023454      -0.014015
       9.115280       0.024322      -0.011545
       9.131973       0.024509      -0.008950
       9.148666       0.024072      -0.006504
       9.165359       0.023172      -0.004348
       9.182052       0.021910      -0.002505
       9.198745       0.020290      -0.001055
       9.215437       0.018401      -0.000207
       9.232130       0.016569      -0.000134
       9.248823       0.015256      -0.000711
       9.265516       0.014726      -0.001477
       9.282209       0.014839      -0.001927
       9.298902       0.015183      -0.001838
       9.315594       0.015416      -0.001321
       9.332287       0.015428      -0.000574
       9.348980       0.015224       0.000307
       9.365673       0.014759       0.001305
       9.382366       0.013889       0.002330
       9.399058       0.012534       0.003094
       9.415751       0.010923       0.003234
       9.432444       0.009577       0.002706
       9.449137       0.008867       0.001936
       9.465830       0.008649       0.001471
       9.482523       0.008429       0.001478
       9.499215       0.007843       0.001676
       9.515908       0.006916       0.001682
       9.532601       0.005902       0.001328
       9.549294       0.005012       0.000677
       9.565987       0.004329      -0.000164
       9.582679       0.003906      -0.001103
       9.599372       0.003770      -0.001992
       9.616065       0.003814      -0.002657
       9.632758       0.003808      -0.003056
       9.649451       0.003549      -0.003326
       9.666144       0.002970      -0.003727
       9.682836       0.002227      -0.004544
       9.699529       0.001712      -0.005840
       9.716222       0.001718      -0.007272
       9.732915       0.002061      -0.008401
       9.749608       0.002255      -0.009196
       9.766301       0.002027      -0.010092
       9.782993       0.001601      -0.011578
       9.799686       0.001512      -0.013795
       9.816379       0.002212      -0.016474
       9.833072       0.003869      -0.019186
       9.849765       0.006440      -0.021549
       9.866457       0.009778      -0.023246
       9.883150       0.013649      -0.024016
       9.899843       0.017746      -0.023651
       9.916536       0.021611      -0.022008
       9.933229       0.024639      -0.019215
       9.949922       0.026360      -0.015771
       9.966614       0.026618      -0.012328
       9.983307       0.025549      -0.009588
      10.000000       0.023717      -0.008183
