  # energy grid [eV]     epsr     epsi
       0.001000      -0.127430      -0.000020
       0.017693      -0.120182      -0.000097
       0.034386      -0.120191      -0.000173
       0.051078      -0.120231      -0.000250
       0.067771      -0.120290      -0.000327
       0.084464      -0.120367      -0.000404
       0.101157      -0.120461      -0.000481
       0.117850      -0.120572      -0.000559
       0.134543      -0.120701      -0.000638
       0.151235      -0.120847      -0.000717
       0.167928      -0.121011      -0.000796
       0.184621      -0.121192      -0.000877
       0.201314      -0.121392      -0.000958
       0.218007      -0.121609      -0.001040
       0.234699      -0.121845      -0.001123
       0.251392      -0.122099      -0.001207
       0.268085      -0.122371      -0.001292
       0.284778      -0.122663      -0.001378
       0.301471      -0.122974      -0.001466
       0.318164      -0.123304      -0.001555
       0.334856      -0.123655      -0.001646
       0.351549      -0.124025      -0.001738
       0.368242      -0.124416      -0.001832
       0.384935      -0.124828      -0.001927
       0.401628      -0.125261      -0.002025
       0.418321      -0.125716      -0.002125
       0.435013      -0.126193      -0.002227
       0.451706      -0.126693      -0.002331
       0.468399      -0.127216      -0.002438
       0.485092      -0.127763      -0.002547
       0.501785      -0.128335      -0.002659
       0.518477      -0.128931      -0.002774
       0.535170      -0.129553      -0.002892
       0.551863      -0.130201      -0.003013
       0.568556      -0.130877      -0.003137
       0.585249      -0.131580      -0.003265
       0.601942      -0.132312      -0.003398
       0.618634      -0.133073      -0.003534
       0.635327      -0.133865      -0.003674
       0.652020      -0.134688      -0.003819
       0.668713      -0.135543      -0.003968
       0.685406      -0.136432      -0.004123
       0.702098      -0.137355      -0.004283
       0.718791      -0.138314      -0.004449
       0.735484      -0.139311      -0.004620
       0.752177      -0.140345      -0.004798
       0.768870      -0.141419      -0.004983
       0.785563      -0.142535      -0.005175
       0.802255      -0.143693      -0.005374
       0.818948      -0.144896      -0.005581
       0.835641      -0.146145      -0.005797
       0.852334      -0.147442      -0.006022
       0.869027      -0.148789      -0.006256
       0.885720      -0.150189      -0.006501
       0.902412      -0.151644      -0.006756
       0.919105      -0.153155      -0.007023
       0.935798      -0.154726      -0.007303
       0.952491      -0.156359      -0.007595
       0.969184      -0.158057      -0.007902
       0.985876      -0.159824      -0.008223
       1.002569      -0.161662      -0.008560
       1.019262      -0.163576      -0.008915
       1.035955      -0.165568      -0.009288
       1.052648      -0.167644      -0.009680
       1.069341      -0.169807      -0.010094
       1.086033      -0.172062      -0.010531
       1.102726      -0.174414      -0.010992
       1.119419      -0.176868      -0.011479
       1.136112      -0.179431      -0.011995
       1.152805      -0.182108      -0.012541
       1.169497      -0.184907      -0.013121
       1.186190      -0.187834      -0.013737
       1.202883      -0.190897      -0.014391
       1.219576      -0.194105      -0.015088
       1.236269      -0.197468      -0.015832
       1.252962      -0.200995      -0.016625
       1.269654      -0.204697      -0.017474
       1.286347      -0.208586      -0.018383
       1.303040      -0.212675      -0.019357
       1.319733      -0.216978      -0.020404
       1.336426      -0.221511      -0.021530
       1.353119      -0.226292      -0.022744
       1.369811      -0.231337      -0.024055
       1.386504      -0.236670      -0.025473
       1.403197      -0.242311      -0.027011
       1.419890      -0.248286      -0.028681
       1.436583      -0.254624      -0.030500
       1.453275      -0.261355      -0.032484
       1.469968      -0.268514      -0.034655
       1.486661      -0.276140      -0.037036
       1.503354      -0.284274      -0.039655
       1.520047      -0.292967      -0.042544
       1.536740      -0.302272      -0.045740
       1.553432      -0.312250      -0.049288
       1.570125      -0.322972      -0.053240
       1.586818      -0.334515      -0.057658
       1.603511      -0.346968      -0.062619
       1.620204      -0.360435      -0.068211
       1.636896      -0.375031      -0.074545
       1.653589      -0.390889      -0.081755
       1.670282      -0.408162      -0.090007
       1.686975      -0.427025      -0.099506
       1.703668      -0.447679      -0.110510
       1.720361      -0.470354      -0.123347
       1.737053      -0.495310      -0.138438
       1.753746      -0.522841      -0.156326
       1.770439      -0.553264      -0.177732
       1.787132      -0.586901      -0.203612
       1.803825      -0.624034      -0.235239
       1.820518      -0.664823      -0.274299
       1.837210      -0.709210      -0.323015
       1.853903      -0.756712      -0.384369
       1.870596      -0.805955      -0.462395
       1.887289      -0.853703      -0.562325
       1.903982      -0.893309      -0.690162
       1.920674      -0.912637      -0.850879
       1.937367      -0.892538      -1.043781
       1.954060      -0.809905      -1.254409
       1.970753      -0.651011      -1.449164
       1.987446      -0.429466      -1.586808
       2.004139      -0.184997      -1.645543
       2.020831       0.042555      -1.635127
       2.037524       0.233280      -1.582093
       2.054217       0.386924      -1.511954
       2.070910       0.514995      -1.439518
       2.087603       0.628531      -1.366282
       2.104295       0.729963      -1.290724
       2.120988       0.821686      -1.216539
       2.137681       0.912432      -1.143148
       2.154374       1.004964      -1.059513
       2.171067       1.087023      -0.958997
       2.187760       1.146586      -0.853428
       2.204452       1.191099      -0.760886
       2.221145       1.242168      -0.683422
       2.237838       1.314632      -0.602940
       2.254531       1.404049      -0.495180
       2.271224       1.489798      -0.345212
       2.287917       1.546235      -0.154275
       2.304609       1.553032       0.062670
       2.321302       1.499214       0.282794
       2.337995       1.385331       0.478068
       2.354688       1.229997       0.621721
       2.371381       1.066983       0.705737
       2.388073       0.922583       0.747000
       2.404766       0.801240       0.768530
       2.421459       0.694401       0.782557
       2.438152       0.594512       0.789257
       2.454845       0.502400       0.786116
       2.471538       0.421115       0.776944
       2.488230       0.347739       0.767224
       2.504923       0.276885       0.757393
       2.521616       0.205635       0.744741
       2.538309       0.133082       0.726131
       2.555002       0.059462       0.697633
       2.571694      -0.011816       0.653567
       2.588387      -0.070430       0.590725
       2.605080      -0.103814       0.516400
       2.621773      -0.108392       0.446388
       2.638466      -0.092269       0.393804
       2.655159      -0.067327       0.362601
       2.671851      -0.041994       0.351371
       2.688544      -0.023028       0.358945
       2.705237      -0.019930       0.381819
       2.721930      -0.041113       0.408370
       2.738623      -0.085075       0.420949
       2.755316      -0.136589       0.406088
       2.772008      -0.173852       0.365699
       2.788701      -0.183746       0.316955
       2.805394      -0.169063       0.279265
       2.822087      -0.142624       0.263740
       2.838780      -0.119256       0.271556
       2.855472      -0.110338       0.295783
       2.872165      -0.120002       0.326287
       2.888858      -0.147681       0.355637
       2.905551      -0.193150       0.377783
       2.922244      -0.254745       0.383947
       2.938937      -0.324270       0.364464
       2.955629      -0.386233       0.315749
       2.972322      -0.424750       0.246012
       2.989015      -0.433395       0.171877
       3.005708      -0.417185       0.108457
       3.022401      -0.386902       0.063631
       3.039093      -0.353536       0.038171
       3.055786      -0.325117       0.028100
       3.072479      -0.305828       0.027660
       3.089172      -0.296904       0.031157
       3.105865      -0.297122       0.033604
       3.122558      -0.303515       0.032189
       3.139250      -0.313985       0.026197
       3.155943      -0.327504       0.014071
       3.172636      -0.340800      -0.006686
       3.189329      -0.347903      -0.035390
       3.206022      -0.344874      -0.066324
       3.222715      -0.333628      -0.092880
       3.239407      -0.319958      -0.112835
       3.256100      -0.308110      -0.129508
       3.272793      -0.296592      -0.147636
       3.289486      -0.279836      -0.167047
       3.306179      -0.255250      -0.181126
       3.322871      -0.228094      -0.182719
       3.339564      -0.208819      -0.171448
       3.356257      -0.205587      -0.155750
       3.372950      -0.217911      -0.148303
       3.389643      -0.236020      -0.158036
       3.406336      -0.246566      -0.184379
       3.423028      -0.240670      -0.217752
       3.439721      -0.218760      -0.245927
       3.456414      -0.188586      -0.261391
       3.473107      -0.159240      -0.263583
       3.489800      -0.137261      -0.256876
       3.506492      -0.124779      -0.248085
       3.523185      -0.118978      -0.242885
       3.539878      -0.114910      -0.242731
       3.556571      -0.109352      -0.245670
       3.573264      -0.101529      -0.249157
       3.589957      -0.092243      -0.250814
       3.606649      -0.084685      -0.249330
       3.623342      -0.082688      -0.247746
       3.640035      -0.085137      -0.252091
       3.656728      -0.085981      -0.264676
       3.673421      -0.080363      -0.282514
       3.690114      -0.067065      -0.301586
       3.706806      -0.046422      -0.318873
       3.723499      -0.019656      -0.331837
       3.740192       0.011405      -0.339301
       3.756885       0.046480      -0.340613
       3.773578       0.085340      -0.332122
       3.790270       0.122238      -0.309019
       3.806963       0.146838      -0.273270
       3.823656       0.153375      -0.235296
       3.840349       0.145718      -0.206173
       3.857042       0.133544      -0.190261
       3.873735       0.125196      -0.184166
       3.890427       0.123086      -0.181182
       3.907120       0.124490      -0.176952
       3.923813       0.126151      -0.171520
       3.940506       0.127555      -0.166739
       3.957199       0.130315      -0.163025
       3.973891       0.135532      -0.158364
       3.990584       0.141419      -0.150076
       4.007277       0.143786      -0.138385
       4.023970       0.140270      -0.127678
       4.040663       0.133456      -0.122670
       4.057356       0.128643      -0.124045
       4.074048       0.129550      -0.128313
       4.090741       0.135912      -0.130662
       4.107434       0.144104      -0.128585
       4.124127       0.150594      -0.123345
       4.140820       0.154539      -0.117780
       4.157513       0.157164      -0.113688
       4.174205       0.159776      -0.111401
       4.190898       0.163106      -0.111211
       4.207591       0.168767      -0.113842
       4.224284       0.179851      -0.118542
       4.240977       0.198851      -0.121576
       4.257669       0.224829      -0.117599
       4.274362       0.253333      -0.103301
       4.291055       0.279653      -0.078820
       4.307748       0.300562      -0.045800
       4.324441       0.313635      -0.006461
       4.341134       0.317572       0.036158
       4.357826       0.312740       0.079421
       4.374519       0.299637       0.122055
       4.391212       0.277756       0.162528
       4.407905       0.247392       0.197815
       4.424598       0.211212       0.225371
       4.441290       0.172522       0.245215
       4.457983       0.132782       0.259068
       4.474676       0.091209       0.267823
       4.491369       0.046874       0.269904
       4.508062       0.001148       0.262402
       4.524755      -0.041919       0.243525
       4.541447      -0.077111       0.214661
       4.558140      -0.101138       0.180499
       4.574833      -0.114369       0.146186
       4.591526      -0.119328       0.114847
       4.608219      -0.118589       0.087584
       4.624912      -0.114000       0.064564
       4.641604      -0.106880       0.045762
       4.658297      -0.098457       0.031105
       4.674990      -0.090004       0.020139
       4.691683      -0.082400       0.011873
       4.708376      -0.075794       0.005227
       4.725068      -0.069838      -0.000475
       4.741761      -0.064102      -0.005414
       4.758454      -0.058384      -0.009435
       4.775147      -0.052801      -0.012342
       4.791840      -0.047667      -0.014133
       4.808533      -0.043256      -0.015054
       4.825225      -0.039639      -0.015456
       4.841918      -0.036706      -0.015620
       4.858611      -0.034281      -0.015688
       4.875304      -0.032214      -0.015691
       4.891997      -0.030417      -0.015612
       4.908689      -0.028835      -0.015421
       4.925382      -0.027437      -0.015057
       4.942075      -0.026292      -0.014429
       4.958768      -0.025583      -0.013560
       4.975461      -0.025422      -0.012665
       4.992154      -0.025710      -0.011975
       5.008846      -0.026252      -0.011564
       5.025539      -0.026903      -0.011389
       5.042232      -0.027585      -0.011376
       5.058925      -0.028264      -0.011422
       5.075618      -0.029001      -0.011417
       5.092311      -0.029951      -0.011344
       5.109003      -0.031235      -0.011351
       5.125696      -0.032804      -0.011635
       5.142389      -0.034493      -0.012282
       5.159082      -0.036160      -0.013257
       5.175775      -0.037737      -0.014484
       5.192467      -0.039202      -0.015895
       5.209160      -0.040563      -0.017436
       5.225853      -0.041850      -0.019072
       5.242546      -0.043116      -0.020806
       5.259239      -0.044393      -0.022712
       5.275932      -0.045601      -0.024885
       5.292624      -0.046579      -0.027291
       5.309317      -0.047288      -0.029749
       5.326010      -0.047899      -0.032149
       5.342703      -0.048620      -0.034626
       5.359396      -0.049461      -0.037525
       5.376088      -0.050093      -0.041183
       5.392781      -0.049905      -0.045668
       5.409474      -0.048183      -0.050618
       5.426167      -0.044397      -0.055092
       5.442860      -0.038754      -0.057690
       5.459553      -0.032533      -0.057337
       5.476245      -0.027422      -0.054101
       5.492938      -0.024501      -0.048916
       5.509631      -0.024159      -0.042740
       5.526324      -0.026581      -0.036388
       5.543017      -0.031699      -0.030760
       5.559710      -0.038989      -0.026443
       5.576402      -0.048186      -0.023245
       5.593095      -0.060353      -0.021041
       5.609788      -0.077411      -0.021757
       5.626481      -0.099331      -0.030210
       5.643174      -0.121047      -0.051388
       5.659866      -0.133456      -0.085099
       5.676559      -0.129547      -0.123838
       5.693252      -0.109613      -0.157272
       5.709945      -0.080263      -0.178655
       5.726638      -0.049419      -0.187287
       5.743331      -0.022286      -0.186589
       5.760023      -0.000470      -0.180748
       5.776716       0.016526      -0.172767
       5.793409       0.030012      -0.164359
       5.810102       0.041429      -0.155878
       5.826795       0.051225      -0.146750
       5.843487       0.058777      -0.137033
       5.860180       0.063998      -0.127892
       5.876873       0.068108      -0.120088
       5.893566       0.072294      -0.112886
       5.910259       0.076280      -0.105107
       5.926952       0.078998      -0.096775
       5.943644       0.080197      -0.088866
       5.960337       0.080613      -0.081940
       5.977030       0.080927      -0.075634
       5.993723       0.081009      -0.069358
       6.010416       0.080325      -0.063205
       6.027109       0.078882      -0.057797
       6.043801       0.077309      -0.053441
       6.060494       0.076266      -0.049816
       6.077187       0.075994      -0.046189
       6.093880       0.076081      -0.041817
       6.110573       0.075621      -0.036552
       6.127265       0.073966      -0.031053
       6.143958       0.071259      -0.026156
       6.160651       0.068148      -0.022216
       6.177344       0.065231      -0.019001
       6.194037       0.062683      -0.015943
       6.210730       0.060131      -0.012594
       6.227422       0.056983      -0.009054
       6.244115       0.053001      -0.005891
       6.260808       0.048495      -0.003646
       6.277501       0.044066      -0.002433
       6.294194       0.040150      -0.001905
       6.310886       0.036750      -0.001635
       6.327579       0.033683      -0.001486
       6.344272       0.030950      -0.001479
       6.360965       0.028680      -0.001470
       6.377658       0.026854      -0.001129
       6.394351       0.025167      -0.000139
       6.411043       0.023098       0.001536
       6.427736       0.020246       0.003550
       6.444429       0.016556       0.005472
       6.461122       0.012138       0.007018
       6.477815       0.007121       0.007976
       6.494508       0.001724       0.008153
       6.511200      -0.003721       0.007487
       6.527893      -0.008868       0.006144
       6.544586      -0.013521       0.004548
       6.561279      -0.017907       0.003282
       6.577972      -0.022828       0.002620
       6.594664      -0.029225       0.001986
       6.611357      -0.037314       0.000041
       6.628050      -0.046073      -0.004415
       6.644743      -0.053791      -0.011303
       6.661436      -0.059585      -0.019165
       6.678129      -0.064182      -0.026626
       6.694821      -0.068959      -0.033597
       6.711514      -0.074739      -0.041007
       6.728207      -0.081542      -0.050037
       6.744900      -0.088762      -0.061750
       6.761593      -0.095264      -0.076938
       6.778285      -0.099398      -0.095934
       6.794978      -0.099042      -0.118136
       6.811671      -0.092427      -0.141364
       6.828364      -0.079689      -0.162516
       6.845057      -0.062800      -0.179652
       6.861750      -0.043659      -0.192491
       6.878442      -0.023446      -0.201121
       6.895135      -0.003405      -0.205643
       6.911828       0.015231      -0.206854
       6.928521       0.032022      -0.205890
       6.945214       0.046836      -0.203513
       6.961907       0.059464      -0.200765
       6.978599       0.070590      -0.199071
       6.995292       0.081956      -0.198974
       7.011985       0.095141      -0.199540
       7.028678       0.110472      -0.199145
       7.045371       0.127222      -0.196782
       7.062063       0.144870      -0.192253
       7.078756       0.163288      -0.184966
       7.095449       0.181396      -0.173982
       7.112142       0.197310      -0.159650
       7.128835       0.210193      -0.143732
       7.145528       0.220945      -0.127647
       7.162220       0.230878      -0.111179
       7.178913       0.240093      -0.093208
       7.195606       0.247630      -0.073285
       7.212299       0.252780      -0.051922
       7.228992       0.255672      -0.029484
       7.245684       0.256169      -0.005298
       7.262377       0.252448       0.021205
       7.279070       0.241809       0.048328
       7.295763       0.223461       0.071864
       7.312456       0.200391       0.087857
       7.329149       0.177539       0.096058
       7.345841       0.157520       0.099639
       7.362534       0.139407       0.101150
       7.379227       0.121766       0.100384
       7.395920       0.105002       0.096100
       7.412613       0.090917       0.088104
       7.429306       0.081124       0.077899
       7.445998       0.075639       0.067742
       7.462691       0.073061       0.058918
       7.479384       0.072169       0.051240
       7.496077       0.072798       0.044183
       7.512770       0.075243       0.037692
       7.529462       0.079972       0.032012
       7.546155       0.087634       0.028191
       7.562848       0.097804       0.028314
       7.579541       0.108183       0.033898
       7.596234       0.115898       0.044564
       7.612927       0.118839       0.058487
       7.629619       0.115999       0.073028
       7.646312       0.107941       0.085137
       7.663005       0.097191       0.092575
       7.679698       0.087227       0.095474
       7.696391       0.080148       0.096477
       7.713083       0.075042       0.098499
       7.729776       0.069354       0.101997
       7.746469       0.061981       0.105166
       7.763162       0.054047       0.106728
       7.779855       0.046796       0.107300
       7.796548       0.039956       0.108080
       7.813240       0.032225       0.109162
       7.829933       0.022793       0.109110
       7.846626       0.012738       0.105981
       7.863319       0.004983       0.099552
       7.880012       0.001720       0.092682
       7.896705       0.001620       0.089143
       7.913397       0.000820       0.089978
       7.930090      -0.003502       0.092958
       7.946783      -0.011437       0.095284
       7.963476      -0.021897       0.095603
       7.980169      -0.034288       0.093182
       7.996861      -0.047696       0.086730
       8.013554      -0.059831       0.075606
       8.030247      -0.068514       0.061172
       8.046940      -0.073352       0.045509
       8.063633      -0.075076       0.029757
       8.080326      -0.074271       0.014091
       8.097018      -0.070898      -0.001588
       8.113711      -0.064455      -0.016989
       8.130404      -0.054591      -0.031299
       8.147097      -0.041179      -0.043545
       8.163790      -0.024250      -0.052183
       8.180482      -0.005203      -0.055080
       8.197175       0.012691      -0.051427
       8.213868       0.026368      -0.043172
       8.230561       0.035240      -0.033503
       8.247254       0.040698      -0.024372
       8.263947       0.044154      -0.016041
       8.280639       0.046098      -0.008164
       8.297332       0.046402      -0.000758
       8.314025       0.045067       0.005612
       8.330718       0.042702       0.010287
       8.347411       0.040411       0.013180
       8.364104       0.039095       0.015071
       8.380796       0.038797       0.017134
       8.397489       0.038686       0.020174
       8.414182       0.037584       0.024076
       8.430875       0.034774       0.027816
       8.447568       0.030544       0.030088
       8.464260       0.026095       0.030131
       8.480953       0.022876       0.028234
       8.497646       0.021749       0.025578
       8.514339       0.022621       0.023550
       8.531032       0.024611       0.023132
       8.547725       0.026465       0.024540
       8.564417       0.027130       0.027155
       8.581110       0.026257       0.029858
       8.597803       0.024397       0.031663
       8.614496       0.022601       0.032431
       8.631189       0.021440       0.032910
       8.647881       0.020541       0.033807
       8.664574       0.019222       0.035072
       8.681267       0.017268       0.036155
       8.697960       0.014981       0.036700
       8.714653       0.012606       0.036766
       8.731346       0.010088       0.036301
       8.748038       0.007637       0.034937
       8.764731       0.005941       0.032632
       8.781424       0.005529       0.029963
       8.798117       0.006406       0.027639
       8.814810       0.008307       0.026187
       8.831503       0.010844       0.026050
       8.848195       0.013364       0.027588
       8.864888       0.014916       0.030792
       8.881581       0.014555       0.035018
       8.898274       0.011819       0.039037
       8.914967       0.007132       0.041445
       8.931659       0.001772       0.041367
       8.948352      -0.002708       0.038928
       8.965045      -0.005192       0.035184
       8.981738      -0.005524       0.031602
       8.998431      -0.004486       0.029282
       9.015124      -0.003222       0.028492
       9.031816      -0.002610       0.028767
       9.048509      -0.002932       0.029361
       9.065202      -0.003994       0.029715
       9.081895      -0.005495       0.029592
       9.098588      -0.007210       0.028860
       9.115280      -0.008836       0.027380
       9.131973      -0.009905       0.025217
       9.148666      -0.010055       0.022782
       9.165359      -0.009272       0.020656
       9.182052      -0.007933       0.019320
       9.198745      -0.006691       0.018866
       9.215437      -0.006040       0.018827
       9.232130      -0.005847       0.018569
       9.248823      -0.005554       0.017964
       9.265516      -0.004889       0.017434
       9.282209      -0.004168       0.017366
       9.298902      -0.003927       0.017586
       9.315594      -0.004273       0.017420
       9.332287      -0.004602       0.016355
       9.348980      -0.004082       0.014574
       9.365673      -0.002283       0.012807
       9.382366       0.000668       0.011829
       9.399058       0.004290       0.012181
       9.415751       0.007929       0.014107
       9.432444       0.010898       0.017503
       9.449137       0.012701       0.021970
       9.465830       0.013111       0.027027
       9.482523       0.012100       0.032249
       9.499215       0.009716       0.037363
       9.515908       0.005837       0.042156
       9.532601       0.000243       0.046048
       9.549294      -0.006760       0.048074
       9.565987      -0.014071       0.047611
       9.582679      -0.020399       0.044996
       9.599372      -0.025114       0.041297
       9.616065      -0.028511       0.037509
       9.632758      -0.031334       0.033936
       9.649451      -0.034085       0.030174
       9.666144      -0.036587       0.025609
       9.682836      -0.038076       0.020063
       9.699529      -0.037787       0.014150
       9.716222      -0.035670       0.009025
       9.732915      -0.032598       0.005554
       9.749608      -0.029751       0.003707
       9.766301      -0.027886       0.002745
       9.782993      -0.027095       0.001726
       9.799686      -0.026899      -0.000070
       9.816379      -0.026555      -0.002886
       9.833072      -0.025369      -0.006526
       9.849765      -0.022859      -0.010461
       9.866457      -0.018926      -0.013973
       9.883150      -0.013882      -0.016488
       9.899843      -0.008126      -0.017711
       9.916536      -0.002094      -0.017412
       9.933229       0.003589      -0.015587
       9.949922       0.008465      -0.012673
       9.966614       0.012585      -0.009119
       9.983307       0.016163      -0.004911
      10.000000       0.018959       0.000237
