  # energy grid [eV]     epsr     epsi
       0.001000       3.309323       0.000044
       0.017693       3.340710       0.000777
       0.034386       3.341038       0.001510
       0.051078       3.341468       0.002244
       0.067771       3.342052       0.002980
       0.084464       3.342797       0.003717
       0.101157       3.343704       0.004457
       0.117850       3.344775       0.005200
       0.134543       3.346011       0.005945
       0.151235       3.347412       0.006694
       0.167928       3.348979       0.007448
       0.184621       3.350714       0.008206
       0.201314       3.352618       0.008969
       0.218007       3.354691       0.009737
       0.234699       3.356934       0.010512
       0.251392       3.359351       0.011293
       0.268085       3.361941       0.012082
       0.284778       3.364706       0.012878
       0.301471       3.367649       0.013682
       0.318164       3.370771       0.014495
       0.334856       3.374074       0.015318
       0.351549       3.377560       0.016150
       0.368242       3.381232       0.016993
       0.384935       3.385092       0.017848
       0.401628       3.389142       0.018714
       0.418321       3.393385       0.019593
       0.435013       3.397824       0.020485
       0.451706       3.402463       0.021391
       0.468399       3.407303       0.022312
       0.485092       3.412349       0.023249
       0.501785       3.417604       0.024203
       0.518477       3.423072       0.025173
       0.535170       3.428756       0.026162
       0.551863       3.434661       0.027170
       0.568556       3.440792       0.028199
       0.585249       3.447151       0.029248
       0.601942       3.453746       0.030320
       0.618634       3.460579       0.031415
       0.635327       3.467658       0.032536
       0.652020       3.474986       0.033682
       0.668713       3.482571       0.034855
       0.685406       3.490418       0.036057
       0.702098       3.498533       0.037289
       0.718791       3.506924       0.038553
       0.735484       3.515597       0.039850
       0.752177       3.524560       0.041182
       0.768870       3.533820       0.042551
       0.785563       3.543387       0.043959
       0.802255       3.553268       0.045408
       0.818948       3.563473       0.046900
       0.835641       3.574012       0.048438
       0.852334       3.584894       0.050023
       0.869027       3.596131       0.051659
       0.885720       3.607733       0.053348
       0.902412       3.619713       0.055094
       0.919105       3.632083       0.056899
       0.935798       3.644856       0.058767
       0.952491       3.658046       0.060702
       0.969184       3.671669       0.062708
       0.985876       3.685740       0.064788
       1.002569       3.700276       0.066948
       1.019262       3.715294       0.069193
       1.035955       3.730813       0.071526
       1.052648       3.746853       0.073956
       1.069341       3.763435       0.076486
       1.086033       3.780581       0.079125
       1.102726       3.798317       0.081880
       1.119419       3.816666       0.084757
       1.136112       3.835657       0.087767
       1.152805       3.855319       0.090917
       1.169497       3.875682       0.094219
       1.186190       3.896780       0.097684
       1.202883       3.918649       0.101323
       1.219576       3.941328       0.105151
       1.236269       3.964857       0.109181
       1.252962       3.989281       0.113431
       1.269654       4.014648       0.117918
       1.286347       4.041010       0.122663
       1.303040       4.068423       0.127686
       1.319733       4.096947       0.133014
       1.336426       4.126649       0.138674
       1.353119       4.157599       0.144697
       1.369811       4.189878       0.151117
       1.386504       4.223568       0.157974
       1.403197       4.258765       0.165313
       1.419890       4.295570       0.173183
       1.436583       4.334095       0.181643
       1.453275       4.374466       0.190759
       1.469968       4.416818       0.200606
       1.486661       4.461303       0.211273
       1.503354       4.508089       0.222862
       1.520047       4.557365       0.235492
       1.536740       4.609338       0.249304
       1.553432       4.664243       0.264465
       1.570125       4.722341       0.281174
       1.586818       4.783926       0.299669
       1.603511       4.849329       0.320241
       1.620204       4.918920       0.343245
       1.636896       4.993115       0.369119
       1.653589       5.072375       0.398410
       1.670282       5.157207       0.431811
       1.686975       5.248151       0.470200
       1.703668       5.345756       0.514707
       1.720361       5.450514       0.566783
       1.737053       5.562753       0.628266
       1.753746       5.682428       0.701410
       1.770439       5.808863       0.788747
       1.787132       5.940559       0.892693
       1.803825       6.075441       1.014916
       1.820518       6.211809       1.155978
       1.837210       6.349852       1.316018
       1.853903       6.492512       1.497573
       1.870596       6.642385       1.709301
       1.887289       6.795479       1.964581
       1.903982       6.940150       2.275360
       1.920674       7.060985       2.651376
       1.937367       7.134777       3.104384
       1.954060       7.118176       3.639514
       1.970753       6.951326       4.229201
       1.987446       6.591378       4.797956
       2.004139       6.050252       5.244478
       2.020831       5.402114       5.484758
       2.037524       4.766316       5.489381
       2.054217       4.262768       5.315365
       2.070910       3.937164       5.085675
       2.087603       3.738754       4.905389
       2.104295       3.573248       4.804140
       2.120988       3.366956       4.736112
       2.137681       3.114226       4.618246
       2.154374       2.883778       4.399282
       2.171067       2.759073       4.107462
       2.187760       2.770483       3.822090
       2.204452       2.888700       3.613039
       2.221145       3.058435       3.513025
       2.237838       3.225542       3.522598
       2.254531       3.346444       3.621599
       2.271224       3.391769       3.774328
       2.287917       3.354983       3.935591
       2.304609       3.256418       4.069018
       2.321302       3.125975       4.163705
       2.337995       2.980710       4.224453
       2.354688       2.829112       4.251666
       2.371381       2.686096       4.246279
       2.388073       2.564524       4.221638
       2.404766       2.464454       4.194244
       2.421459       2.378483       4.175306
       2.438152       2.295264       4.170757
       2.454845       2.201348       4.179687
       2.471538       2.083924       4.192984
       2.488230       1.937057       4.191561
       2.504923       1.771469       4.153961
       2.521616       1.611080       4.072878
       2.538309       1.474968       3.958448
       2.555002       1.369412       3.823960
       2.571694       1.297176       3.677308
       2.588387       1.264552       3.528200
       2.605080       1.273303       3.395175
       2.621773       1.310861       3.297622
       2.638466       1.354104       3.242993
       2.655159       1.381418       3.223356
       2.671851       1.381984       3.222290
       2.688544       1.354789       3.225504
       2.705237       1.299583       3.222062
       2.721930       1.217514       3.195022
       2.738623       1.125518       3.123566
       2.755316       1.057904       3.004400
       2.772008       1.042404       2.862429
       2.788701       1.080358       2.732866
       2.805394       1.152028       2.638916
       2.822087       1.232384       2.584529
       2.838780       1.305156       2.558290
       2.855472       1.370028       2.547380
       2.872165       1.432789       2.551215
       2.888858       1.489796       2.576649
       2.905551       1.527549       2.623111
       2.922244       1.535053       2.676373
       2.938937       1.515482       2.715627
       2.955629       1.487436       2.727049
       2.972322       1.475944       2.713749
       2.989015       1.498288       2.697033
       3.005708       1.552300       2.705624
       3.022401       1.618242       2.760253
       3.039093       1.668336       2.868279
       3.055786       1.670618       3.022118
       3.072479       1.597765       3.191658
       3.089172       1.449413       3.329640
       3.105865       1.259848       3.402366
       3.122558       1.070597       3.411726
       3.139250       0.901666       3.380303
       3.155943       0.751958       3.326057
       3.172636       0.615465       3.252328
       3.189329       0.496160       3.155577
       3.206022       0.405197       3.041355
       3.222715       0.345948       2.924154
       3.239407       0.311872       2.815157
       3.256100       0.294520       2.717857
       3.272793       0.289440       2.631528
       3.289486       0.296017       2.557787
       3.306179       0.310459       2.502268
       3.322871       0.322825       2.466938
       3.339564       0.325220       2.445727
       3.356257       0.317264       2.432596
       3.372950       0.298736       2.427312
       3.389643       0.263938       2.429327
       3.406336       0.205371       2.432202
       3.423028       0.118638       2.423091
       3.439721       0.007464       2.384650
       3.456414      -0.112637       2.301359
       3.473107      -0.216052       2.168357
       3.489800      -0.276179       1.998776
       3.506492      -0.280326       1.821096
       3.523185      -0.237051       1.663716
       3.539878      -0.167741       1.540342
       3.556571      -0.091549       1.448703
       3.573264      -0.017618       1.380479
       3.589957       0.050932       1.329951
       3.606649       0.111056       1.292993
       3.623342       0.160976       1.263763
       3.640035       0.202785       1.237133
       3.656728       0.239434       1.211861
       3.673421       0.271132       1.187719
       3.690114       0.298018       1.162030
       3.706806       0.323561       1.132212
       3.723499       0.352643       1.099637
       3.740192       0.387156       1.069339
       3.756885       0.424029       1.045926
       3.773578       0.457639       1.029768
       3.790270       0.483918       1.016897
       3.806963       0.502509       1.001475
       3.823656       0.517215       0.978242
       3.840349       0.535386       0.945715
       3.857042       0.563698       0.908622
       3.873735       0.603130       0.874992
       3.890427       0.649093       0.850506
       3.907120       0.695391       0.836097
       3.923813       0.737488       0.828953
       3.940506       0.774033       0.824803
       3.957199       0.806444       0.820389
       3.973891       0.836981       0.814518
       3.990584       0.867297       0.807199
       4.007277       0.898650       0.798606
       4.023970       0.932546       0.789211
       4.040663       0.970545       0.780690
       4.057356       1.012528       0.776043
       4.074048       1.055689       0.777091
       4.090741       1.097208       0.782210
       4.107434       1.137683       0.788410
       4.124127       1.180245       0.795442
       4.140820       1.226459       0.806421
       4.157513       1.274187       0.824362
       4.174205       1.319943       0.848847
       4.190898       1.362770       0.876976
       4.207591       1.404762       0.906841
       4.224284       1.449038       0.939138
       4.240977       1.497978       0.977287
       4.257669       1.551244       1.026725
       4.274362       1.604664       1.092409
       4.291055       1.651633       1.176183
       4.307748       1.686185       1.276305
       4.324441       1.705095       1.390130
       4.341134       1.705480       1.517589
       4.357826       1.679350       1.658864
       4.374519       1.614698       1.806098
       4.391212       1.506049       1.940709
       4.407905       1.362681       2.043317
       4.424598       1.203115       2.106183
       4.441290       1.042627       2.134205
       4.457983       0.886799       2.136701
       4.474676       0.733514       2.118728
       4.491369       0.580555       2.077645
       4.508062       0.432152       2.007328
       4.524755       0.299499       1.905132
       4.541447       0.195932       1.777280
       4.558140       0.128440       1.638113
       4.574833       0.094109       1.501896
       4.591526       0.084891       1.377003
       4.608219       0.092493       1.266509
       4.624912       0.110089       1.170062
       4.641604       0.133216       1.085281
       4.658297       0.159980       1.009589
       4.674990       0.189876       0.941613
       4.691683       0.222282       0.881008
       4.708376       0.256100       0.827506
       4.725068       0.290112       0.780517
       4.741761       0.323201       0.739089
       4.758454       0.354589       0.701830
       4.775147       0.384300       0.667115
       4.791840       0.413283       0.633872
       4.808533       0.442576       0.602172
       4.825225       0.472396       0.572713
       4.841918       0.502151       0.545916
       4.858611       0.530982       0.521538
       4.875304       0.558291       0.498665
       4.891997       0.584232       0.476059
       4.908689       0.609765       0.452905
       4.925382       0.635939       0.429241
       4.942075       0.663313       0.405476
       4.958768       0.692211       0.381880
       4.975461       0.723114       0.358778
       4.992154       0.756419       0.336946
       5.008846       0.791901       0.317398
       5.025539       0.828739       0.300708
       5.042232       0.866192       0.286817
       5.058925       0.903854       0.275553
       5.075618       0.941325       0.266741
       5.092311       0.978329       0.259970
       5.109003       1.014960       0.254895
       5.125696       1.051288       0.251491
       5.142389       1.087149       0.249646
       5.159082       1.122575       0.249012
       5.175775       1.157864       0.249465
       5.192467       1.193144       0.251093
       5.209160       1.228485       0.253821
       5.225853       1.264214       0.257668
       5.242546       1.300524       0.263015
       5.259239       1.337213       0.270145
       5.275932       1.374154       0.278979
       5.292624       1.411538       0.289468
       5.309317       1.449648       0.301773
       5.326010       1.488845       0.316237
       5.342703       1.529457       0.333626
       5.359396       1.571346       0.355043
       5.376088       1.613884       0.381513
       5.392781       1.656126       0.414009
       5.409474       1.696432       0.453425
       5.426167       1.732282       0.499740
       5.442860       1.761219       0.551068
       5.459553       1.782755       0.603977
       5.476245       1.799334       0.655857
       5.492938       1.814532       0.707169
       5.509631       1.830452       0.761103
       5.526324       1.846671       0.821990
       5.543017       1.860123       0.894106
       5.559710       1.865056       0.980805
       5.576402       1.852555       1.083491
       5.593095       1.809875       1.198845
       5.609788       1.723027       1.313224
       5.626481       1.587574       1.399538
       5.643174       1.421991       1.428543
       5.659866       1.263227       1.391385
       5.676559       1.142268       1.306575
       5.693252       1.067926       1.202537
       5.709945       1.033042       1.099727
       5.726638       1.026635       1.008244
       5.743331       1.038485       0.931914
       5.760023       1.060217       0.870119
       5.776716       1.087006       0.819617
       5.793409       1.117449       0.777676
       5.810102       1.151159       0.743472
       5.826795       1.186952       0.717039
       5.843487       1.222988       0.697648
       5.860180       1.258178       0.683516
       5.876873       1.292772       0.672938
       5.893566       1.327843       0.665086
       5.910259       1.364526       0.660349
       5.926952       1.403029       0.659918
       5.943644       1.442582       0.664680
       5.960337       1.482159       0.674779
       5.977030       1.521193       0.689677
       5.993723       1.560256       0.709045
       6.010416       1.600284       0.734136
       6.027109       1.640847       0.767628
       6.043801       1.679334       0.812321
       6.060494       1.711003       0.869784
       6.077187       1.729540       0.939151
       6.093880       1.728091       1.015659
       6.110573       1.702461       1.089279
       6.127265       1.656145       1.147495
       6.143958       1.600566       1.182905
       6.160651       1.547846       1.197386
       6.177344       1.504342       1.197693
       6.194037       1.472177       1.189727
       6.210730       1.452070       1.179254
       6.227422       1.441211       1.171786
       6.244115       1.434926       1.168340
       6.260808       1.432278       1.167265
       6.277501       1.434662       1.170209
       6.294194       1.439849       1.181286
       6.310886       1.441993       1.201064
       6.327579       1.437580       1.225394
       6.344272       1.427807       1.250890
       6.360965       1.414002       1.278184
       6.377658       1.393768       1.308409
       6.394351       1.363275       1.338900
       6.411043       1.321794       1.363770
       6.427736       1.273271       1.378141
       6.444429       1.223265       1.381656
       6.461122       1.174500       1.377476
       6.477815       1.125145       1.368272
       6.494508       1.071014       1.351564
       6.511200       1.012562       1.318758
       6.527893       0.960033       1.262700
       6.544586       0.928058       1.186720
       6.561279       0.925058       1.103687
       6.577972       0.949516       1.027516
       6.594664       0.993553       0.967096
       6.611357       1.047933       0.924811
       6.628050       1.106266       0.898233
       6.644743       1.166518       0.884104
       6.661436       1.229011       0.881302
       6.678129       1.293905       0.890900
       6.694821       1.360052       0.915079
       6.711514       1.424809       0.956079
       6.728207       1.484382       1.015668
       6.744900       1.533798       1.095297
       6.761593       1.565616       1.195681
       6.778285       1.569028       1.313712
       6.794978       1.533289       1.438152
       6.811671       1.455599       1.550299
       6.828364       1.345438       1.632545
       6.845057       1.219456       1.676682
       6.861750       1.093067       1.684285
       6.878442       0.976263       1.661764
       6.895135       0.874440       1.616141
       6.911828       0.790036       1.553643
       6.928521       0.724072       1.478710
       6.945214       0.678505       1.394983
       6.961907       0.655467       1.308186
       6.978599       0.654041       1.225575
       6.995292       0.670046       1.152715
       7.011985       0.698507       1.092304
       7.028678       0.735082       1.045438
       7.045371       0.775526       1.012387
       7.062063       0.815598       0.991767
       7.078756       0.852883       0.980253
       7.095449       0.888123       0.975221
       7.112142       0.922559       0.977354
       7.128835       0.954379       0.988898
       7.145528       0.978716       1.009648
       7.162220       0.991512       1.034680
       7.178913       0.993993       1.057225
       7.195606       0.991608       1.074427
       7.212299       0.988546       1.088442
       7.228992       0.984849       1.102661
       7.245684       0.977910       1.117960
       7.262377       0.966008       1.132361
       7.279070       0.949395       1.143458
       7.295763       0.929421       1.149065
       7.312456       0.909172       1.147686
       7.329149       0.892474       1.140738
       7.345841       0.880333       1.131954
       7.362534       0.870653       1.123200
       7.379227       0.862174       1.113371
       7.395920       0.855962       1.101373
       7.412613       0.853919       1.087442
       7.429306       0.858139       1.073335
       7.445998       0.869437       1.062836
       7.462691       0.885527       1.059956
       7.479384       0.902032       1.066335
       7.496077       0.914670       1.080825
       7.512770       0.920852       1.099994
       7.529462       0.921478       1.120033
       7.546155       0.919716       1.140447
       7.562848       0.916663       1.164238
       7.579541       0.909565       1.194571
       7.596234       0.892688       1.232059
       7.612927       0.859357       1.272645
       7.629619       0.805962       1.307210
       7.646312       0.735124       1.324986
       7.663005       0.655149       1.317368
       7.679698       0.579124       1.280335
       7.696391       0.522123       1.218659
       7.713083       0.493078       1.146146
       7.729776       0.490238       1.077460
       7.746469       0.505890       1.021275
       7.763162       0.531990       0.981108
       7.779855       0.560752       0.957657
       7.796548       0.584807       0.948021
       7.813240       0.600059       0.945930
       7.829933       0.607049       0.945088
       7.846626       0.609254       0.941786
       7.863319       0.610899       0.935800
       7.880012       0.614059       0.930014
       7.896705       0.617051       0.926875
       7.913397       0.617503       0.925590
       7.930090       0.615398       0.924343
       7.946783       0.611440       0.923024
       7.963476       0.604652       0.921680
       7.980169       0.594074       0.918069
       7.996861       0.581702       0.909240
       8.013554       0.571670       0.895064
       8.030247       0.566558       0.878718
       8.046940       0.565689       0.863627
       8.063633       0.566982       0.851299
       8.080326       0.568528       0.842142
       8.097018       0.568027       0.835801
       8.113711       0.563374       0.830100
       8.130404       0.554253       0.821425
       8.147097       0.543072       0.805944
       8.163790       0.535346       0.782032
       8.180482       0.536885       0.752770
       8.197175       0.550094       0.724302
       8.213868       0.573789       0.702898
       8.230561       0.603756       0.693979
       8.247254       0.632516       0.700450
       8.263947       0.651122       0.719961
       8.280639       0.653714       0.744311
       8.297332       0.641505       0.763494
       8.314025       0.621427       0.771732
       8.330718       0.600729       0.769248
       8.347411       0.583545       0.759574
       8.364104       0.570607       0.746550
       8.380796       0.560514       0.732326
       8.397489       0.551885       0.716936
       8.414182       0.544546       0.699700
       8.430875       0.538933       0.680119
       8.447568       0.536174       0.657630
       8.464260       0.538541       0.632703
       8.480953       0.547961       0.607969
       8.497646       0.564171       0.587280
       8.514339       0.584341       0.573701
       8.531032       0.604431       0.567804
       8.547725       0.621466       0.567881
       8.564417       0.634160       0.571903
       8.581110       0.641631       0.578141
       8.597803       0.643412       0.584220
       8.614496       0.640503       0.587752
       8.631189       0.634563       0.587459
       8.647881       0.627203       0.582405
       8.664574       0.621023       0.572079
       8.681267       0.619017       0.558216
       8.697960       0.621832       0.544491
       8.714653       0.627051       0.533369
       8.731346       0.631919       0.524226
       8.748038       0.635876       0.515048
       8.764731       0.639912       0.504847
       8.781424       0.644826       0.493573
       8.798117       0.651479       0.481113
       8.814810       0.661442       0.468291
       8.831503       0.675121       0.457728
       8.848195       0.690271       0.451524
       8.864888       0.704019       0.449093
       8.881581       0.715346       0.448386
       8.898274       0.724650       0.448086
       8.914967       0.732231       0.447542
       8.931659       0.738406       0.445831
       8.948352       0.744354       0.441976
       8.965045       0.752143       0.436127
       8.981738       0.763243       0.430253
       8.998431       0.777038       0.426862
       9.015124       0.791289       0.427022
       9.031816       0.804059       0.429742
       9.048509       0.815165       0.433412
       9.065202       0.825310       0.437526
       9.081895       0.834498       0.442181
       9.098588       0.842482       0.446575
       9.115280       0.850591       0.449521
       9.131973       0.861442       0.451956
       9.148666       0.875867       0.457463
       9.165359       0.891153       0.469401
       9.182052       0.902613       0.488070
       9.198745       0.906655       0.510238
       9.215437       0.903205       0.531345
       9.232130       0.895090       0.549025
       9.248823       0.884462       0.564110
       9.265516       0.870575       0.577782
       9.282209       0.851457       0.588492
       9.298902       0.827574       0.592164
       9.315594       0.803307       0.585933
       9.332287       0.783969       0.571127
       9.348980       0.772121       0.551838
       9.365673       0.767295       0.531634
       9.382366       0.768132       0.512201
       9.399058       0.773975       0.494350
       9.415751       0.784469       0.479374
       9.432444       0.798408       0.468878
       9.449137       0.813608       0.463707
       9.465830       0.827781       0.463284
       9.482523       0.839673       0.465997
       9.499215       0.849280       0.470469
       9.515908       0.856724       0.476083
       9.532601       0.861820       0.482031
       9.549294       0.865021       0.486985
       9.565987       0.868050       0.490052
       9.582679       0.873340       0.492147
       9.599372       0.881959       0.496460
       9.616065       0.891821       0.506360
       9.632758       0.898885       0.522719
       9.649451       0.899729       0.543878
       9.666144       0.892173       0.567305
       9.682836       0.874397       0.589674
       9.699529       0.845941       0.605667
       9.716222       0.810253       0.609324
       9.732915       0.774448       0.597724
       9.749608       0.746137       0.572656
       9.766301       0.730622       0.539771
       9.782993       0.729053       0.506513
       9.799686       0.738361       0.479092
       9.816379       0.753297       0.460528
       9.833072       0.768602       0.450595
       9.849765       0.780556       0.446528
       9.866457       0.788171       0.444522
       9.883150       0.792847       0.441974
       9.899843       0.796296       0.438264
       9.916536       0.799436       0.433515
       9.933229       0.802846       0.427878
       9.949922       0.806953       0.421556
       9.966614       0.812243       0.414733
       9.983307       0.819332       0.408082
      10.000000       0.828099       0.402809
