       0.167928       2.297272       0.002174
       0.184621       2.297779       0.002394
       0.201314       2.298334       0.002615
       0.218007       2.298939       0.002837
       0.234699       2.299593       0.003060
       0.251392       2.300297       0.003285
       0.268085       2.301051       0.003512
       0.284778       2.301856       0.003740
       0.301471       2.302711       0.003970
       0.318164       2.303618       0.004202
       0.334856       2.304576       0.004436
       0.351549       2.305586       0.004673
       0.368242       2.306649       0.004911
       0.384935       2.307765       0.005152
       0.401628       2.308935       0.005396
       0.418321       2.310159       0.005642
       0.435013       2.311438       0.005891
       0.451706       2.312772       0.006143
       0.468399       2.314163       0.006399
       0.485092       2.315611       0.006657
       0.501785       2.317116       0.006920
       0.518477       2.318680       0.007186
       0.535170       2.320303       0.007456
       0.551863       2.321987       0.007730
       0.568556       2.323731       0.008008
       0.585249       2.325538       0.008291
       0.601942       2.327408       0.008579
       0.618634       2.329342       0.008872
       0.635327       2.331342       0.009169
       0.652020       2.333408       0.009473
       0.668713       2.335542       0.009782
       0.685406       2.337745       0.010098
       0.702098       2.340018       0.010419
       0.718791       2.342363       0.010748
       0.735484       2.344781       0.011083
       0.752177       2.347275       0.011426
       0.768870       2.349845       0.011776
       0.785563       2.352493       0.012135
       0.802255       2.355221       0.012502
       0.818948       2.358032       0.012879
       0.835641       2.360926       0.013264
       0.852334       2.363907       0.013660
       0.869027       2.366976       0.014067
       0.885720       2.370136       0.014484
       0.902412       2.373389       0.014913
       0.919105       2.376738       0.015355
       0.935798       2.380186       0.015810
       0.952491       2.383735       0.016279
       0.969184       2.387389       0.016762
       0.985876       2.391151       0.017261
       1.002569       2.395024       0.017776
       1.019262       2.399012       0.018309
       1.035955       2.403119       0.018861
       1.052648       2.407349       0.019432
       1.069341       2.411707       0.020025
       1.086033       2.416197       0.020640
       1.102726       2.420824       0.021279
       1.119419       2.425593       0.021944
       1.136112       2.430511       0.022637
       1.152805       2.435582       0.023359
       1.169497       2.440814       0.024113
       1.186190       2.446214       0.024901
       1.202883       2.451790       0.025727
       1.219576       2.457548       0.026592
       1.236269       2.463498       0.027501
       1.252962       2.469650       0.028458
       1.269654       2.476014       0.029465
       1.286347       2.482600       0.030528
       1.303040       2.489421       0.031653
       1.319733       2.496490       0.032845
       1.336426       2.503821       0.034111
       1.353119       2.511430       0.035459
       1.369811       2.519334       0.036897
       1.386504       2.527553       0.038437
       1.403197       2.536106       0.040089
       1.419890       2.545017       0.041868
       1.436583       2.554313       0.043789
       1.453275       2.564020       0.045872
       1.469968       2.574173       0.048139
       1.486661       2.584805       0.050617
       1.503354       2.595958       0.053338
       1.520047       2.607676       0.056342
       1.536740       2.620011       0.059678
       1.553432       2.633019       0.063404
       1.570125       2.646764       0.067596
       1.586818       2.661318       0.072349
       1.603511       2.676760       0.077782
       1.620204       2.693175       0.084054
       1.636896       2.710652       0.091369
       1.653589       2.729272       0.100000
       1.670282       2.749096       0.110309
       1.686975       2.770130       0.122784
       1.703668       2.792258       0.138069
       1.720361       2.815124       0.156995
       1.737053       2.837920       0.180540
       1.753746       2.859090       0.209613
       1.770439       2.876078       0.244444
       1.787132       2.885670       0.283481
       1.803825       2.885710       0.322572
       1.820518       2.877531       0.356294
       1.837210       2.866156       0.381347
       1.853903       2.857575       0.398656
       1.870596       2.855547       0.412913
       1.887289       2.859416       0.429765
       1.903982       2.865405       0.452014
       1.920674       2.870573       0.479411
       1.937367       2.873565       0.512071
       1.954060       2.871305       0.550921
       1.970753       2.858679       0.593731
       1.987446       2.833135       0.633910
       2.004139       2.797499       0.664497
       2.020831       2.758238       0.682010
       2.037524       2.722307       0.687725
       2.054217       2.693681       0.686813
       2.070910       2.671660       0.684580
       2.087603       2.653327       0.683460
       2.104295       2.635989       0.683940
       2.120988       2.616607       0.685157
       2.137681       2.592941       0.682973
       2.154374       2.567982       0.671413
       2.171067       2.550198       0.649519
       2.187760       2.545702       0.624606
       2.204452       2.552028       0.605717
       2.221145       2.561477       0.595795
       2.237838       2.568546       0.591299
       2.254531       2.573056       0.587611
       2.271224       2.577272       0.583186
       2.287917       2.582072       0.578562
       2.304609       2.587227       0.573208
       2.321302       2.594293       0.566015
       2.337995       2.605680       0.558525
       2.354688       2.620835       0.553916
       2.371381       2.636774       0.552798
       2.388073       2.652185       0.552834
       2.404766       2.668879       0.552140
       2.421459       2.689706       0.551730
       2.438152       2.715436       0.555217
       2.454845       2.743129       0.565662
       2.471538       2.768469       0.582293
       2.488230       2.789938       0.601316
       2.504923       2.809743       0.619870
       2.521616       2.831200       0.638212
       2.538309       2.856386       0.659059
       2.555002       2.885193       0.686375
       2.571694       2.914655       0.724160
       2.588387       2.938793       0.774426
       2.605080       2.950132       0.834959
       2.621773       2.943033       0.898232
       2.638466       2.918009       0.953551
       2.655159       2.882735       0.992938
       2.671851       2.847611       1.015350
       2.688544       2.820359       1.025891
       2.705237       2.803276       1.031843
       2.721930       2.794483       1.038367
       2.738623       2.791850       1.047847
       2.755316       2.793602       1.063059
       2.772008       2.794975       1.086484
       2.788701       2.789642       1.115963
       2.805394       2.774518       1.145323
       2.822087       2.750677       1.167646
       2.838780       2.723723       1.176544
       2.855472       2.704694       1.170692
       2.872165       2.703187       1.158916
       2.888858       2.718152       1.154278
       2.905551       2.740092       1.162878
       2.922244       2.761374       1.181670
       2.938937       2.781410       1.205871
       2.955629       2.802609       1.234843
       2.972322       2.825827       1.270628
       2.989015       2.850545       1.315955
       3.005708       2.874216       1.374426
       3.022401       2.891193       1.448458
       3.039093       2.894023       1.537603
       3.055786       2.873863       1.637278
       3.072479       2.824158       1.735335
       3.089172       2.749200       1.815700
       3.105865       2.663540       1.870499
       3.122558       2.580159       1.903775
       3.139250       2.503858       1.923696
       3.155943       2.433367       1.935688
       3.172636       2.366829       1.939457
       3.189329       2.308445       1.933150
       3.206022       2.265032       1.922481
       3.222715       2.235441       1.918319
       3.239407       2.210863       1.926148
       3.256100       2.183317       1.943599
       3.272793       2.150381       1.965414
       3.289486       2.113757       1.989107
       3.306179       2.073719       2.015779
       3.322871       2.027717       2.044538
       3.339564       1.977256       2.071745
       3.356257       1.927856       2.100724
       3.372950       1.876039       2.142242
       3.389643       1.806066       2.200066
       3.406336       1.701445       2.263571
       3.423028       1.554609       2.311656
       3.439721       1.371769       2.319671
       3.456414       1.173404       2.268326
       3.473107       0.989619       2.151311
       3.489800       0.851802       1.980581
       3.506492       0.779299       1.785467
       3.523185       0.769569       1.599482
       3.539878       0.803378       1.444174
       3.556571       0.858848       1.324699
       3.573264       0.920608       1.236140
       3.589957       0.980582       1.170850
       3.606649       1.035629       1.121609
       3.623342       1.086236       1.083009
       3.640035       1.134430       1.053149
       3.656728       1.180243       1.032810
       3.673421       1.221107       1.021568
       3.690114       1.255252       1.016374
       3.706806       1.283490       1.014047
       3.723499       1.308028       1.013190
       3.740192       1.330649       1.014596
       3.756885       1.350865       1.019788
       3.773578       1.366828       1.028236
       3.790270       1.378481       1.037561
       3.806963       1.388372       1.046537
       3.823656       1.399533       1.057266
       3.840349       1.411954       1.074949
       3.857042       1.420224       1.103864
       3.873735       1.416533       1.142812
       3.890427       1.395832       1.185979
       3.907120       1.356752       1.226891
       3.923813       1.299467       1.259560
       3.940506       1.225448       1.277067
       3.957199       1.139661       1.271477
       3.973891       1.052637       1.236738
       3.990584       0.979226       1.173983
       4.007277       0.931467       1.094854
       4.023970       0.910119       1.016071
       4.040663       0.905226       0.948718
       4.057356       0.904454       0.893642
       4.074048       0.899929       0.844058
       4.090741       0.891505       0.790384
       4.107434       0.886929       0.726668
       4.124127       0.895995       0.655924
       4.140820       0.922439       0.587692
       4.157513       0.962327       0.530606
       4.174205       1.008157       0.488320
       4.190898       1.052656       0.459708
       4.207591       1.090899       0.440136
       4.224284       1.122079       0.423315
       4.240977       1.149883       0.404859
       4.257669       1.179149       0.385194
       4.274362       1.211616       0.367927
       4.291055       1.245567       0.355970
       4.307748       1.278116       0.349978
       4.324441       1.306771       0.348922
       4.341134       1.329749       0.350771
       4.357826       1.346189       0.352462
       4.374519       1.357372       0.350240
       4.391212       1.367263       0.341934
       4.407905       1.380176       0.328821
       4.424598       1.398136       0.314411
       4.441290       1.420496       0.302212
       4.457983       1.444756       0.294338
       4.474676       1.467725       0.290762
       4.491369       1.487016       0.289182
       4.508062       1.502738       0.285978
       4.524755       1.518081       0.278825
       4.541447       1.536892       0.268983
       4.558140       1.560459       0.260050
       4.574833       1.587237       0.255058
       4.591526       1.614408       0.255223
       4.608219       1.639017       0.259908
       4.624912       1.658869       0.266618
       4.641604       1.674015       0.271487
       4.658297       1.687753       0.271620
       4.674990       1.704610       0.267815
       4.691683       1.726722       0.263883
       4.708376       1.752921       0.263526
       4.725068       1.780260       0.268506
       4.741761       1.805515       0.278368
       4.758454       1.826489       0.290525
       4.775147       1.843721       0.301282
       4.791840       1.860869       0.308812
       4.808533       1.881640       0.315326
       4.825225       1.906414       0.325157
       4.841918       1.932293       0.341450
       4.858611       1.955051       0.364607
       4.875304       1.971195       0.392167
       4.891997       1.979953       0.420147
       4.908689       1.983296       0.446086
       4.925382       1.982656       0.470317
       4.942075       1.976786       0.492864
       4.958768       1.964505       0.510515
       4.975461       1.948588       0.518912
       4.992154       1.934907       0.517223
       5.008846       1.927746       0.508971
       5.025539       1.927598       0.498285
       5.042232       1.933530       0.487410
       5.058925       1.944768       0.478034
       5.075618       1.959712       0.471458
       5.092311       1.976862       0.467460
       5.109003       1.996116       0.465762
       5.125696       2.017099       0.467207
       5.142389       2.038264       0.471931
       5.159082       2.058875       0.478714
       5.175775       2.079449       0.486937
       5.192467       2.100077       0.496690
       5.209160       2.120937       0.507517
       5.225853       2.143221       0.519741
       5.242546       2.167060       0.535347
       5.259239       2.190444       0.555485
       5.275932       2.211690       0.579164
       5.292624       2.230839       0.605305
       5.309317       2.248253       0.634084
       5.326010       2.263411       0.666399
       5.342703       2.274266       0.702940
       5.359396       2.277536       0.742124
       5.376088       2.272039       0.779231
       5.392781       2.260979       0.810300
       5.409474       2.248500       0.835471
       5.426167       2.236158       0.856784
       5.442860       2.223675       0.875324
       5.459553       2.210719       0.890755
       5.476245       2.198204       0.902105
       5.492938       2.188443       0.909489
       5.509631       2.183488       0.915378
       5.526324       2.182586       0.923719
       5.543017       2.181517       0.936473
       5.559710       2.175897       0.951012
       5.576402       2.165332       0.961915
       5.593095       2.153966       0.965463
       5.609788       2.147166       0.962254
       5.626481       2.148185       0.956047
       5.643174       2.157328       0.951500
       5.659866       2.171827       0.952551
       5.676559       2.186645       0.959712
       5.693252       2.198884       0.968865
       5.709945       2.211281       0.975979
       5.726638       2.228517       0.982285
       5.743331       2.251450       0.992458
       5.760023       2.276856       1.009447
       5.776716       2.301024       1.032446
       5.793409       2.322903       1.058309
       5.810102       2.345066       1.085099
       5.826795       2.370418       1.115099
       5.843487       2.397933       1.152437
       5.860180       2.423554       1.198618
       5.876873       2.443801       1.251725
       5.893566       2.457936       1.308353
       5.910259       2.468042       1.366184
       5.926952       2.477308       1.425719
       5.943644       2.487796       1.490376
       5.960337       2.498683       1.565263
       5.977030       2.505746       1.655300
       5.993723       2.501340       1.764136
       6.010416       2.473141       1.891691
       6.027109       2.406727       2.027910
       6.043801       2.296687       2.151394
       6.060494       2.154597       2.241808
       6.077187       2.000026       2.293220
       6.093880       1.846196       2.310968
       6.110573       1.698520       2.300457
       6.127265       1.561426       2.264294
       6.143958       1.440470       2.206142
       6.160651       1.339452       2.132015
       6.177344       1.259332       2.047370
       6.194037       1.201262       1.956356
       6.210730       1.166395       1.864985
       6.227422       1.152507       1.780100
       6.244115       1.154936       1.706072
       6.260808       1.169063       1.644952
       6.277501       1.190649       1.597635
       6.294194       1.215672       1.563755
       6.310886       1.241487       1.541626
       6.327579       1.267703       1.530485
       6.344272       1.293158       1.532882
       6.360965       1.311422       1.551577
       6.377658       1.312602       1.582658
       6.394351       1.291863       1.614316
       6.411043       1.254577       1.634998
       6.427736       1.210868       1.641536
       6.444429       1.167030       1.637554
       6.461122       1.123869       1.627184
       6.477815       1.078949       1.611928
       6.494508       1.029226       1.588437
       6.511200       0.977045       1.548926
       6.527893       0.933167       1.489117
       6.544586       0.909700       1.414868
       6.561279       0.911535       1.338742
       6.577972       0.935068       1.272729
       6.594664       0.971227       1.223810
       6.611357       1.009804       1.192035
       6.628050       1.044330       1.172122
       6.644743       1.073435       1.158137
       6.661436       1.098391       1.145807
       6.678129       1.122312       1.132145
       6.694821       1.150079       1.117203
       6.711514       1.184928       1.105158
       6.728207       1.225769       1.101088
       6.744900       1.268805       1.107495
       6.761593       1.310666       1.124104
       6.778285       1.349651       1.150086
       6.794978       1.384277       1.185365
       6.811671       1.412453       1.229601
       6.828364       1.432159       1.282004
       6.845057       1.440866       1.341698
       6.861750       1.435143       1.406216
       6.878442       1.412913       1.470520
       6.895135       1.375164       1.529438
       6.911828       1.323701       1.579392
       6.928521       1.260297       1.615933
       6.945214       1.190376       1.633710
       6.961907       1.123458       1.631726
       6.978599       1.067475       1.615534
       6.995292       1.024848       1.593164
       7.011985       0.993724       1.570992
       7.028678       0.970537       1.552910
       7.045371       0.950816       1.540787
       7.062063       0.929696       1.533556
       7.078756       0.904656       1.526861
       7.095449       0.877897       1.516313
       7.112142       0.854334       1.501663
       7.128835       0.836941       1.487269
       7.145528       0.823660       1.478577
       7.162220       0.808685       1.477426
       7.178913       0.787001       1.480977
       7.195606       0.756929       1.484577
       7.212299       0.719259       1.484434
       7.228992       0.675424       1.477734
       7.245684       0.627744       1.461670
       7.262377       0.580279       1.434582
       7.279070       0.537468       1.397213
       7.295763       0.502777       1.352186
       7.312456       0.478063       1.303531
       7.329149       0.462457       1.255553
       7.345841       0.452930       1.210310
       7.362534       0.447396       1.167009
       7.379227       0.446434       1.124882
       7.395920       0.451046       1.085688
       7.412613       0.459641       1.052322
       7.429306       0.468304       1.025587
       7.445998       0.473566       1.003074
       7.462691       0.474795       0.980556
       7.479384       0.474876       0.954897
       7.496077       0.477824       0.926734
       7.512770       0.485055       0.899428
       7.529462       0.494921       0.875599
       7.546155       0.504918       0.855657
       7.562848       0.513296       0.838499
       7.579541       0.519434       0.822507
       7.596234       0.523749       0.806264
       7.612927       0.527214       0.789195
       7.629619       0.530431       0.771484
       7.646312       0.533405       0.753323
       7.663005       0.535808       0.734522
       7.679698       0.537369       0.714101
       7.696391       0.538976       0.690381
       7.713083       0.543327       0.662514
       7.729776       0.553630       0.632108
       7.746469       0.571341       0.602973
       7.763162       0.595003       0.579185
       7.779855       0.620792       0.562956
       7.796548       0.644486       0.553367
       7.813240       0.664112       0.547115
       7.829933       0.680734       0.541554
       7.846626       0.695845       0.536597
       7.863319       0.709044       0.532846
       7.880012       0.719173       0.529256
       7.896705       0.726602       0.523510
       7.913397       0.733800       0.514179
       7.930090       0.743641       0.502314
       7.946783       0.757141       0.490668
       7.963476       0.773166       0.481542
       7.980169       0.789683       0.475803
       7.996861       0.804670       0.472905
       8.013554       0.816976       0.471006
       8.030247       0.827322       0.467975
       8.046940       0.837817       0.463250
       8.063633       0.849888       0.458181
       8.080326       0.863262       0.454438
       8.097018       0.876672       0.452765
       8.113711       0.888807       0.452853
       8.130404       0.898827       0.453629
       8.147097       0.906784       0.453557
       8.163790       0.913978       0.451470
       8.180482       0.922155       0.447643
       8.197175       0.932120       0.443343
       8.213868       0.943791       0.439718
       8.230561       0.956683       0.437754
       8.247254       0.969563       0.438215
       8.263947       0.980592       0.440610
       8.280639       0.988925       0.442819
       8.297332       0.995986       0.442747
       8.314025       1.004412       0.440440
       8.330718       1.015601       0.438087
       8.347411       1.028613       0.437939
       8.364104       1.041315       0.440529
       8.380796       1.052136       0.444751
       8.397489       1.060701       0.448888
       8.414182       1.067831       0.451284
       8.430875       1.075568       0.451080
       8.447568       1.086469       0.449355
       8.464260       1.101494       0.449283
       8.480953       1.118525       0.453784
       8.497646       1.134042       0.462797
       8.514339       1.146549       0.473686
       8.531032       1.157524       0.484711
       8.547725       1.168407       0.496974
       8.564417       1.178166       0.512278
       8.581110       1.184264       0.530700
       8.597803       1.184436       0.550349
       8.614496       1.177682       0.567756
       8.631189       1.165660       0.578596
       8.647881       1.153359       0.580429
       8.664574       1.146318       0.575262
       8.681267       1.146702       0.568185
       8.697960       1.152539       0.563341
       8.714653       1.160669       0.561429
       8.731346       1.169956       0.561036
       8.748038       1.181378       0.561657
       8.764731       1.195667       0.564644
       8.781424       1.212098       0.571718
       8.798117       1.228931       0.583973
       8.814810       1.243804       0.601200
       8.831503       1.255362       0.621378
       8.848195       1.264789       0.642890
       8.864888       1.273401       0.666963
       8.881581       1.279592       0.695441
       8.898274       1.280508       0.727433
       8.914967       1.275372       0.760048
       8.931659       1.266030       0.791326
       8.948352       1.254845       0.822178
       8.965045       1.241675       0.855503
       8.981738       1.223464       0.892843
       8.998431       1.197055       0.933268
       9.015124       1.159890       0.975415
       9.031816       1.107933       1.017025
       9.048509       1.036539       1.051554
       9.065202       0.945194       1.067191
       9.081895       0.842395       1.050453
       9.098588       0.747227       0.994456
       9.115280       0.681382       0.908048
       9.131973       0.654457       0.812782
       9.148666       0.659911       0.728314
       9.165359       0.684020       0.663487
       9.182052       0.714846       0.617927
       9.198745       0.745484       0.587193
       9.215437       0.773377       0.566840
       9.232130       0.797980       0.554338
       9.248823       0.818306       0.548745
       9.265516       0.831965       0.548599
       9.282209       0.836818       0.550039
       9.298902       0.833817       0.547696
       9.315594       0.827491       0.538171
       9.332287       0.822836       0.522076
       9.348980       0.822468       0.502337
       9.365673       0.826717       0.481784
       9.382366       0.834726       0.462421
       9.399058       0.844976       0.445274
       9.415751       0.855930       0.430146
       9.432444       0.866915       0.415974
       9.449137       0.878414       0.401820
       9.465830       0.891444       0.387729
       9.482523       0.906405       0.374647
       9.499215       0.922765       0.363279
       9.515908       0.939993       0.353572
       9.532601       0.958139       0.345431
       9.549294       0.977240       0.339328
       9.565987       0.996668       0.335701
       9.582679       1.015795       0.334271
       9.599372       1.034703       0.334762
       9.616065       1.053472       0.337664
       9.632758       1.071322       0.343703
       9.649451       1.086702       0.352914
       9.666144       1.098080       0.364139
       9.682836       1.104903       0.375372
       9.699529       1.107765       0.384765
       9.716222       1.107766       0.390990
       9.732915       1.106472       0.392960
       9.749608       1.106240       0.390350
       9.766301       1.109453       0.384376
       9.782993       1.117335       0.377413
       9.799686       1.129619       0.371866
       9.816379       1.145171       0.369422
       9.833072       1.162591       0.371167
       9.849765       1.180187       0.377756
       9.866457       1.196025       0.389190
       9.883150       1.208216       0.404706
       9.899843       1.215247       0.422774
       9.916536       1.216348       0.441414
       9.933229       1.211294       0.458563
       9.949922       1.200414       0.471666
       9.966614       1.185643       0.477982
       9.983307       1.170477       0.476169
      10.000000       1.158606       0.466899
