  # energy grid [eV]     epsr     epsi
       0.001000      -0.121139       0.000000
       0.017693      -0.121344      -0.000043
       0.034386      -0.121359      -0.000087
       0.051078      -0.121384      -0.000130
       0.067771      -0.121418      -0.000174
       0.084464      -0.121462      -0.000217
       0.101157      -0.121516      -0.000261
       0.117850      -0.121579      -0.000305
       0.134543      -0.121653      -0.000350
       0.151235      -0.121736      -0.000394
       0.167928      -0.121829      -0.000438
       0.184621      -0.121932      -0.000483
       0.201314      -0.122044      -0.000528
       0.218007      -0.122167      -0.000574
       0.234699      -0.122300      -0.000620
       0.251392      -0.122443      -0.000666
       0.268085      -0.122596      -0.000712
       0.284778      -0.122760      -0.000759
       0.301471      -0.122934      -0.000806
       0.318164      -0.123119      -0.000854
       0.334856      -0.123314      -0.000902
       0.351549      -0.123520      -0.000951
       0.368242      -0.123737      -0.001001
       0.384935      -0.123965      -0.001051
       0.401628      -0.124204      -0.001101
       0.418321      -0.124454      -0.001153
       0.435013      -0.124716      -0.001205
       0.451706      -0.124989      -0.001257
       0.468399      -0.125274      -0.001311
       0.485092      -0.125571      -0.001365
       0.501785      -0.125880      -0.001420
       0.518477      -0.126202      -0.001477
       0.535170      -0.126536      -0.001534
       0.551863      -0.126883      -0.001592
       0.568556      -0.127242      -0.001651
       0.585249      -0.127615      -0.001712
       0.601942      -0.128001      -0.001773
       0.618634      -0.128402      -0.001836
       0.635327      -0.128816      -0.001900
       0.652020      -0.129244      -0.001965
       0.668713      -0.129687      -0.002032
       0.685406      -0.130145      -0.002101
       0.702098      -0.130618      -0.002171
       0.718791      -0.131107      -0.002242
       0.735484      -0.131611      -0.002316
       0.752177      -0.132132      -0.002391
       0.768870      -0.132670      -0.002468
       0.785563      -0.133225      -0.002547
       0.802255      -0.133798      -0.002629
       0.818948      -0.134389      -0.002713
       0.835641      -0.134999      -0.002799
       0.852334      -0.135628      -0.002887
       0.869027      -0.136276      -0.002978
       0.885720      -0.136945      -0.003072
       0.902412      -0.137635      -0.003169
       0.919105      -0.138346      -0.003270
       0.935798      -0.139080      -0.003373
       0.952491      -0.139837      -0.003480
       0.969184      -0.140618      -0.003591
       0.985876      -0.141423      -0.003705
       1.002569      -0.142254      -0.003824
       1.019262      -0.143111      -0.003947
       1.035955      -0.143996      -0.004075
       1.052648      -0.144909      -0.004208
       1.069341      -0.145852      -0.004347
       1.086033      -0.146825      -0.004491
       1.102726      -0.147831      -0.004641
       1.119419      -0.148870      -0.004798
       1.136112      -0.149944      -0.004962
       1.152805      -0.151054      -0.005133
       1.169497      -0.152202      -0.005313
       1.186190      -0.153390      -0.005501
       1.202883      -0.154620      -0.005699
       1.219576      -0.155894      -0.005907
       1.236269      -0.157213      -0.006126
       1.252962      -0.158581      -0.006357
       1.269654      -0.160000      -0.006601
       1.286347      -0.161473      -0.006859
       1.303040      -0.163003      -0.007133
       1.319733      -0.164593      -0.007424
       1.336426      -0.166247      -0.007734
       1.353119      -0.167968      -0.008064
       1.369811      -0.169762      -0.008417
       1.386504      -0.171632      -0.008796
       1.403197      -0.173585      -0.009202
       1.419890      -0.175626      -0.009640
       1.436583      -0.177762      -0.010114
       1.453275      -0.179999      -0.010627
       1.469968      -0.182346      -0.011185
       1.486661      -0.184811      -0.011795
       1.503354      -0.187405      -0.012464
       1.520047      -0.190139      -0.013200
       1.536740      -0.193025      -0.014014
       1.553432      -0.196077      -0.014921
       1.570125      -0.199310      -0.015935
       1.586818      -0.202744      -0.017078
       1.603511      -0.206396      -0.018376
       1.620204      -0.210287      -0.019860
       1.636896      -0.214440      -0.021575
       1.653589      -0.218875      -0.023575
       1.670282      -0.223608      -0.025934
       1.686975      -0.228642      -0.028747
       1.703668      -0.233955      -0.032139
       1.720361      -0.239470      -0.036260
       1.737053      -0.245016      -0.041265
       1.753746      -0.250272      -0.047241
       1.770439      -0.254769      -0.054029
       1.787132      -0.258111      -0.060976
       1.803825      -0.260576      -0.066921
       1.820518      -0.263712      -0.070976
       1.837210      -0.269866      -0.073830
       1.853903      -0.280556      -0.078094
       1.870596      -0.295260      -0.087020
       1.887289      -0.311988      -0.103099
       1.903982      -0.328094      -0.128363
       1.920674      -0.339241      -0.164676
       1.937367      -0.338383      -0.211543
       1.954060      -0.317952      -0.262946
       1.970753      -0.275151      -0.307133
       1.987446      -0.216369      -0.332009
       2.004139      -0.154451      -0.333197
       2.020831      -0.099838      -0.315337
       2.037524      -0.056260      -0.285595
       2.054217      -0.023391      -0.248778
       2.070910      -0.000318      -0.206626
       2.087603       0.011522      -0.159188
       2.104295       0.007603      -0.109264
       2.120988      -0.014322      -0.065559
       2.137681      -0.048221      -0.037761
       2.154374      -0.082106      -0.028064
       2.171067      -0.107296      -0.029447
       2.187760      -0.123556      -0.033358
       2.204452      -0.134580      -0.035887
       2.221145      -0.143177      -0.036295
       2.237838      -0.151165      -0.034449
       2.254531      -0.160339      -0.030565
       2.271224      -0.172596      -0.025788
       2.287917      -0.189065      -0.022962
       2.304609      -0.207778      -0.025666
       2.321302      -0.224028      -0.034194
       2.337995      -0.235278      -0.044782
       2.354688      -0.242982      -0.054142
       2.371381      -0.249382      -0.061767
       2.388073      -0.255330      -0.068242
       2.404766      -0.260851      -0.073507
       2.421459      -0.266521      -0.076595
       2.438152      -0.274592      -0.076846
       2.454845      -0.288143      -0.075990
       2.471538      -0.308302      -0.078305
       2.488230      -0.332607      -0.087909
       2.504923      -0.356728      -0.105872
       2.521616      -0.377731      -0.130491
       2.538309      -0.395027      -0.160003
       2.555002      -0.408807      -0.194097
       2.571694      -0.418635      -0.233946
       2.588387      -0.421395      -0.281567
       2.605080      -0.410207      -0.335671
       2.621773      -0.379802      -0.387836
       2.638466      -0.333322      -0.427260
       2.655159      -0.279898      -0.449330
       2.671851      -0.226529      -0.455720
       2.688544      -0.176937      -0.448501
       2.705237      -0.135137      -0.429831
       2.721930      -0.104103      -0.404463
       2.738623      -0.083176      -0.377519
       2.755316      -0.069799      -0.351767
       2.772008      -0.061694      -0.328205
       2.788701      -0.056916      -0.307414
       2.805394      -0.052516      -0.289364
       2.822087      -0.045122      -0.270656
       2.838780      -0.035903      -0.244572
       2.855472      -0.032269      -0.207412
       2.872165      -0.042264      -0.162149
       2.888858      -0.070388      -0.115480
       2.905551      -0.117661      -0.075396
       2.922244      -0.180816      -0.050099
       2.938937      -0.252096      -0.044216
       2.955629      -0.324381      -0.055902
       2.972322      -0.396629      -0.081255
       2.989015      -0.471990      -0.121215
       3.005708      -0.551197      -0.183688
       3.022401      -0.625794      -0.279934
       3.039093      -0.675548      -0.414858
       3.055786      -0.676192      -0.576839
       3.072479      -0.614078      -0.737446
       3.089172      -0.497258      -0.863287
       3.105865      -0.353460      -0.934256
       3.122558      -0.212810      -0.952808
       3.139250      -0.092703      -0.934472
       3.155943       0.001535      -0.894905
       3.172636       0.070323      -0.845940
       3.189329       0.116138      -0.796851
       3.206022       0.144364      -0.756167
       3.222715       0.165089      -0.728449
       3.239407       0.188666      -0.709945
       3.256100       0.218333      -0.690772
       3.272793       0.247306      -0.663349
       3.289486       0.265231      -0.630778
       3.306179       0.270175      -0.604866
       3.322871       0.272137      -0.593472
       3.339564       0.282611      -0.592269
       3.356257       0.303930      -0.591010
       3.372950       0.330970      -0.583390
       3.389643       0.357074      -0.568746
       3.406336       0.376938      -0.552000
       3.423028       0.392462      -0.542243
       3.439721       0.415168      -0.542873
       3.456414       0.455720      -0.544263
       3.473107       0.512779      -0.530886
       3.489800       0.573756      -0.493030
       3.506492       0.623218      -0.432830
       3.523185       0.653018      -0.361614
       3.539878       0.665237      -0.289820
       3.556571       0.665110      -0.220684
       3.573264       0.653926      -0.153896
       3.589957       0.630508      -0.092070
       3.606649       0.596957      -0.040327
       3.623342       0.559157      -0.001156
       3.640035       0.522793       0.027245
       3.656728       0.491016       0.049122
       3.673421       0.463768       0.069546
       3.690114       0.437172       0.092061
       3.706806       0.405932       0.115281
       3.723499       0.368716       0.133982
       3.740192       0.328674       0.144792
       3.756885       0.288837       0.147512
       3.773578       0.251306       0.141898
       3.790270       0.219938       0.128165
       3.806963       0.198820       0.110396
       3.823656       0.187610       0.095182
       3.840349       0.181535       0.086408
       3.857042       0.175717       0.083629
       3.873735       0.167627       0.084413
       3.890427       0.156685       0.086452
       3.907120       0.143233       0.088126
       3.923813       0.128096       0.088573
       3.940506       0.111784       0.088022
       3.957199       0.093149       0.086561
       3.973891       0.070826       0.081643
       3.990584       0.046920       0.069330
       4.007277       0.026620       0.048761
       4.023970       0.013892       0.023066
       4.040663       0.009568      -0.003726
       4.057356       0.012853      -0.028682
       4.074048       0.022588      -0.049384
       4.090741       0.036472      -0.063394
       4.107434       0.050423      -0.069857
       4.124127       0.060648      -0.071083
       4.140820       0.066170      -0.071042
       4.157513       0.068658      -0.072764
       4.174205       0.070858      -0.077373
       4.190898       0.075522      -0.084143
       4.207591       0.084471      -0.090558
       4.224284       0.097212      -0.093040
       4.240977       0.110374      -0.089264
       4.257669       0.119853      -0.080300
       4.274362       0.123852      -0.069612
       4.291055       0.123268      -0.060283
       4.307748       0.120076      -0.053821
       4.324441       0.116266      -0.050576
       4.341134       0.113816      -0.050017
       4.357826       0.114272      -0.050258
       4.374519       0.117251      -0.048468
       4.391212       0.120105      -0.043165
       4.407905       0.120239      -0.035525
       4.424598       0.116979      -0.027847
       4.441290       0.111127      -0.021866
       4.457983       0.104057      -0.018435
       4.474676       0.097346      -0.017541
       4.491369       0.092304      -0.018117
       4.508062       0.089061      -0.018316
       4.524755       0.086107      -0.016856
       4.541447       0.081519      -0.014300
       4.558140       0.074658      -0.012443
       4.574833       0.066343      -0.012849
       4.591526       0.058139      -0.016140
       4.608219       0.051696      -0.021873
       4.624912       0.048167      -0.028572
       4.641604       0.047436      -0.034105
       4.658297       0.047682      -0.036931
       4.674990       0.046482      -0.037482
       4.691683       0.042689      -0.037769
       4.708376       0.036907      -0.039742
       4.725068       0.030675      -0.044323
       4.741761       0.025671      -0.051279
       4.758454       0.023051      -0.059262
       4.775147       0.022546      -0.066329
       4.791840       0.022248      -0.071503
       4.808533       0.020211      -0.075905
       4.825225       0.016202      -0.081768
       4.841918       0.011671      -0.090719
       4.858611       0.008743      -0.103000
       4.875304       0.009182      -0.117437
       4.891997       0.013446      -0.132095
       4.908689       0.020669      -0.145725
       4.925382       0.030184      -0.158380
       4.942075       0.042523      -0.169990
       4.958768       0.058170      -0.179048
       4.975461       0.075815      -0.183565
       4.992154       0.092777      -0.183167
       5.008846       0.107113      -0.179450
       5.025539       0.118604      -0.174272
       5.042232       0.127672      -0.168637
       5.058925       0.134680      -0.163311
       5.075618       0.140397      -0.158873
       5.092311       0.145556      -0.155174
       5.109003       0.150232      -0.152015
       5.125696       0.154616      -0.149708
       5.142389       0.159436      -0.148227
       5.159082       0.165021      -0.146910
       5.175775       0.171127      -0.145405
       5.192467       0.177780      -0.143675
       5.209160       0.185023      -0.141290
       5.225853       0.192314      -0.137995
       5.242546       0.199367      -0.134234
       5.259239       0.206630      -0.130156
       5.275932       0.214229      -0.125167
       5.292624       0.221574      -0.118935
       5.309317       0.228186      -0.111711
       5.326010       0.233897      -0.103782
       5.342703       0.238642      -0.095446
       5.359396       0.242639      -0.086887
       5.376088       0.246005      -0.077797
       5.392781       0.248232      -0.067828
       5.409474       0.248402      -0.057148
       5.426167       0.245539      -0.046743
       5.442860       0.239468      -0.038596
       5.459553       0.231705      -0.034572
       5.476245       0.224606      -0.035025
       5.492938       0.219982      -0.039045
       5.509631       0.218881      -0.045351
       5.526324       0.221914      -0.052513
       5.543017       0.229109      -0.058826
       5.559710       0.239541      -0.062767
       5.576402       0.251719      -0.063784
       5.593095       0.264619      -0.062315
       5.609788       0.278164      -0.058809
       5.626481       0.292492      -0.052923
       5.643174       0.306979      -0.043963
       5.659866       0.320370      -0.031931
       5.676559       0.331769      -0.017754
       5.693252       0.341233      -0.002532
       5.709945       0.349412       0.013291
       5.726638       0.356742       0.029966
       5.743331       0.363114       0.047942
       5.760023       0.367908       0.067421
       5.776716       0.370313       0.087893
       5.793409       0.370213       0.108086
       5.810102       0.368835       0.127069
       5.826795       0.367704       0.145561
       5.843487       0.366954       0.165259
       5.860180       0.365386       0.187289
       5.876873       0.361393       0.211704
       5.893566       0.353681       0.237595
       5.910259       0.341729       0.263648
       5.926952       0.325593       0.288682
       5.943644       0.305640       0.311759
       5.960337       0.282299       0.332183
       5.977030       0.256057       0.349211
       5.993723       0.227786       0.362272
       6.010416       0.198244       0.371346
       6.027109       0.167612       0.376283
       6.043801       0.136199       0.376119
       6.060494       0.105478       0.369515
       6.077187       0.078328       0.356054
       6.093880       0.058037       0.337331
       6.110573       0.046747       0.317105
       6.127265       0.043714       0.300187
       6.143958       0.045111       0.289573
       6.160651       0.046859       0.284773
       6.177344       0.047022       0.283521
       6.194037       0.045627       0.283779
       6.210730       0.043789       0.284678
       6.227422       0.042422       0.286830
       6.244115       0.041230       0.291379
       6.260808       0.038941       0.298889
       6.277501       0.034112       0.308902
       6.294194       0.025852       0.320265
       6.310886       0.013926       0.331682
       6.327579      -0.001464       0.342016
       6.344272      -0.019997       0.350073
       6.360965      -0.040447       0.354129
       6.377658      -0.059401       0.353476
       6.394351      -0.072911       0.351372
       6.411043      -0.081427       0.354659
       6.427736      -0.091911       0.367758
       6.444429      -0.112704       0.387975
       6.461122      -0.147760       0.408155
       6.477815      -0.196910       0.421157
       6.494508      -0.257675       0.420059
       6.511200      -0.323645       0.398011
       6.527893      -0.383225       0.352315
       6.544586      -0.424313       0.289009
       6.561279      -0.441869       0.220535
       6.577972      -0.439443       0.157979
       6.594664      -0.424202       0.106887
       6.611357      -0.402919       0.068656
       6.628050      -0.381500       0.042207
       6.644743      -0.364295       0.023918
       6.661436      -0.352350       0.009091
       6.678129      -0.344153      -0.005250
       6.694821      -0.338157      -0.020029
       6.711514      -0.333561      -0.035615
       6.728207      -0.329772      -0.052313
       6.744900      -0.326494      -0.070405
       6.761593      -0.323401      -0.090777
       6.778285      -0.319043      -0.114630
       6.794978      -0.310556      -0.142008
       6.811671      -0.295121      -0.170383
       6.828364      -0.272526      -0.195419
       6.845057      -0.245628      -0.213971
       6.861750      -0.217895      -0.225539
       6.878442      -0.191941      -0.230847
       6.895135      -0.170313      -0.231343
       6.911828      -0.154952      -0.230272
       6.928521      -0.145227      -0.232076
       6.945214      -0.137401      -0.239881
       6.961907      -0.126534      -0.253445
       6.978599      -0.109256      -0.269380
       6.995292      -0.085385      -0.283231
       7.011985      -0.057572      -0.292069
       7.028678      -0.028944      -0.295917
       7.045371      -0.000690      -0.296457
       7.062063       0.027924      -0.294521
       7.078756       0.057407      -0.289071
       7.095449       0.086373      -0.278983
       7.112142       0.113037      -0.264933
       7.128835       0.136918      -0.248297
       7.145528       0.158267      -0.229912
       7.162220       0.177394      -0.210213
       7.178913       0.194690      -0.189473
       7.195606       0.210735      -0.167594
       7.212299       0.225927      -0.143812
       7.228992       0.239942      -0.116853
       7.245684       0.251170      -0.085326
       7.262377       0.256224      -0.049129
       7.279070       0.251657      -0.011488
       7.295763       0.237530       0.022059
       7.312456       0.217952       0.047909
       7.329149       0.197435       0.066528
       7.345841       0.177947       0.080357
       7.362534       0.159331       0.091089
       7.379227       0.141198       0.098932
       7.395920       0.124206       0.103709
       7.412613       0.109390       0.106339
       7.429306       0.096584       0.108353
       7.445998       0.084764       0.110288
       7.462691       0.073508       0.111933
       7.479384       0.062736       0.113484
       7.496077       0.051822       0.115175
       7.512770       0.039996       0.116493
       7.529462       0.027158       0.116346
       7.546155       0.014162       0.113847
       7.562848       0.002265       0.109054
       7.579541      -0.007803       0.102773
       7.596234      -0.015940       0.095791
       7.612927      -0.022209       0.088650
       7.629619      -0.026623       0.081979
       7.646312      -0.029601       0.076762
       7.663005      -0.032531       0.073739
       7.679698      -0.037411       0.072403
       7.696391      -0.045625       0.070529
       7.713083      -0.056332       0.065046
       7.729776      -0.066397       0.054432
       7.746469      -0.072703       0.039876
       7.763162      -0.073875       0.023859
       7.779855      -0.069955       0.008697
       7.796548      -0.061748      -0.003669
       7.813240      -0.050852      -0.011703
       7.829933      -0.039547      -0.014893
       7.846626      -0.029850      -0.014071
       7.863319      -0.022798      -0.010665
       7.880012      -0.018752      -0.005988
       7.896705      -0.017791      -0.001387
       7.913397      -0.019246       0.001606
       7.930090      -0.021396       0.002219
       7.946783      -0.022606       0.001229
       7.963476      -0.022580       0.000114
       7.980169      -0.022090      -0.000351
       7.996861      -0.021766      -0.000296
       8.013554      -0.021760       0.000076
       8.030247      -0.022220       0.000660
       8.046940      -0.023181       0.001245
       8.063633      -0.024568       0.001822
       8.080326      -0.026583       0.002460
       8.097018      -0.029556       0.002876
       8.113711      -0.033512       0.002522
       8.130404      -0.038093       0.000929
       8.147097      -0.042725      -0.002014
       8.163790      -0.047048      -0.005937
       8.180482      -0.051425      -0.010508
       8.197175      -0.056450      -0.016368
       8.213868      -0.061656      -0.024879
       8.230561      -0.065301      -0.036727
       8.247254      -0.065423      -0.051226
       8.263947      -0.060693      -0.066637
       8.280639      -0.050830      -0.080602
       8.297332      -0.036995      -0.090817
       8.314025      -0.021512      -0.096132
       8.330718      -0.006662      -0.097007
       8.347411       0.006292      -0.094828
       8.364104       0.017167      -0.090942
       8.380796       0.026317      -0.086124
       8.397489       0.034058      -0.080631
       8.414182       0.040452      -0.074566
       8.430875       0.045464      -0.068120
       8.447568       0.049103      -0.061481
       8.464260       0.051268      -0.054773
       8.480953       0.051658      -0.048353
       8.497646       0.050164      -0.043080
       8.514339       0.047461      -0.040000
       8.531032       0.044986      -0.039429
       8.547725       0.043903      -0.040552
       8.564417       0.044320      -0.042291
       8.581110       0.045797      -0.044293
       8.597803       0.048379      -0.046848
       8.614496       0.052976      -0.049879
       8.631189       0.060486      -0.052033
       8.647881       0.070320      -0.051172
       8.664574       0.080248      -0.046174
       8.681267       0.087970      -0.037777
       8.697960       0.092319      -0.027785
       8.714653       0.093373      -0.018103
       8.731346       0.092212      -0.010077
       8.748038       0.090303      -0.003990
       8.764731       0.088627       0.000780
       8.781424       0.087390       0.005020
       8.798117       0.086306       0.009240
       8.814810       0.084887       0.013479
       8.831503       0.082924       0.017284
       8.848195       0.080813       0.020278
       8.864888       0.079045       0.022680
       8.881581       0.077610       0.024922
       8.898274       0.076218       0.027087
       8.914967       0.074760       0.028948
       8.931659       0.073432       0.030294
       8.948352       0.072585       0.031156
       8.965045       0.072458       0.031850
       8.981738       0.072984       0.032759
       8.998431       0.073864       0.034066
       9.015124       0.074820       0.035640
       9.031816       0.075843       0.037186
       9.048509       0.077193       0.038494
       9.065202       0.079306       0.039554
       9.081895       0.082699       0.040680
       9.098588       0.087706       0.042607
       9.115280       0.094138       0.046263
       9.131973       0.101339       0.052295
       9.148666       0.108609       0.060978
       9.165359       0.115337       0.072503
       9.182052       0.120783       0.087098
       9.198745       0.123899       0.104837
       9.215437       0.123440       0.125361
       9.232130       0.118195       0.147830
       9.248823       0.107048       0.170946
       9.265516       0.089056       0.192668
       9.282209       0.064213       0.209869
       9.298902       0.034791       0.219165
       9.315594       0.005233       0.219259
       9.332287      -0.020401       0.212049
       9.348980      -0.040485       0.200948
       9.365673      -0.055561       0.188772
       9.382366      -0.066975       0.176943
       9.399058      -0.075839       0.165925
       9.415751      -0.082986       0.155885
       9.432444      -0.089185       0.146682
       9.449137      -0.094847       0.137738
       9.465830      -0.099653       0.128508
       9.482523      -0.102888       0.119132
       9.499215      -0.104170       0.110536
       9.515908      -0.104120       0.103923
       9.532601      -0.104315       0.099666
       9.549294      -0.106150       0.096814
       9.565987      -0.109930       0.093768
       9.582679      -0.114805       0.089283
       9.599372      -0.119540       0.083186
       9.616065      -0.123512       0.075980
       9.632758      -0.126592       0.067917
       9.649451      -0.128412       0.059016
       9.666144      -0.128329       0.049669
       9.682836      -0.125962       0.040893
       9.699529      -0.121833       0.033912
       9.716222      -0.117225       0.029138
       9.732915      -0.112941       0.025990
       9.749608      -0.108933       0.024160
       9.766301      -0.105528       0.024033
       9.782993      -0.103881       0.025445
       9.799686      -0.104751       0.027106
       9.816379      -0.107711       0.027608
       9.833072      -0.111752       0.026340
       9.849765      -0.116116       0.023342
       9.866457      -0.120495       0.018667
       9.883150      -0.124589       0.011930
       9.899843      -0.127342       0.002524
       9.916536      -0.126683      -0.009289
       9.933229      -0.120673      -0.021261
       9.949922      -0.109522      -0.029744
       9.966614      -0.096187      -0.032078
       9.983307      -0.084498      -0.028412
      10.000000      -0.076804      -0.021017
