# E (eV)  ldosup(E)  ldosdw(E) pdosup(E)  pdosdw(E)  pdosup(E)  pdosdw(E)  pdosup(E)  pdosdw(E) 
  -4.000  0.714E+00  0.693E+00  0.135E+00  0.130E+00  0.289E+00  0.282E+00  0.289E+00  0.282E+00
  -3.950  0.705E+00  0.665E+00  0.139E+00  0.131E+00  0.283E+00  0.267E+00  0.283E+00  0.267E+00
  -3.900  0.743E+00  0.675E+00  0.146E+00  0.136E+00  0.298E+00  0.270E+00  0.298E+00  0.270E+00
  -3.850  0.925E+00  0.730E+00  0.165E+00  0.144E+00  0.380E+00  0.293E+00  0.380E+00  0.293E+00
  -3.800  0.105E+01  0.912E+00  0.182E+00  0.162E+00  0.434E+00  0.375E+00  0.434E+00  0.375E+00
  -3.750  0.531E+00  0.966E+00  0.156E+00  0.173E+00  0.188E+00  0.396E+00  0.188E+00  0.396E+00
  -3.700  0.513E+00  0.515E+00  0.166E+00  0.151E+00  0.173E+00  0.182E+00  0.173E+00  0.182E+00
  -3.650  0.456E+00  0.495E+00  0.175E+00  0.157E+00  0.141E+00  0.169E+00  0.141E+00  0.169E+00
  -3.600  0.522E+00  0.435E+00  0.234E+00  0.161E+00  0.144E+00  0.137E+00  0.144E+00  0.137E+00
  -3.550  0.454E+00  0.441E+00  0.207E+00  0.177E+00  0.124E+00  0.132E+00  0.124E+00  0.132E+00
  -3.500  0.332E+00  0.507E+00  0.121E+00  0.235E+00  0.106E+00  0.136E+00  0.106E+00  0.136E+00
  -3.450  0.309E+00  0.464E+00  0.134E+00  0.228E+00  0.873E-01  0.118E+00  0.873E-01  0.118E+00
  -3.400  0.259E+00  0.330E+00  0.941E-01  0.133E+00  0.825E-01  0.989E-01  0.825E-01  0.989E-01
  -3.350  0.715E+00  0.308E+00  0.328E+00  0.142E+00  0.193E+00  0.831E-01  0.193E+00  0.831E-01
  -3.300  0.192E+00  0.337E+00  0.606E-01  0.156E+00  0.659E-01  0.905E-01  0.659E-01  0.905E-01
  -3.250  0.163E+00  0.239E+00  0.410E-01  0.881E-01  0.610E-01  0.755E-01  0.610E-01  0.755E-01
  -3.200  0.144E+00  0.175E+00  0.324E-01  0.489E-01  0.556E-01  0.630E-01  0.556E-01  0.630E-01
  -3.150  0.135E+00  0.153E+00  0.301E-01  0.353E-01  0.526E-01  0.586E-01  0.526E-01  0.586E-01
  -3.100  0.132E+00  0.138E+00  0.297E-01  0.301E-01  0.511E-01  0.541E-01  0.511E-01  0.541E-01
  -3.050  0.130E+00  0.135E+00  0.295E-01  0.297E-01  0.504E-01  0.528E-01  0.504E-01  0.528E-01
  -3.000  0.192E+00  0.132E+00  0.710E-01  0.296E-01  0.606E-01  0.514E-01  0.606E-01  0.514E-01
  -2.950  0.495E+00  0.132E+00  0.268E+00  0.297E-01  0.113E+00  0.511E-01  0.113E+00  0.511E-01
  -2.900  0.502E+00  0.179E+00  0.260E+00  0.627E-01  0.121E+00  0.584E-01  0.121E+00  0.584E-01
  -2.850  0.412E+00  0.509E+00  0.222E+00  0.278E+00  0.951E-01  0.115E+00  0.951E-01  0.115E+00
  -2.800  0.393E+00  0.523E+00  0.213E+00  0.273E+00  0.902E-01  0.125E+00  0.902E-01  0.125E+00
  -2.750  0.393E+00  0.432E+00  0.220E+00  0.235E+00  0.868E-01  0.987E-01  0.868E-01  0.987E-01
  -2.700  0.401E+00  0.406E+00  0.237E+00  0.220E+00  0.817E-01  0.933E-01  0.817E-01  0.933E-01
  -2.650  0.442E+00  0.402E+00  0.270E+00  0.224E+00  0.861E-01  0.887E-01  0.861E-01  0.887E-01
  -2.600  0.486E+00  0.404E+00  0.309E+00  0.237E+00  0.888E-01  0.835E-01  0.888E-01  0.835E-01
  -2.550  0.654E+00  0.428E+00  0.444E+00  0.260E+00  0.105E+00  0.840E-01  0.105E+00  0.840E-01
  -2.500  0.930E+00  0.600E+00  0.549E+00  0.291E+00  0.191E+00  0.154E+00  0.191E+00  0.154E+00
  -2.450  0.289E+00  0.768E+00  0.327E-01  0.417E+00  0.128E+00  0.175E+00  0.128E+00  0.175E+00
  -2.400  0.277E+00  0.683E+00  0.370E-01  0.386E+00  0.120E+00  0.148E+00  0.120E+00  0.148E+00
  -2.350  0.287E+00  0.102E+01  0.491E-01  0.690E+00  0.119E+00  0.166E+00  0.119E+00  0.166E+00
  -2.300  0.328E+00  0.245E+00  0.970E-01  0.367E-01  0.116E+00  0.104E+00  0.116E+00  0.104E+00
  -2.250  0.431E+00  0.283E+00  0.116E+00  0.652E-01  0.157E+00  0.109E+00  0.157E+00  0.109E+00
  -2.200  0.395E+00  0.355E+00  0.133E+00  0.125E+00  0.131E+00  0.115E+00  0.131E+00  0.115E+00
  -2.150  0.447E+00  0.378E+00  0.173E+00  0.105E+00  0.137E+00  0.136E+00  0.137E+00  0.136E+00
  -2.100  0.472E+00  0.399E+00  0.192E+00  0.145E+00  0.140E+00  0.127E+00  0.140E+00  0.127E+00
  -2.050  0.786E+00  0.470E+00  0.459E+00  0.189E+00  0.163E+00  0.140E+00  0.163E+00  0.140E+00
  -2.000  0.667E+00  0.539E+00  0.369E+00  0.256E+00  0.149E+00  0.141E+00  0.149E+00  0.141E+00
  -1.950  0.498E+00  0.803E+00  0.182E+00  0.475E+00  0.158E+00  0.164E+00  0.158E+00  0.164E+00
  -1.900  0.549E+00  0.616E+00  0.191E+00  0.328E+00  0.179E+00  0.144E+00  0.179E+00  0.144E+00
  -1.850  0.540E+00  0.535E+00  0.173E+00  0.218E+00  0.183E+00  0.159E+00  0.183E+00  0.159E+00
  -1.800  0.575E+00  0.551E+00  0.171E+00  0.215E+00  0.202E+00  0.168E+00  0.202E+00  0.168E+00
  -1.750  0.520E+00  0.581E+00  0.168E+00  0.227E+00  0.176E+00  0.177E+00  0.176E+00  0.177E+00
  -1.700  0.530E+00  0.598E+00  0.179E+00  0.225E+00  0.175E+00  0.186E+00  0.175E+00  0.186E+00
  -1.650  0.539E+00  0.662E+00  0.183E+00  0.232E+00  0.178E+00  0.215E+00  0.178E+00  0.215E+00
  -1.600  0.545E+00  0.610E+00  0.173E+00  0.224E+00  0.186E+00  0.193E+00  0.186E+00  0.193E+00
  -1.550  0.174E+01  0.563E+00  0.955E+00  0.191E+00  0.395E+00  0.186E+00  0.395E+00  0.186E+00
  -1.500  0.100E+01  0.132E+01  0.425E+00  0.761E+00  0.287E+00  0.279E+00  0.287E+00  0.279E+00
  -1.450  0.572E+00  0.865E+00  0.260E+00  0.381E+00  0.156E+00  0.242E+00  0.156E+00  0.242E+00
  -1.400  0.470E+00  0.776E+00  0.208E+00  0.262E+00  0.131E+00  0.257E+00  0.131E+00  0.257E+00
  -1.350  0.419E+00  0.134E+01  0.186E+00  0.215E+00  0.116E+00  0.563E+00  0.116E+00  0.563E+00
  -1.300  0.398E+00  0.499E+00  0.173E+00  0.195E+00  0.113E+00  0.152E+00  0.113E+00  0.152E+00
  -1.250  0.390E+00  0.460E+00  0.175E+00  0.187E+00  0.107E+00  0.137E+00  0.107E+00  0.137E+00
  -1.200  0.400E+00  0.430E+00  0.178E+00  0.181E+00  0.111E+00  0.125E+00  0.111E+00  0.125E+00
  -1.150  0.420E+00  0.415E+00  0.184E+00  0.176E+00  0.118E+00  0.120E+00  0.118E+00  0.120E+00
  -1.100  0.387E+00  0.425E+00  0.167E+00  0.181E+00  0.110E+00  0.122E+00  0.110E+00  0.122E+00
  -1.050  0.395E+00  0.409E+00  0.178E+00  0.174E+00  0.109E+00  0.118E+00  0.109E+00  0.118E+00
  -1.000  0.396E+00  0.420E+00  0.187E+00  0.180E+00  0.104E+00  0.120E+00  0.104E+00  0.120E+00
  -0.950  0.412E+00  0.415E+00  0.204E+00  0.181E+00  0.104E+00  0.117E+00  0.104E+00  0.117E+00
  -0.900  0.456E+00  0.440E+00  0.239E+00  0.197E+00  0.109E+00  0.121E+00  0.109E+00  0.121E+00
  -0.850  0.552E+00  0.461E+00  0.315E+00  0.215E+00  0.118E+00  0.123E+00  0.118E+00  0.123E+00
  -0.800  0.442E+00  0.507E+00  0.231E+00  0.251E+00  0.105E+00  0.128E+00  0.105E+00  0.128E+00
  -0.750  0.359E+00  0.602E+00  0.170E+00  0.323E+00  0.950E-01  0.140E+00  0.950E-01  0.140E+00
  -0.700  0.396E+00  0.524E+00  0.189E+00  0.277E+00  0.103E+00  0.124E+00  0.103E+00  0.124E+00
  -0.650  0.478E+00  0.463E+00  0.239E+00  0.227E+00  0.120E+00  0.118E+00  0.120E+00  0.118E+00
  -0.600  0.237E+00  0.327E+00  0.748E-01  0.116E+00  0.813E-01  0.106E+00  0.813E-01  0.106E+00
  -0.550  0.239E+00  0.247E+00  0.688E-01  0.568E-01  0.853E-01  0.949E-01  0.853E-01  0.949E-01
  -0.500  0.242E+00  0.240E+00  0.649E-01  0.452E-01  0.885E-01  0.972E-01  0.885E-01  0.972E-01
  -0.450  0.276E+00  0.237E+00  0.618E-01  0.382E-01  0.107E+00  0.993E-01  0.107E+00  0.993E-01
  -0.400  0.312E+00  0.232E+00  0.651E-01  0.328E-01  0.124E+00  0.995E-01  0.124E+00  0.995E-01
  -0.350  0.320E+00  0.296E+00  0.560E-01  0.293E-01  0.132E+00  0.134E+00  0.132E+00  0.134E+00
  -0.300  0.224E+00  0.335E+00  0.453E-01  0.252E-01  0.892E-01  0.155E+00  0.892E-01  0.155E+00
  -0.250  0.159E+00  0.363E+00  0.315E-01  0.210E-01  0.636E-01  0.171E+00  0.636E-01  0.171E+00
  -0.200  0.874E-01  0.225E+00  0.177E-01  0.168E-01  0.348E-01  0.104E+00  0.348E-01  0.104E+00
  -0.150  0.119E+00  0.157E+00  0.179E-01  0.129E-01  0.503E-01  0.721E-01  0.503E-01  0.721E-01
  -0.100  0.107E+00  0.129E+00  0.176E-01  0.102E-01  0.448E-01  0.594E-01  0.448E-01  0.594E-01
  -0.050  0.106E+00  0.113E+00  0.194E-01  0.803E-02  0.435E-01  0.523E-01  0.435E-01  0.523E-01
   0.000  0.107E+00  0.968E-01  0.207E-01  0.598E-02  0.434E-01  0.454E-01  0.434E-01  0.454E-01
   0.050  0.115E+00  0.861E-01  0.233E-01  0.448E-02  0.460E-01  0.408E-01  0.460E-01  0.408E-01
   0.100  0.112E+00  0.767E-01  0.243E-01  0.346E-02  0.437E-01  0.366E-01  0.437E-01  0.366E-01
   0.150  0.111E+00  0.681E-01  0.261E-01  0.266E-02  0.422E-01  0.327E-01  0.422E-01  0.327E-01
   0.200  0.111E+00  0.621E-01  0.296E-01  0.194E-02  0.405E-01  0.301E-01  0.405E-01  0.301E-01
   0.250  0.110E+00  0.566E-01  0.327E-01  0.148E-02  0.389E-01  0.276E-01  0.389E-01  0.276E-01
   0.300  0.127E+00  0.505E-01  0.441E-01  0.120E-02  0.412E-01  0.246E-01  0.412E-01  0.246E-01
   0.350  0.137E+00  0.561E-01  0.594E-01  0.805E-02  0.388E-01  0.240E-01  0.388E-01  0.240E-01
   0.400  0.178E+00  0.668E-01  0.102E+00  0.149E-01  0.380E-01  0.259E-01  0.380E-01  0.259E-01
   0.450  0.175E+00  0.779E-01  0.104E+00  0.193E-01  0.359E-01  0.293E-01  0.359E-01  0.293E-01
   0.500  0.101E+00  0.753E-01  0.417E-01  0.187E-01  0.299E-01  0.283E-01  0.299E-01  0.283E-01
   0.550  0.935E-01  0.760E-01  0.377E-01  0.193E-01  0.279E-01  0.283E-01  0.279E-01  0.283E-01
   0.600  0.932E-01  0.773E-01  0.362E-01  0.201E-01  0.285E-01  0.286E-01  0.285E-01  0.286E-01
   0.650  0.873E-01  0.800E-01  0.346E-01  0.210E-01  0.264E-01  0.295E-01  0.264E-01  0.295E-01
   0.700  0.812E-01  0.828E-01  0.324E-01  0.224E-01  0.244E-01  0.302E-01  0.244E-01  0.302E-01
   0.750  0.805E-01  0.840E-01  0.320E-01  0.238E-01  0.243E-01  0.301E-01  0.243E-01  0.301E-01
   0.800  0.736E-01  0.857E-01  0.293E-01  0.258E-01  0.221E-01  0.300E-01  0.221E-01  0.300E-01
   0.850  0.697E-01  0.868E-01  0.276E-01  0.279E-01  0.210E-01  0.294E-01  0.210E-01  0.294E-01
   0.900  0.637E-01  0.913E-01  0.250E-01  0.321E-01  0.193E-01  0.296E-01  0.193E-01  0.296E-01
   0.950  0.559E-01  0.952E-01  0.217E-01  0.366E-01  0.171E-01  0.293E-01  0.171E-01  0.293E-01
   1.000  0.493E-01  0.102E+00  0.181E-01  0.463E-01  0.156E-01  0.279E-01  0.156E-01  0.279E-01
   1.050  0.405E-01  0.121E+00  0.142E-01  0.669E-01  0.131E-01  0.272E-01  0.131E-01  0.272E-01
   1.100  0.268E-01  0.165E+00  0.798E-02  0.112E+00  0.939E-02  0.269E-01  0.939E-02  0.269E-01
   1.150  0.207E-01  0.806E-01  0.499E-02  0.386E-01  0.785E-02  0.210E-01  0.785E-02  0.210E-01
   1.200  0.736E-03  0.688E-01  0.243E-04  0.312E-01  0.356E-03  0.188E-01  0.356E-03  0.188E-01
   1.250  0.109E+00  0.642E-01  0.297E-01  0.281E-01  0.395E-01  0.181E-01  0.395E-01  0.181E-01
   1.300  0.672E+00  0.623E-01  0.186E+00  0.271E-01  0.243E+00  0.176E-01  0.243E+00  0.176E-01
   1.350  0.386E+00  0.564E-01  0.961E-01  0.243E-01  0.145E+00  0.160E-01  0.145E+00  0.160E-01
   1.400  0.270E+00  0.519E-01  0.346E-01  0.217E-01  0.118E+00  0.151E-01  0.118E+00  0.151E-01
   1.450  0.143E+01  0.501E-01  0.265E+00  0.210E-01  0.584E+00  0.146E-01  0.584E+00  0.146E-01
   1.500  0.213E+00  0.434E-01  0.258E-01  0.176E-01  0.935E-01  0.129E-01  0.935E-01  0.129E-01
   1.550  0.160E+00  0.419E-01  0.869E-02  0.169E-01  0.755E-01  0.125E-01  0.755E-01  0.125E-01
   1.600  0.660E+00  0.577E-01  0.100E+00  0.136E-01  0.280E+00  0.220E-01  0.280E+00  0.220E-01
   1.650  0.378E+00  0.125E+00  0.279E-01  0.124E-01  0.175E+00  0.563E-01  0.175E+00  0.563E-01
   1.700  0.367E+00  0.124E+00  0.323E-02  0.126E-01  0.182E+00  0.557E-01  0.182E+00  0.557E-01
   1.750  0.700E+00  0.357E+00  0.122E-02  0.640E-01  0.349E+00  0.147E+00  0.349E+00  0.147E+00
   1.800  0.266E+00  0.364E+00  0.930E-04  0.665E-01  0.133E+00  0.149E+00  0.133E+00  0.149E+00
   1.850  0.000E+00  0.397E+00  0.000E+00  0.752E-01  0.000E+00  0.161E+00  0.000E+00  0.161E+00
   1.900  0.000E+00  0.523E+00  0.000E+00  0.930E-01  0.000E+00  0.215E+00  0.000E+00  0.215E+00
   1.950  0.000E+00  0.448E+00  0.000E+00  0.968E-01  0.000E+00  0.176E+00  0.000E+00  0.176E+00
   2.000  0.000E+00  0.337E+00  0.000E+00  0.662E-01  0.000E+00  0.135E+00  0.000E+00  0.135E+00
   2.050  0.000E+00  0.206E+00  0.000E+00  0.202E-01  0.000E+00  0.932E-01  0.000E+00  0.932E-01
   2.100  0.000E+00  0.203E+00  0.000E+00  0.186E-01  0.000E+00  0.924E-01  0.000E+00  0.924E-01
   2.150  0.000E+00  0.161E+00  0.000E+00  0.336E-01  0.000E+00  0.636E-01  0.000E+00  0.636E-01
   2.200  0.000E+00  0.140E+00  0.000E+00  0.349E-01  0.000E+00  0.526E-01  0.000E+00  0.526E-01
   2.250  0.000E+00  0.163E+00  0.000E+00  0.351E-01  0.000E+00  0.641E-01  0.000E+00  0.641E-01
   2.300  0.000E+00  0.385E+00  0.000E+00  0.704E-01  0.000E+00  0.157E+00  0.000E+00  0.157E+00
   2.350  0.000E+00  0.889E-01  0.000E+00  0.153E-01  0.000E+00  0.368E-01  0.000E+00  0.368E-01
   2.400  0.000E+00  0.640E-01  0.000E+00  0.661E-02  0.000E+00  0.287E-01  0.000E+00  0.287E-01
   2.450  0.000E+00  0.000E+00  0.000E+00  0.000E+00  0.000E+00  0.000E+00  0.000E+00  0.000E+00
   2.500  0.104E+00  0.000E+00  0.159E-01  0.000E+00  0.441E-01  0.000E+00  0.441E-01  0.000E+00
   2.550  0.121E+00  0.000E+00  0.205E-01  0.000E+00  0.501E-01  0.000E+00  0.501E-01  0.000E+00
   2.600  0.140E+00  0.000E+00  0.245E-01  0.000E+00  0.577E-01  0.000E+00  0.577E-01  0.000E+00
   2.650  0.150E+00  0.000E+00  0.291E-01  0.000E+00  0.603E-01  0.000E+00  0.603E-01  0.000E+00
   2.700  0.173E+00  0.000E+00  0.353E-01  0.000E+00  0.687E-01  0.000E+00  0.687E-01  0.000E+00
   2.750  0.285E+00  0.000E+00  0.731E-01  0.000E+00  0.106E+00  0.000E+00  0.106E+00  0.000E+00
   2.800  0.315E+00  0.130E+00  0.814E-01  0.190E-01  0.117E+00  0.553E-01  0.117E+00  0.553E-01
   2.850  0.417E+00  0.146E+00  0.109E+00  0.224E-01  0.154E+00  0.617E-01  0.154E+00  0.617E-01
   2.900  0.293E+00  0.147E+00  0.746E-01  0.255E-01  0.109E+00  0.608E-01  0.109E+00  0.608E-01
   2.950  0.215E+00  0.215E+00  0.477E-01  0.460E-01  0.835E-01  0.846E-01  0.835E-01  0.846E-01
   3.000  0.212E+00  0.287E+00  0.434E-01  0.685E-01  0.844E-01  0.109E+00  0.844E-01  0.109E+00
   3.050  0.224E+00  0.324E+00  0.410E-01  0.799E-01  0.915E-01  0.122E+00  0.915E-01  0.122E+00
   3.100  0.149E+00  0.309E+00  0.320E-01  0.711E-01  0.584E-01  0.119E+00  0.584E-01  0.119E+00
   3.150  0.139E+00  0.241E+00  0.350E-01  0.581E-01  0.518E-01  0.914E-01  0.518E-01  0.914E-01
   3.200  0.159E+00  0.217E+00  0.392E-01  0.425E-01  0.598E-01  0.874E-01  0.598E-01  0.874E-01
   3.250  0.181E+00  0.206E+00  0.422E-01  0.363E-01  0.693E-01  0.847E-01  0.693E-01  0.847E-01
   3.300  0.218E+00  0.130E+00  0.533E-01  0.280E-01  0.824E-01  0.508E-01  0.824E-01  0.508E-01
   3.350  0.251E+00  0.124E+00  0.617E-01  0.263E-01  0.948E-01  0.486E-01  0.948E-01  0.486E-01
   3.400  0.277E+00  0.148E+00  0.715E-01  0.329E-01  0.103E+00  0.575E-01  0.103E+00  0.575E-01
   3.450  0.330E+00  0.167E+00  0.879E-01  0.358E-01  0.121E+00  0.654E-01  0.121E+00  0.654E-01
   3.500  0.387E+00  0.197E+00  0.104E+00  0.388E-01  0.142E+00  0.789E-01  0.142E+00  0.789E-01
   3.550  0.487E+00  0.217E+00  0.137E+00  0.469E-01  0.175E+00  0.851E-01  0.175E+00  0.851E-01
   3.600  0.751E+00  0.252E+00  0.176E+00  0.549E-01  0.287E+00  0.985E-01  0.287E+00  0.985E-01
   3.650  0.979E+00  0.295E+00  0.298E+00  0.632E-01  0.341E+00  0.116E+00  0.341E+00  0.116E+00
   3.700  0.603E+00  0.360E+00  0.307E+00  0.781E-01  0.148E+00  0.141E+00  0.148E+00  0.141E+00
   3.750  0.428E+00  0.429E+00  0.234E+00  0.951E-01  0.968E-01  0.167E+00  0.968E-01  0.167E+00
   3.800  0.111E+00  0.757E+00  0.864E-04  0.125E+00  0.555E-01  0.316E+00  0.555E-01  0.316E+00
   3.850  0.932E-01  0.597E+00  0.543E-04  0.154E+00  0.466E-01  0.221E+00  0.466E-01  0.221E+00
   3.900  0.961E-01  0.543E+00  0.352E-04  0.256E+00  0.480E-01  0.144E+00  0.480E-01  0.144E+00
   3.950  0.104E+00  0.565E+00  0.163E-04  0.313E+00  0.521E-01  0.126E+00  0.521E-01  0.126E+00
   4.000  0.419E-01  0.359E+00  0.676E-07  0.202E+00  0.209E-01  0.786E-01  0.209E-01  0.786E-01
   4.050  0.000E+00  0.904E-01  0.000E+00  0.269E-04  0.000E+00  0.452E-01  0.000E+00  0.452E-01
