690.00000000	0.00792265	0.00076295	0.09629982
691.00000000	0.01059613	0.00098170	0.09264707
692.00000000	0.01167370	0.00105020	0.08996294
693.00000000	0.01248207	0.00109620	0.08782197
694.00000000	0.01346205	0.00114495	0.08505019
695.00000000	0.01407189	0.00118670	0.08433126
696.00000000	0.01454075	0.00122520	0.08425974
697.00000000	0.01467780	0.00122395	0.08338784
698.00000000	0.01521744	0.00123970	0.08146574
699.00000000	0.01572024	0.00127720	0.08124559
700.00000000	0.01624382	0.00131720	0.08108931
701.00000000	0.01617757	0.00129545	0.08007691
702.00000000	0.01613110	0.00129395	0.08021464
703.00000000	0.01667760	0.00130270	0.07811074
704.00000000	0.01672684	0.00128295	0.07670006
705.00000000	0.01681624	0.00131320	0.07809117
706.00000000	0.01698433	0.00131745	0.07756854
707.00000000	0.01764606	0.00136220	0.07719571
708.00000000	0.01775246	0.00135395	0.07626829
709.00000000	0.01682713	0.00122745	0.07294469
710.00000000	0.01559406	0.00111920	0.07177094
711.00000000	0.01569880	0.00112395	0.07159464
712.00000000	0.01572342	0.00111370	0.07083066
713.00000000	0.01542475	0.00108645	0.07043552
714.00000000	0.01394488	0.00097495	0.06991456
715.00000000	0.00824350	0.00055670	0.06753196
716.00000000	0.00747380	0.00050245	0.06722821
717.00000000	0.01043914	0.00071045	0.06805634
718.00000000	0.00814438	0.00054745	0.06721814
719.00000000	0.00538454	0.00035745	0.06638444
720.00000000	0.00471644	0.00031195	0.06614096
721.00000000	0.00340048	0.00022345	0.06571134
722.00000000	-0.00224646	-0.00014430	0.06423444
723.00000000	-0.01260266	-0.00077905	0.06181632
724.00000000	-0.02047125	-0.00122655	0.05991574
725.00000000	-0.02593502	-0.00151130	0.05827257
726.00000000	-0.03187434	-0.00179230	0.05623019
727.00000000	-0.03467548	-0.00191955	0.05535757
728.00000000	-0.03640397	-0.00198705	0.05458334
729.00000000	-0.03826407	-0.00204480	0.05343917
730.00000000	-0.03897487	-0.00205555	0.05274039
731.00000000	-0.03991559	-0.00207855	0.05207364
732.00000000	-0.04097940	-0.00212505	0.05185654
733.00000000	-0.04045341	-0.00212705	0.05258024
734.00000000	-0.04108705	-0.00215205	0.05237782
735.00000000	-0.04251872	-0.00219480	0.05161962
736.00000000	-0.04396845	-0.00222930	0.05070227
737.00000000	-0.04686252	-0.00226380	0.04830727
738.00000000	-0.04804646	-0.00225555	0.04694519
739.00000000	-0.04865064	-0.00226880	0.04663454
740.00000000	-0.04892293	-0.00223355	0.04565447
741.00000000	-0.04782236	-0.00212655	0.04446769
742.00000000	-0.04705199	-0.00209580	0.04454222
743.00000000	-0.04761328	-0.00212880	0.04471022
744.00000000	-0.04692334	-0.00203655	0.04340164
745.00000000	-0.04345396	-0.00179705	0.04135527
746.00000000	-0.04319188	-0.00177980	0.04120682
747.00000000	-0.04436618	-0.00183455	0.04135019
748.00000000	-0.04482934	-0.00185555	0.04139142
749.00000000	-0.04284571	-0.00172330	0.04022107
750.00000000	-0.03768665	-0.00146230	0.03880154
751.00000000	-0.03303145	-0.00125205	0.03790479
752.00000000	-0.02969876	-0.00110880	0.03733489
753.00000000	-0.02768282	-0.00101930	0.03682067
754.00000000	-0.02465420	-0.00089180	0.03617234
755.00000000	-0.02238600	-0.00080030	0.03575002
756.00000000	-0.01536284	-0.00053030	0.03451837
757.00000000	-0.00977838	-0.00032830	0.03357407
758.00000000	-0.00803189	-0.00026655	0.03318647
759.00000000	-0.00486853	-0.00015730	0.03230952
760.00000000	-0.00234147	-0.00007380	0.03151862
761.00000000	-0.00018337	-0.00000555	0.03026669
762.00000000	0.00087355	0.00002570	0.02942001
763.00000000	0.00097267	0.00002820	0.02899221
764.00000000	0.00086888	0.00002470	0.02842732
765.00000000	0.00064883	0.00001795	0.02766516
766.00000000	0.00052530	0.00001370	0.02608047
767.00000000	0.00038055	0.00000970	0.02548964
768.00000000	-0.00001197	-0.00000030	0.02506457
769.00000000	-0.00057331	-0.00001355	0.02363461
770.00000000	-0.00076077	-0.00001730	0.02274014
771.00000000	-0.00074489	-0.00001630	0.02188256
772.00000000	-0.00077788	-0.00001680	0.02159727
773.00000000	-0.00113632	-0.00002430	0.02138484
774.00000000	-0.00138461	-0.00002980	0.02152224
775.00000000	-0.00140748	-0.00003030	0.02152777
776.00000000	-0.00159168	-0.00003330	0.02092131
777.00000000	-0.00157687	-0.00003280	0.02080064
778.00000000	-0.00178978	-0.00003780	0.02111991
779.00000000	-0.00198986	-0.00004130	0.02075521
780.00000000	-0.00248729	-0.00005080	0.02042384
781.00000000	-0.00273618	-0.00005480	0.02002792
782.00000000	-0.00276750	-0.00005555	0.02007224
783.00000000	-0.00287346	-0.00005680	0.01976714
784.00000000	-0.00295087	-0.00005730	0.01941799
785.00000000	-0.00286187	-0.00005355	0.01871156
786.00000000	-0.00301694	-0.00005580	0.01849559
787.00000000	-0.00311245	-0.00005680	0.01824931
788.00000000	-0.00344592	-0.00006380	0.01851466
789.00000000	-0.00361415	-0.00006630	0.01834457
790.00000000	-0.00380956	-0.00006830	0.01792859
791.00000000	-0.00376890	-0.00006630	0.01759134
792.00000000	-0.00403781	-0.00007030	0.01741042
793.00000000	-0.00409999	-0.00007030	0.01714639
794.00000000	-0.00439947	-0.00007430	0.01688842
795.00000000	-0.00453964	-0.00007555	0.01664229
796.00000000	-0.00481259	-0.00007980	0.01658152
797.00000000	-0.00475716	-0.00007680	0.01614409
798.00000000	-0.00496395	-0.00007955	0.01602554
799.00000000	-0.00521580	-0.00008080	0.01549139
800.00000000	-0.00536887	-0.00008180	0.01523599
801.00000000	-0.00543686	-0.00008080	0.01486151
802.00000000	-0.00549017	-0.00007955	0.01448954
803.00000000	-0.00551913	-0.00007705	0.01396054
804.00000000	-0.00560918	-0.00007630	0.01360269
805.00000000	-0.00601371	-0.00008230	0.01368539
806.00000000	-0.00624403	-0.00008330	0.01334074
807.00000000	-0.00660624	-0.00008780	0.01329046
808.00000000	-0.00679469	-0.00008930	0.01314261
809.00000000	-0.00704307	-0.00009280	0.01317606
810.00000000	-0.00748488	-0.00010005	0.01336694
811.00000000	-0.00755804	-0.00009855	0.01303909
812.00000000	-0.00777224	-0.00009880	0.01271191
813.00000000	-0.00807317	-0.00010030	0.01242387
814.00000000	-0.00846006	-0.00010430	0.01232851
815.00000000	-0.00814857	-0.00009830	0.01206346
816.00000000	-0.00797303	-0.00009530	0.01195279
817.00000000	-0.00767131	-0.00008780	0.01144524
818.00000000	-0.00761650	-0.00008580	0.01126502
819.00000000	-0.00819362	-0.00009230	0.01126486
820.00000000	-0.00873438	-0.00009905	0.01134024
821.00000000	-0.00919360	-0.00010630	0.01156239
822.00000000	-0.00980452	-0.00011030	0.01124991
823.00000000	-0.00932851	-0.00009955	0.01067159
824.00000000	-0.00915316	-0.00009605	0.01049364
825.00000000	-0.00958239	-0.00010105	0.01054539
826.00000000	-0.01000088	-0.00010355	0.01035409
827.00000000	-0.01024863	-0.00010630	0.01037211
828.00000000	-0.00998226	-0.00010080	0.01009791
829.00000000	-0.01040912	-0.00010505	0.01009211
830.00000000	-0.01019536	-0.00010130	0.00993589
831.00000000	-0.01068673	-0.00010355	0.00968959
832.00000000	-0.01093069	-0.00010455	0.00956481
833.00000000	-0.01086969	-0.00010280	0.00945749
834.00000000	-0.01101270	-0.00010530	0.00956169
835.00000000	-0.01151183	-0.00010980	0.00953801
836.00000000	-0.01161738	-0.00011055	0.00951591
837.00000000	-0.01226440	-0.00011580	0.00944197
838.00000000	-0.01236411	-0.00011480	0.00928494
839.00000000	-0.01224942	-0.00011055	0.00902491
840.00000000	-0.01250139	-0.00011330	0.00906299
841.00000000	-0.01219021	-0.00010780	0.00884317
842.00000000	-0.01188754	-0.00010080	0.00847946
843.00000000	-0.01241519	-0.00010355	0.00834059
844.00000000	-0.01254965	-0.00010430	0.00831099
845.00000000	-0.01237041	-0.00009980	0.00806764
846.00000000	-0.01199518	-0.00009430	0.00786149
847.00000000	-0.01216913	-0.00009530	0.00783129
848.00000000	-0.01302059	-0.00010605	0.00814479
849.00000000	-0.01380644	-0.00011330	0.00820631
850.00000000	-0.01435503	-0.00011830	0.00824101
851.00000000	-0.01457795	-0.00011955	0.00820074
852.00000000	-0.01492344	-0.00011980	0.00802764
853.00000000	-0.01489755	-0.00011680	0.00784021
854.00000000	-0.01483583	-0.00011330	0.00763692
855.00000000	-0.01423195	-0.00010480	0.00736371
856.00000000	-0.01378218	-0.00010030	0.00727752
857.00000000	-0.01377356	-0.00009930	0.00720946
858.00000000	-0.01390685	-0.00009930	0.00714037
859.00000000	-0.01421289	-0.00009930	0.00698662
860.00000000	-0.01439873	-0.00009880	0.00686172
861.00000000	-0.01456997	-0.00009930	0.00681539
862.00000000	-0.01489315	-0.00010030	0.00673464
863.00000000	-0.01502701	-0.00009905	0.00659147
864.00000000	-0.01511745	-0.00010130	0.00670087
865.00000000	-0.01531498	-0.00010105	0.00659812
866.00000000	-0.01542786	-0.00009830	0.00637159
867.00000000	-0.01503894	-0.00009430	0.00627039
868.00000000	-0.01517355	-0.00009530	0.00628067
869.00000000	-0.01570927	-0.00010030	0.00638477
870.00000000	-0.01576441	-0.00009905	0.00628314
871.00000000	-0.01514760	-0.00009180	0.00606037
872.00000000	-0.01496806	-0.00008980	0.00599944
873.00000000	-0.01538173	-0.00009130	0.00593561
874.00000000	-0.01502820	-0.00008455	0.00562609
875.00000000	-0.01573543	-0.00008830	0.00561154
876.00000000	-0.01673855	-0.00009405	0.00561877
877.00000000	-0.01630807	-0.00008930	0.00547582
878.00000000	-0.01645032	-0.00008930	0.00542847
879.00000000	-0.01667601	-0.00009030	0.00541497
880.00000000	-0.01687147	-0.00008905	0.00527814
