690.00000000	0.02062556	0.00281515	0.13648840
691.00000000	0.00428378	0.00056140	0.13105243
692.00000000	0.01595174	0.00198515	0.12444720
693.00000000	0.01423778	0.00176215	0.12376575
694.00000000	0.01411330	0.00174540	0.12367057
695.00000000	0.01406638	0.00173490	0.12333667
696.00000000	0.01870345	0.00234215	0.12522555
697.00000000	0.01552086	0.00189890	0.12234500
698.00000000	0.00968764	0.00114840	0.11854282
699.00000000	0.00688472	0.00082340	0.11959825
700.00000000	0.00658996	0.00078790	0.11956075
701.00000000	0.00417992	0.00048390	0.11576785
702.00000000	0.00249831	0.00028790	0.11523797
703.00000000	0.00178313	0.00020465	0.11476992
704.00000000	0.00127675	0.00014590	0.11427485
705.00000000	0.00135726	0.00015540	0.11449500
706.00000000	0.00165843	0.00018915	0.11405395
707.00000000	0.00174023	0.00019665	0.11300248
708.00000000	0.00140416	0.00015740	0.11209560
709.00000000	0.00198442	0.00021540	0.10854555
710.00000000	0.00167097	0.00018090	0.10826058
711.00000000	0.00185948	0.00020115	0.10817560
712.00000000	0.00170217	0.00018440	0.10833218
713.00000000	0.00210306	0.00022540	0.10717720
714.00000000	0.00371801	0.00038965	0.10480070
715.00000000	0.00372306	0.00038940	0.10459125
716.00000000	0.00439919	0.00044865	0.10198475
717.00000000	0.00600681	0.00059440	0.09895430
718.00000000	0.00613030	0.00060965	0.09944860
719.00000000	0.00595099	0.00060140	0.10105887
720.00000000	0.00654607	0.00065315	0.09977743
721.00000000	0.00807401	0.00078265	0.09693442
722.00000000	0.00993701	0.00093740	0.09433417
723.00000000	0.01251259	0.00113915	0.09104028
724.00000000	0.01470063	0.00129790	0.08828875
725.00000000	0.01526305	0.00134015	0.08780352
726.00000000	0.01548436	0.00137665	0.08890582
727.00000000	0.01656572	0.00145390	0.08776560
728.00000000	0.01834547	0.00153240	0.08353017
729.00000000	0.01834479	0.00151315	0.08248390
730.00000000	0.01908024	0.00153665	0.08053620
731.00000000	0.01926739	0.00152940	0.07937765
732.00000000	0.01963878	0.00153390	0.07810565
733.00000000	0.01933882	0.00147715	0.07638265
734.00000000	0.01853600	0.00137615	0.07424202
735.00000000	0.01769858	0.00129690	0.07327705
736.00000000	0.01826575	0.00135040	0.07393073
737.00000000	0.01401753	0.00098090	0.06997665
738.00000000	0.01083858	0.00074115	0.06838070
739.00000000	0.01343226	0.00093065	0.06928470
740.00000000	0.01728964	0.00122340	0.07075912
741.00000000	0.01698049	0.00119340	0.07028065
742.00000000	0.01582670	0.00109715	0.06932272
743.00000000	0.01430136	0.00098065	0.06857042
744.00000000	0.00688542	0.00045490	0.06606717
745.00000000	0.00110015	0.00007065	0.06421872
746.00000000	-0.00374172	-0.00023435	0.06263162
747.00000000	-0.00898745	-0.00054435	0.06056778
748.00000000	-0.01418512	-0.00083310	0.05873055
749.00000000	-0.01757315	-0.00101535	0.05777850
750.00000000	-0.01540027	-0.00090485	0.05875548
751.00000000	-0.01437428	-0.00084985	0.05912297
752.00000000	-0.01685702	-0.00098110	0.05820127
753.00000000	-0.02085562	-0.00117735	0.05645240
754.00000000	-0.02414611	-0.00132710	0.05496122
755.00000000	-0.02554144	-0.00139135	0.05447423
756.00000000	-0.03010653	-0.00157285	0.05224282
757.00000000	-0.03450040	-0.00172335	0.04995160
758.00000000	-0.03607502	-0.00177310	0.04915035
759.00000000	-0.03748662	-0.00181460	0.04840660
760.00000000	-0.03786919	-0.00182410	0.04816845
761.00000000	-0.03880923	-0.00184235	0.04747195
762.00000000	-0.04009131	-0.00180860	0.04511203
763.00000000	-0.04005112	-0.00176210	0.04399628
764.00000000	-0.04005103	-0.00173860	0.04340962
765.00000000	-0.03940317	-0.00165085	0.04189637
766.00000000	-0.03423724	-0.00136310	0.03981337
767.00000000	-0.02996913	-0.00116885	0.03900180
768.00000000	-0.02065757	-0.00076360	0.03696465
769.00000000	-0.01331300	-0.00047335	0.03555548
770.00000000	-0.01261580	-0.00044735	0.03545950
771.00000000	-0.01093132	-0.00038160	0.03490887
772.00000000	-0.00801759	-0.00027485	0.03428087
773.00000000	-0.00400305	-0.00013260	0.03312477
774.00000000	-0.00340789	-0.00011185	0.03282090
775.00000000	-0.00569608	-0.00018960	0.03328607
776.00000000	-0.00442937	-0.00014485	0.03270217
777.00000000	-0.00319033	-0.00010260	0.03215967
778.00000000	-0.00105538	-0.00003235	0.03065252
779.00000000	-0.00023352	-0.00000685	0.02933323
780.00000000	-0.00021687	-0.00000635	0.02927998
781.00000000	-0.00018537	-0.00000535	0.02886103
782.00000000	-0.00020726	-0.00000585	0.02822607
783.00000000	-0.00040244	-0.00001135	0.02820302
784.00000000	-0.00038332	-0.00001060	0.02765338
785.00000000	-0.00044597	-0.00001210	0.02713200
786.00000000	-0.00065406	-0.00001760	0.02690877
787.00000000	-0.00085278	-0.00002285	0.02679470
788.00000000	-0.00097576	-0.00002660	0.02726080
789.00000000	-0.00130049	-0.00003510	0.02698990
790.00000000	-0.00158621	-0.00004235	0.02669892
791.00000000	-0.00166392	-0.00004310	0.02590265
792.00000000	-0.00185802	-0.00004760	0.02561863
793.00000000	-0.00201879	-0.00005060	0.02506447
794.00000000	-0.00210431	-0.00005110	0.02428350
795.00000000	-0.00218609	-0.00005110	0.02337510
796.00000000	-0.00234891	-0.00005460	0.02324483
797.00000000	-0.00236260	-0.00005510	0.02332180
798.00000000	-0.00249903	-0.00005685	0.02274880
799.00000000	-0.00268601	-0.00006110	0.02274753
800.00000000	-0.00320284	-0.00007335	0.02290158
801.00000000	-0.00358903	-0.00008135	0.02266630
802.00000000	-0.00339912	-0.00007410	0.02179978
803.00000000	-0.00337224	-0.00006960	0.02063913
804.00000000	-0.00347007	-0.00006910	0.01991313
805.00000000	-0.00369580	-0.00007260	0.01964390
806.00000000	-0.00400290	-0.00007985	0.01994805
807.00000000	-0.00442530	-0.00008685	0.01962580
808.00000000	-0.00461966	-0.00009110	0.01972005
809.00000000	-0.00452142	-0.00008535	0.01887680
810.00000000	-0.00453940	-0.00008210	0.01808610
811.00000000	-0.00482739	-0.00008735	0.01809468
812.00000000	-0.00495513	-0.00008810	0.01777955
813.00000000	-0.00509051	-0.00009110	0.01789605
814.00000000	-0.00520059	-0.00009360	0.01799795
815.00000000	-0.00565695	-0.00010035	0.01773925
816.00000000	-0.00596581	-0.00010510	0.01761705
817.00000000	-0.00597401	-0.00010160	0.01700700
818.00000000	-0.00596615	-0.00009785	0.01640087
819.00000000	-0.00611230	-0.00009785	0.01600870
820.00000000	-0.00599424	-0.00009285	0.01548988
821.00000000	-0.00615531	-0.00009560	0.01553130
822.00000000	-0.00651387	-0.00010260	0.01575100
823.00000000	-0.00654768	-0.00010110	0.01544057
824.00000000	-0.00672483	-0.00010035	0.01492230
825.00000000	-0.00715283	-0.00010835	0.01514785
826.00000000	-0.00760109	-0.00011760	0.01547147
827.00000000	-0.00773090	-0.00011810	0.01527635
828.00000000	-0.00777196	-0.00011535	0.01484182
829.00000000	-0.00778996	-0.00011460	0.01471125
830.00000000	-0.00792749	-0.00011460	0.01445602
831.00000000	-0.00812649	-0.00011535	0.01419432
832.00000000	-0.00815163	-0.00011385	0.01396653
833.00000000	-0.00813343	-0.00011310	0.01390557
834.00000000	-0.00849761	-0.00011810	0.01389802
835.00000000	-0.00870066	-0.00012060	0.01386102
836.00000000	-0.00901253	-0.00012235	0.01357555
837.00000000	-0.00917695	-0.00012060	0.01314162
838.00000000	-0.00902476	-0.00011535	0.01278150
839.00000000	-0.00907215	-0.00011385	0.01254940
840.00000000	-0.00939503	-0.00011610	0.01235760
841.00000000	-0.00970740	-0.00011610	0.01195995
842.00000000	-0.00980550	-0.00011760	0.01199327
843.00000000	-0.00997433	-0.00011810	0.01184040
844.00000000	-0.01004801	-0.00011810	0.01175357
845.00000000	-0.01017281	-0.00011660	0.01146192
846.00000000	-0.01048505	-0.00011910	0.01135903
847.00000000	-0.01045874	-0.00011910	0.01138760
848.00000000	-0.01040416	-0.00011810	0.01135122
849.00000000	-0.01037886	-0.00011110	0.01070445
850.00000000	-0.01020336	-0.00010785	0.01057005
851.00000000	-0.01063623	-0.00011060	0.01039842
852.00000000	-0.01104069	-0.00011710	0.01060623
853.00000000	-0.01154406	-0.00012335	0.01068515
854.00000000	-0.01156498	-0.00012010	0.01038480
855.00000000	-0.01162116	-0.00012210	0.01050670
856.00000000	-0.01196454	-0.00012610	0.01053947
857.00000000	-0.01184586	-0.00012235	0.01032850
858.00000000	-0.01182768	-0.00011760	0.00994277
859.00000000	-0.01179938	-0.00011260	0.00954287
860.00000000	-0.01189616	-0.00011035	0.00927610
861.00000000	-0.01173826	-0.00010785	0.00918790
862.00000000	-0.01200588	-0.00011060	0.00921215
863.00000000	-0.01225066	-0.00011210	0.00915052
864.00000000	-0.01233384	-0.00011185	0.00906855
865.00000000	-0.01241642	-0.00011235	0.00904850
866.00000000	-0.01282985	-0.00011535	0.00899075
867.00000000	-0.01269446	-0.00011310	0.00890940
868.00000000	-0.01320412	-0.00011660	0.00883058
869.00000000	-0.01358392	-0.00011810	0.00869410
870.00000000	-0.01355488	-0.00011535	0.00850985
871.00000000	-0.01324183	-0.00010935	0.00825792
872.00000000	-0.01275417	-0.00010260	0.00804442
873.00000000	-0.01271694	-0.00010110	0.00795002
874.00000000	-0.01335700	-0.00010310	0.00771880
875.00000000	-0.01353294	-0.00010260	0.00758150
876.00000000	-0.01374942	-0.00010310	0.00749850
877.00000000	-0.01434705	-0.00010585	0.00737783
878.00000000	-0.01478318	-0.00011060	0.00748148
879.00000000	-0.01499515	-0.00011010	0.00734237
880.00000000	-0.01526138	-0.00011160	0.00731258
