690.00000000	0.02060264	0.00279385	0.13560642
691.00000000	0.01022489	0.00131385	0.12849530
692.00000000	0.01523819	0.00187060	0.12275735
693.00000000	0.01136604	0.00138735	0.12206102
694.00000000	0.01155126	0.00141360	0.12237627
695.00000000	0.01222577	0.00149535	0.12231127
696.00000000	0.01621109	0.00201135	0.12407250
697.00000000	0.01363214	0.00164810	0.12089815
698.00000000	0.00911266	0.00107360	0.11781417
699.00000000	0.00697895	0.00083085	0.11905080
700.00000000	0.00586750	0.00068785	0.11723042
701.00000000	0.00462824	0.00052635	0.11372565
702.00000000	0.00284504	0.00032335	0.11365385
703.00000000	0.00240836	0.00027435	0.11391564
704.00000000	0.00227013	0.00025760	0.11347372
705.00000000	0.00234984	0.00026510	0.11281619
706.00000000	0.00267261	0.00029935	0.11200642
707.00000000	0.00289867	0.00032110	0.11077492
708.00000000	0.00259446	0.00028610	0.11027342
709.00000000	0.00345603	0.00037160	0.10752225
710.00000000	0.00349301	0.00037510	0.10738595
711.00000000	0.00379667	0.00040685	0.10715964
712.00000000	0.00374680	0.00040160	0.10718492
713.00000000	0.00434629	0.00046035	0.10591799
714.00000000	0.00614829	0.00063410	0.10313430
715.00000000	0.00625931	0.00064360	0.10282282
716.00000000	0.00713823	0.00071385	0.10000384
717.00000000	0.00800974	0.00078935	0.09854877
718.00000000	0.00881141	0.00086185	0.09781072
719.00000000	0.00900127	0.00088935	0.09880269
720.00000000	0.00947546	0.00092835	0.09797409
721.00000000	0.01170493	0.00109560	0.09360157
722.00000000	0.01263654	0.00116985	0.09257679
723.00000000	0.01540217	0.00136710	0.08876025
724.00000000	0.01651893	0.00143935	0.08713335
725.00000000	0.01770680	0.00152860	0.08632840
726.00000000	0.01794257	0.00155735	0.08679639
727.00000000	0.01908509	0.00162785	0.08529435
728.00000000	0.02020080	0.00164360	0.08136310
729.00000000	0.01994014	0.00160860	0.08067144
730.00000000	0.02031774	0.00161635	0.07955362
731.00000000	0.02070821	0.00161185	0.07783627
732.00000000	0.02106983	0.00163535	0.07761572
733.00000000	0.02125424	0.00164085	0.07720107
734.00000000	0.02070765	0.00154035	0.07438557
735.00000000	0.01821049	0.00130160	0.07147527
736.00000000	0.01874424	0.00135410	0.07224087
737.00000000	0.01124079	0.00076235	0.06782000
738.00000000	0.00740959	0.00049335	0.06658264
739.00000000	0.01102502	0.00074485	0.06755999
740.00000000	0.01650991	0.00114610	0.06941892
741.00000000	0.01619214	0.00111710	0.06899025
742.00000000	0.01523141	0.00104160	0.06838500
743.00000000	0.01025692	0.00068460	0.06674519
744.00000000	0.00332362	0.00021560	0.06486910
745.00000000	-0.00276345	-0.00017465	0.06320004
746.00000000	-0.00673180	-0.00041815	0.06211564
747.00000000	-0.01219829	-0.00073340	0.06012319
748.00000000	-0.01843781	-0.00106865	0.05795969
749.00000000	-0.02195983	-0.00125190	0.05700864
750.00000000	-0.02056975	-0.00118665	0.05768909
751.00000000	-0.02030318	-0.00117340	0.05779389
752.00000000	-0.02393640	-0.00134790	0.05631172
753.00000000	-0.02705029	-0.00148840	0.05502344
754.00000000	-0.02972229	-0.00159715	0.05373577
755.00000000	-0.03118248	-0.00165465	0.05306345
756.00000000	-0.03479454	-0.00177215	0.05093185
757.00000000	-0.03862029	-0.00187090	0.04844345
758.00000000	-0.03991238	-0.00189815	0.04755792
759.00000000	-0.04070879	-0.00191940	0.04714952
760.00000000	-0.04065042	-0.00192590	0.04737712
761.00000000	-0.04140058	-0.00193415	0.04671794
762.00000000	-0.04217303	-0.00186665	0.04426170
763.00000000	-0.04176938	-0.00181565	0.04346845
764.00000000	-0.04131958	-0.00175990	0.04259239
765.00000000	-0.03935810	-0.00160515	0.04078322
766.00000000	-0.03312363	-0.00128665	0.03884387
767.00000000	-0.02977209	-0.00114165	0.03834632
768.00000000	-0.02010498	-0.00072990	0.03630445
769.00000000	-0.01218489	-0.00042415	0.03480952
770.00000000	-0.01220277	-0.00042565	0.03488142
771.00000000	-0.00946884	-0.00032290	0.03410132
772.00000000	-0.00633256	-0.00021140	0.03338302
773.00000000	-0.00307828	-0.00009940	0.03229077
774.00000000	-0.00269445	-0.00008640	0.03206587
775.00000000	-0.00513476	-0.00016765	0.03265000
776.00000000	-0.00368583	-0.00011765	0.03191957
777.00000000	-0.00276310	-0.00008690	0.03145017
778.00000000	-0.00115900	-0.00003490	0.03011212
779.00000000	-0.00048873	-0.00001415	0.02895287
780.00000000	-0.00055063	-0.00001590	0.02887625
781.00000000	-0.00051335	-0.00001465	0.02853807
782.00000000	-0.00052471	-0.00001465	0.02792022
783.00000000	-0.00071670	-0.00001990	0.02776627
784.00000000	-0.00064154	-0.00001740	0.02712240
785.00000000	-0.00078288	-0.00002090	0.02669617
786.00000000	-0.00101667	-0.00002690	0.02645899
787.00000000	-0.00117051	-0.00003090	0.02639867
788.00000000	-0.00135152	-0.00003665	0.02711760
789.00000000	-0.00169256	-0.00004540	0.02682320
790.00000000	-0.00204102	-0.00005390	0.02640832
791.00000000	-0.00212643	-0.00005440	0.02558279
792.00000000	-0.00219810	-0.00005540	0.02520360
793.00000000	-0.00242657	-0.00005965	0.02458199
794.00000000	-0.00257550	-0.00006140	0.02384002
795.00000000	-0.00265063	-0.00006115	0.02307002
796.00000000	-0.00270806	-0.00006215	0.02295005
797.00000000	-0.00271135	-0.00006215	0.02292217
798.00000000	-0.00294795	-0.00006590	0.02235452
799.00000000	-0.00314409	-0.00006990	0.02223217
800.00000000	-0.00363218	-0.00008115	0.02234197
801.00000000	-0.00412984	-0.00009165	0.02219212
802.00000000	-0.00388702	-0.00008290	0.02132739
803.00000000	-0.00385150	-0.00007790	0.02022590
804.00000000	-0.00393202	-0.00007640	0.01943022
805.00000000	-0.00415128	-0.00008015	0.01930732
806.00000000	-0.00454175	-0.00008890	0.01957397
807.00000000	-0.00504795	-0.00009765	0.01934447
808.00000000	-0.00518301	-0.00010090	0.01946747
809.00000000	-0.00506414	-0.00009440	0.01864087
810.00000000	-0.00513663	-0.00009165	0.01784244
811.00000000	-0.00537172	-0.00009590	0.01785274
812.00000000	-0.00554707	-0.00009690	0.01746867
813.00000000	-0.00560248	-0.00009840	0.01756364
814.00000000	-0.00582140	-0.00010340	0.01776204
815.00000000	-0.00628193	-0.00010990	0.01749462
816.00000000	-0.00645165	-0.00011190	0.01734439
817.00000000	-0.00649443	-0.00010865	0.01672972
818.00000000	-0.00638744	-0.00010290	0.01610974
819.00000000	-0.00663751	-0.00010440	0.01572879
820.00000000	-0.00653590	-0.00009965	0.01524657
821.00000000	-0.00678480	-0.00010390	0.01531365
822.00000000	-0.00711260	-0.00011065	0.01555690
823.00000000	-0.00707755	-0.00010790	0.01524539
824.00000000	-0.00738758	-0.00010940	0.01480864
825.00000000	-0.00779744	-0.00011715	0.01502417
826.00000000	-0.00838004	-0.00012890	0.01538180
827.00000000	-0.00852933	-0.00012990	0.01522980
828.00000000	-0.00846563	-0.00012465	0.01472425
829.00000000	-0.00838308	-0.00012165	0.01451137
830.00000000	-0.00855484	-0.00012165	0.01422002
831.00000000	-0.00869005	-0.00012140	0.01397000
832.00000000	-0.00870434	-0.00011940	0.01371729
833.00000000	-0.00884597	-0.00012140	0.01372377
834.00000000	-0.00909917	-0.00012515	0.01375399
835.00000000	-0.00935438	-0.00012840	0.01372620
836.00000000	-0.00965007	-0.00013015	0.01348695
837.00000000	-0.00987600	-0.00012940	0.01310247
838.00000000	-0.00965239	-0.00012240	0.01268080
839.00000000	-0.00975428	-0.00012140	0.01244582
840.00000000	-0.00989522	-0.00012140	0.01226854
841.00000000	-0.01024579	-0.00012215	0.01192197
842.00000000	-0.01038201	-0.00012440	0.01198227
843.00000000	-0.01059149	-0.00012540	0.01183970
844.00000000	-0.01072446	-0.00012590	0.01173952
845.00000000	-0.01082872	-0.00012290	0.01134944
846.00000000	-0.01114429	-0.00012540	0.01125239
847.00000000	-0.01107145	-0.00012515	0.01130384
848.00000000	-0.01110598	-0.00012490	0.01124619
849.00000000	-0.01088559	-0.00011615	0.01067007
850.00000000	-0.01065442	-0.00011215	0.01052615
851.00000000	-0.01120110	-0.00011615	0.01036952
852.00000000	-0.01168758	-0.00012340	0.01055822
853.00000000	-0.01216022	-0.00012915	0.01062070
854.00000000	-0.01210256	-0.00012465	0.01029947
855.00000000	-0.01206875	-0.00012540	0.01039047
856.00000000	-0.01247506	-0.00013065	0.01047289
857.00000000	-0.01236357	-0.00012740	0.01030447
858.00000000	-0.01244679	-0.00012390	0.00995437
859.00000000	-0.01246129	-0.00011890	0.00954155
860.00000000	-0.01243355	-0.00011565	0.00930145
861.00000000	-0.01240134	-0.00011390	0.00918450
862.00000000	-0.01261830	-0.00011590	0.00918507
863.00000000	-0.01280497	-0.00011640	0.00909022
864.00000000	-0.01285592	-0.00011615	0.00903475
865.00000000	-0.01298334	-0.00011690	0.00900384
866.00000000	-0.01324571	-0.00011840	0.00893874
867.00000000	-0.01329491	-0.00011740	0.00883044
868.00000000	-0.01371709	-0.00011990	0.00874092
869.00000000	-0.01405697	-0.00012165	0.00865407
870.00000000	-0.01407401	-0.00011940	0.00848372
871.00000000	-0.01367620	-0.00011315	0.00827350
872.00000000	-0.01315741	-0.00010590	0.00804869
873.00000000	-0.01325850	-0.00010540	0.00794962
874.00000000	-0.01382305	-0.00010540	0.00762494
875.00000000	-0.01385659	-0.00010440	0.00753432
876.00000000	-0.01410285	-0.00010565	0.00749139
877.00000000	-0.01491344	-0.00011040	0.00740272
878.00000000	-0.01524541	-0.00011465	0.00752029
879.00000000	-0.01562638	-0.00011565	0.00740095
880.00000000	-0.01576009	-0.00011640	0.00738574
