800.00000000	-0.00436504	-0.00006323	0.01448555
801.00000000	-0.00230905	-0.00003295	0.01427210
802.00000000	-0.00220620	-0.00003112	0.01410457
803.00000000	-0.00237114	-0.00003292	0.01388258
804.00000000	-0.00247932	-0.00003393	0.01368523
805.00000000	-0.00251050	-0.00003355	0.01336585
806.00000000	-0.00251226	-0.00003209	0.01277438
807.00000000	-0.00247603	-0.00003138	0.01267353
808.00000000	-0.00245768	-0.00003024	0.01230533
809.00000000	-0.00264336	-0.00003199	0.01210295
810.00000000	-0.00302540	-0.00003587	0.01185545
811.00000000	-0.00303932	-0.00003594	0.01182582
812.00000000	-0.00304318	-0.00003532	0.01160548
813.00000000	-0.00325041	-0.00003696	0.01136932
814.00000000	-0.00336910	-0.00003779	0.01121740
815.00000000	-0.00336338	-0.00003722	0.01106550
816.00000000	-0.00346105	-0.00003793	0.01095910
817.00000000	-0.00383205	-0.00004171	0.01088320
818.00000000	-0.00384988	-0.00004118	0.01069643
819.00000000	-0.00391133	-0.00004128	0.01055395
820.00000000	-0.00409206	-0.00004292	0.01048800
821.00000000	-0.00420963	-0.00004394	0.01043858
822.00000000	-0.00437195	-0.00004495	0.01028260
823.00000000	-0.00476229	-0.00004807	0.01009335
824.00000000	-0.00491076	-0.00004937	0.01005293
825.00000000	-0.00525397	-0.00005251	0.00999340
826.00000000	-0.00537498	-0.00005278	0.00981958
827.00000000	-0.00534231	-0.00005113	0.00957078
828.00000000	-0.00526702	-0.00004974	0.00944415
829.00000000	-0.00522510	-0.00004803	0.00919218
830.00000000	-0.00518796	-0.00004704	0.00906763
831.00000000	-0.00522134	-0.00004718	0.00903600
832.00000000	-0.00534907	-0.00004737	0.00885528
833.00000000	-0.00539959	-0.00004758	0.00881178
834.00000000	-0.00572339	-0.00004972	0.00868673
835.00000000	-0.00583267	-0.00004986	0.00854755
836.00000000	-0.00594209	-0.00005032	0.00846797
837.00000000	-0.00599646	-0.00004977	0.00829948
838.00000000	-0.00609619	-0.00005016	0.00822727
839.00000000	-0.00611179	-0.00004908	0.00803038
840.00000000	-0.00621926	-0.00004909	0.00789362
841.00000000	-0.00635999	-0.00005031	0.00790960
842.00000000	-0.00669836	-0.00005304	0.00791872
843.00000000	-0.00690369	-0.00005429	0.00786428
844.00000000	-0.00715973	-0.00005545	0.00774540
845.00000000	-0.00717091	-0.00005497	0.00766535
846.00000000	-0.00718629	-0.00005461	0.00759850
847.00000000	-0.00700996	-0.00005212	0.00743478
848.00000000	-0.00714840	-0.00005133	0.00718062
849.00000000	-0.00729984	-0.00005215	0.00714468
850.00000000	-0.00766580	-0.00005445	0.00710362
851.00000000	-0.00770485	-0.00005433	0.00705140
852.00000000	-0.00764364	-0.00005134	0.00671702
853.00000000	-0.00727237	-0.00004757	0.00654085
854.00000000	-0.00643553	-0.00004053	0.00629785
855.00000000	-0.00671582	-0.00004144	0.00617088
856.00000000	-0.00701294	-0.00004319	0.00615897
857.00000000	-0.00755749	-0.00004705	0.00622627
858.00000000	-0.00780580	-0.00004787	0.00613230
859.00000000	-0.00788436	-0.00004775	0.00605692
860.00000000	-0.00785652	-0.00004628	0.00589065
861.00000000	-0.00755233	-0.00004338	0.00574392
862.00000000	-0.00717608	-0.00004019	0.00560090
863.00000000	-0.00730541	-0.00004001	0.00547607
864.00000000	-0.00749971	-0.00004084	0.00544587
865.00000000	-0.00762603	-0.00004080	0.00535075
866.00000000	-0.00762689	-0.00004015	0.00526492
867.00000000	-0.00802449	-0.00004217	0.00525485
868.00000000	-0.00863660	-0.00004542	0.00525872
869.00000000	-0.00894888	-0.00004665	0.00521350
870.00000000	-0.00896506	-0.00004527	0.00504932
871.00000000	-0.00861625	-0.00004177	0.00484752
872.00000000	-0.00830635	-0.00003926	0.00472590
873.00000000	-0.00801545	-0.00003657	0.00456212
874.00000000	-0.00802758	-0.00003598	0.00448205
875.00000000	-0.00802979	-0.00003530	0.00439675
876.00000000	-0.00779669	-0.00003355	0.00430375
877.00000000	-0.00784404	-0.00003315	0.00422677
878.00000000	-0.00832399	-0.00003490	0.00419330
879.00000000	-0.00844271	-0.00003438	0.00407215
880.00000000	-0.00846715	-0.00003389	0.00400282
881.00000000	-0.00823959	-0.00003239	0.00393133
882.00000000	-0.00805480	-0.00003094	0.00384150
883.00000000	-0.00821072	-0.00003107	0.00378377
884.00000000	-0.00806178	-0.00002982	0.00369862
885.00000000	-0.00790657	-0.00002892	0.00365740
886.00000000	-0.00792225	-0.00002864	0.00361545
887.00000000	-0.00829497	-0.00002996	0.00361123
888.00000000	-0.00836090	-0.00002963	0.00354387
889.00000000	-0.00845912	-0.00002914	0.00344510
890.00000000	-0.00874074	-0.00002939	0.00336270
891.00000000	-0.00923016	-0.00003035	0.00328868
892.00000000	-0.00908265	-0.00002923	0.00321822
893.00000000	-0.00891235	-0.00002803	0.00314507
894.00000000	-0.00896642	-0.00002768	0.00308707
895.00000000	-0.00907961	-0.00002757	0.00303620
896.00000000	-0.00927263	-0.00002756	0.00297165
897.00000000	-0.00949121	-0.00002769	0.00291770
898.00000000	-0.00973570	-0.00002762	0.00283673
899.00000000	-0.00949818	-0.00002634	0.00277342
900.00000000	-0.00969499	-0.00002608	0.00269005
