690.00000000	0.00295393	0.00037410	0.12664472
691.00000000	0.00585645	0.00072960	0.12458065
692.00000000	0.00583192	0.00071685	0.12291828
693.00000000	0.00551689	0.00067685	0.12268690
694.00000000	0.00554278	0.00067635	0.12202365
695.00000000	0.00565471	0.00068260	0.12071345
696.00000000	0.00513406	0.00061785	0.12034335
697.00000000	0.00514872	0.00060610	0.11771853
698.00000000	0.00537816	0.00063635	0.11832105
699.00000000	0.00567460	0.00067310	0.11861620
700.00000000	0.00590977	0.00070585	0.11943790
701.00000000	0.00666547	0.00080660	0.12101165
702.00000000	0.00714733	0.00084210	0.11782028
703.00000000	0.00675880	0.00077985	0.11538290
704.00000000	0.00696147	0.00078510	0.11277795
705.00000000	0.00731732	0.00081435	0.11129075
706.00000000	0.00761824	0.00083585	0.10971700
707.00000000	0.00788798	0.00085410	0.10827872
708.00000000	0.00929179	0.00098460	0.10596455
709.00000000	0.01029805	0.00108010	0.10488395
710.00000000	0.01022487	0.00107860	0.10548793
711.00000000	0.01085185	0.00114785	0.10577455
712.00000000	0.01048383	0.00111885	0.10672145
713.00000000	0.01104137	0.00115860	0.10493263
714.00000000	0.01266602	0.00127335	0.10053278
715.00000000	0.01321061	0.00130735	0.09896213
716.00000000	0.01393837	0.00138835	0.09960633
717.00000000	0.01442194	0.00142260	0.09864140
718.00000000	0.01500890	0.00143785	0.09579982
719.00000000	0.01519571	0.00147810	0.09727090
720.00000000	0.01523214	0.00148110	0.09723518
721.00000000	0.01662985	0.00157235	0.09454985
722.00000000	0.01705423	0.00159935	0.09378028
723.00000000	0.01798008	0.00159435	0.08867313
724.00000000	0.01852493	0.00160110	0.08642948
725.00000000	0.01933966	0.00159035	0.08223258
726.00000000	0.01935819	0.00162285	0.08383275
727.00000000	0.01977502	0.00166660	0.08427803
728.00000000	0.02110493	0.00169035	0.08009268
729.00000000	0.02107209	0.00164885	0.07824805
730.00000000	0.02120107	0.00162385	0.07659285
731.00000000	0.02166579	0.00167685	0.07739623
732.00000000	0.02266586	0.00178110	0.07858075
733.00000000	0.02203878	0.00164435	0.07461168
734.00000000	0.02015877	0.00146135	0.07249203
735.00000000	0.01947471	0.00140260	0.07202163
736.00000000	0.01767772	0.00125110	0.07077270
737.00000000	0.01040267	0.00070535	0.06780470
738.00000000	0.01009980	0.00068510	0.06783303
739.00000000	0.00886221	0.00059760	0.06743238
740.00000000	0.00122680	0.00008010	0.06529180
741.00000000	-0.00233291	-0.00015065	0.06457593
742.00000000	-0.00333421	-0.00021465	0.06437808
743.00000000	-0.00132889	-0.00008615	0.06482855
744.00000000	0.00036223	0.00002360	0.06515275
745.00000000	-0.00549366	-0.00034965	0.06364610
746.00000000	-0.01487745	-0.00090715	0.06097485
747.00000000	-0.01711501	-0.00103290	0.06035052
748.00000000	-0.01617865	-0.00098065	0.06061382
749.00000000	-0.02129123	-0.00124865	0.05864620
750.00000000	-0.02832780	-0.00158140	0.05582503
751.00000000	-0.02925341	-0.00163515	0.05589605
752.00000000	-0.02629023	-0.00150415	0.05721328
753.00000000	-0.02839422	-0.00159690	0.05624033
754.00000000	-0.03376066	-0.00180215	0.05338017
755.00000000	-0.03535399	-0.00185840	0.05256550
756.00000000	-0.03775514	-0.00196965	0.05216905
757.00000000	-0.04086823	-0.00203740	0.04985290
758.00000000	-0.04195269	-0.00204340	0.04870725
759.00000000	-0.04315002	-0.00203815	0.04723405
760.00000000	-0.04455742	-0.00204115	0.04580943
761.00000000	-0.04525316	-0.00202390	0.04472395
762.00000000	-0.04541259	-0.00198015	0.04360355
763.00000000	-0.04393816	-0.00185190	0.04214788
764.00000000	-0.03917000	-0.00157615	0.04023870
765.00000000	-0.03589770	-0.00140065	0.03901782
766.00000000	-0.02887087	-0.00108090	0.03743912
767.00000000	-0.02363130	-0.00086590	0.03664207
768.00000000	-0.02220647	-0.00080665	0.03632500
769.00000000	-0.01291394	-0.00044765	0.03466410
770.00000000	-0.00775760	-0.00026165	0.03372820
771.00000000	-0.00212787	-0.00006765	0.03179240
772.00000000	-0.00150569	-0.00004765	0.03164660
773.00000000	-0.00095711	-0.00002990	0.03123988
774.00000000	-0.00047594	-0.00001465	0.03078097
775.00000000	-0.00040615	-0.00001240	0.03053030
776.00000000	0.00010461	0.00000310	0.02963517
777.00000000	0.00027887	0.00000810	0.02904542
778.00000000	0.00044715	0.00001285	0.02873775
779.00000000	0.00033850	0.00000960	0.02836080
780.00000000	0.00005694	0.00000160	0.02810125
781.00000000	-0.00021196	-0.00000590	0.02783587
782.00000000	-0.00024035	-0.00000665	0.02766842
783.00000000	-0.00046179	-0.00001265	0.02739363
784.00000000	-0.00060785	-0.00001640	0.02698017
785.00000000	-0.00067908	-0.00001790	0.02635927
786.00000000	-0.00095097	-0.00002540	0.02670965
787.00000000	-0.00143045	-0.00003840	0.02684463
788.00000000	-0.00131160	-0.00003440	0.02622742
789.00000000	-0.00139263	-0.00003590	0.02577865
790.00000000	-0.00167238	-0.00004165	0.02490457
791.00000000	-0.00175864	-0.00004290	0.02439382
792.00000000	-0.00174109	-0.00004265	0.02449610
793.00000000	-0.00196869	-0.00004790	0.02433085
794.00000000	-0.00230765	-0.00005540	0.02400715
795.00000000	-0.00240321	-0.00005490	0.02284440
796.00000000	-0.00254098	-0.00005740	0.02258967
797.00000000	-0.00292295	-0.00006640	0.02271680
798.00000000	-0.00317309	-0.00007190	0.02265927
799.00000000	-0.00311705	-0.00006890	0.02210420
800.00000000	-0.00321858	-0.00006890	0.02140692
801.00000000	-0.00343214	-0.00007115	0.02073052
802.00000000	-0.00340788	-0.00006890	0.02021787
803.00000000	-0.00365713	-0.00007265	0.01986530
804.00000000	-0.00413624	-0.00008115	0.01961927
805.00000000	-0.00438529	-0.00008440	0.01924617
806.00000000	-0.00461059	-0.00008790	0.01906480
807.00000000	-0.00494734	-0.00009265	0.01872723
808.00000000	-0.00507289	-0.00009115	0.01796805
809.00000000	-0.00524387	-0.00009365	0.01785895
810.00000000	-0.00544667	-0.00009840	0.01806610
811.00000000	-0.00537015	-0.00009290	0.01729933
812.00000000	-0.00536559	-0.00009190	0.01712767
813.00000000	-0.00576658	-0.00009990	0.01732395
814.00000000	-0.00591226	-0.00010090	0.01706622
815.00000000	-0.00586385	-0.00009840	0.01678077
816.00000000	-0.00610637	-0.00010265	0.01681033
817.00000000	-0.00644580	-0.00010790	0.01673957
818.00000000	-0.00649067	-0.00010590	0.01631572
819.00000000	-0.00647439	-0.00010365	0.01600922
820.00000000	-0.00682928	-0.00010840	0.01587283
821.00000000	-0.00728739	-0.00011640	0.01597280
822.00000000	-0.00747707	-0.00011615	0.01553415
823.00000000	-0.00746348	-0.00011290	0.01512700
824.00000000	-0.00754833	-0.00011190	0.01482448
825.00000000	-0.00771475	-0.00011190	0.01450467
826.00000000	-0.00780611	-0.00011240	0.01439898
827.00000000	-0.00803217	-0.00011515	0.01433610
828.00000000	-0.00809310	-0.00011690	0.01444440
829.00000000	-0.00827395	-0.00011590	0.01400783
830.00000000	-0.00840942	-0.00011615	0.01381190
831.00000000	-0.00867230	-0.00011890	0.01371033
832.00000000	-0.00904761	-0.00012215	0.01350080
833.00000000	-0.00885578	-0.00011690	0.01320043
834.00000000	-0.00860002	-0.00010940	0.01272090
835.00000000	-0.00892845	-0.00011190	0.01253298
836.00000000	-0.00943588	-0.00011840	0.01254785
837.00000000	-0.00941407	-0.00011765	0.01249725
838.00000000	-0.00958491	-0.00011665	0.01217018
839.00000000	-0.00956363	-0.00011590	0.01211883
840.00000000	-0.00980830	-0.00011815	0.01204593
841.00000000	-0.00996613	-0.00011815	0.01185515
842.00000000	-0.01006653	-0.00011665	0.01158790
843.00000000	-0.01038160	-0.00012190	0.01174193
844.00000000	-0.01019068	-0.00011790	0.01156940
845.00000000	-0.01044510	-0.00011890	0.01138333
846.00000000	-0.01108305	-0.00012540	0.01131458
847.00000000	-0.01109395	-0.00012590	0.01134852
848.00000000	-0.01122560	-0.00012540	0.01117090
849.00000000	-0.01164945	-0.00012840	0.01102197
850.00000000	-0.01147566	-0.00012365	0.01077497
851.00000000	-0.01118860	-0.00011740	0.01049282
852.00000000	-0.01116788	-0.00011590	0.01037798
853.00000000	-0.01141869	-0.00011715	0.01025950
854.00000000	-0.01123215	-0.00011265	0.01002925
855.00000000	-0.01128650	-0.00011090	0.00982590
856.00000000	-0.01177174	-0.00011615	0.00986685
857.00000000	-0.01195242	-0.00011890	0.00994778
858.00000000	-0.01210221	-0.00011790	0.00974203
859.00000000	-0.01230615	-0.00011665	0.00947900
860.00000000	-0.01262692	-0.00011665	0.00923820
861.00000000	-0.01290029	-0.00011890	0.00921685
862.00000000	-0.01293532	-0.00011690	0.00903728
863.00000000	-0.01243894	-0.00011090	0.00891555
864.00000000	-0.01225803	-0.00010890	0.00888398
865.00000000	-0.01208176	-0.00010690	0.00884805
866.00000000	-0.01221728	-0.00010490	0.00858620
867.00000000	-0.01148864	-0.00009415	0.00819505
868.00000000	-0.01157511	-0.00009190	0.00793945
869.00000000	-0.01183203	-0.00009465	0.00799947
870.00000000	-0.01224707	-0.00009890	0.00807540
871.00000000	-0.01337395	-0.00011240	0.00840440
872.00000000	-0.01350267	-0.00011190	0.00828725
873.00000000	-0.01281543	-0.00010190	0.00795135
874.00000000	-0.01276286	-0.00009615	0.00753358
875.00000000	-0.01288201	-0.00009715	0.00754153
876.00000000	-0.01261914	-0.00009390	0.00744108
877.00000000	-0.01321744	-0.00009740	0.00736905
878.00000000	-0.01341390	-0.00009890	0.00737295
879.00000000	-0.01300629	-0.00009090	0.00698892
880.00000000	-0.01273081	-0.00008665	0.00680633
