450	    -0.001767333333333	     -0.002229333333333
400	    -0.001780666666667	     -0.002165333333333
350	    -0.001794666666667	     -0.002106666666667
300	    -0.001819333333333	     -0.00202
250	    -0.001840666666667	     -0.001343333333333
200	    -0.001826	             -0.000278
150	    -0.001254666666667	     -0.000236666666667
100	     4.33333333333334E-05	 -0.000198
50	     1.46666666666667E-05	 -0.000132666666667
0	     0	0
-50	     1.46666666666666E-05	  6.00000000000009E-06
-100	-2.66666666666666E-06	  3.53333333333333E-05
-150	-4.13333333333334E-05	 -0.001318
-200	-8E-05	                 -0.001663333333333
-250	-0.001249333333333	     -0.001694666666667
-300	-0.001922666666667	     -0.001665333333333
-350	-0.002035333333333	     -0.001619333333333
-400	-0.002081333333333	     -0.001583333333333
-450	-0.002146666666667	     -0.001563333333333
 
