450	-0.002673	-0.002741	-0.002187	-0.002198	-0.001452	-0.001486
400	-0.002703	-0.002743	-0.002207	-0.002192	-0.001482	-0.001458
350	-0.002709	-0.002695	-0.002197	-0.002188	-0.001472	-0.001424
300	-0.002721	-0.002619	-0.002217	-0.001992	-0.001482	-0.001302
250	-0.002753	-0.000113	-0.002197	-0.001304	-0.001492	-0.00074
200	-0.002703	-6.3E-05	-0.002145	2E-06	-0.001434	4E-06
150	-0.002251	-6.7E-05	-0.001649	-3.4E-05	-0.000926	-1.6E-05
100	-0.000205	-4.5E-05	-0.000121	-6.2E-05	-0.000148	-3E-05
50	-0.000225	-1.1E-05	-7.5E-05	-4.8E-05	-0.000152	-1E-05
0	-0.000213	4.1E-05	-0.000133	3.6E-05	-0.000164	4.2E-05
-50	-0.000213	6.1E-05	-6.5E-05	2E-05	-0.00014	3.6E-05
-100	-0.000239	4.5E-05	-7.5E-05	2.4E-05	-0.000148	3.2E-05
-150	-0.000259	-0.001793	-0.000379	-0.00208	-0.000182	-0.000884
-200	-0.000305	-0.002525	-0.001067	-0.002122	-0.000648	-0.00141
-250	-0.002111	-0.002543	-0.001375	-0.002192	-0.001004	-0.001464
-300	-0.002825	-0.002573	-0.002057	-0.002184	-0.001564	-0.001486
-350	-0.002903	-0.002531	-0.002233	-0.002184	-0.00157	-0.001496
-400	-0.002953	-0.002543	-0.002257	-0.002188	-0.001592	-0.0015
-450	-0.002977	-0.002547	-0.002307	-0.002186	-0.00167	-0.00152
 
