450	-0.002652	-0.003241	-0.002247	-0.002748	-0.001445	-0.001842
400	-0.00266	-0.003197	-0.002259	-0.00263	-0.001465	-0.001812
350	-0.002684	-0.003123	-0.002259	-0.002596	-0.001483	-0.001744
300	-0.00272	-0.003057	-0.002267	-0.002424	-0.001513	-0.001722
250	-0.002744	-0.002261	-0.002279	-0.001748	-0.001541	-0.001164
200	-0.002726	-0.000715	-0.002253	-0.000706	-0.001541	-0.000556
150	-0.002156	-0.000677	-0.001559	-0.000664	-0.001091	-0.000512
100	-0.000314	-0.000633	-0.000277	-0.000608	-0.000321	-0.000496
50	-0.000366	-0.000541	-0.000291	-0.000562	-0.000341	-0.000438
0	-0.000406	-0.000413	-0.000303	-0.000424	-0.000333	-0.000306
-50	-0.000366	-0.000439	-0.000301	-0.00039	-0.000331	-0.000296
-100	-0.00041	-0.000385	-0.000299	-0.00037	-0.000341	-0.000282
-150	-0.000436	-0.002647	-0.000321	-0.001544	-0.000409	-0.000906
-200	-0.000478	-0.002617	-0.000371	-0.002134	-0.000433	-0.001382
-250	-0.002098	-0.002643	-0.001509	-0.00219	-0.001183	-0.001394
-300	-0.002852	-0.002613	-0.002287	-0.002144	-0.001671	-0.001382
-350	-0.002994	-0.002541	-0.002421	-0.002118	-0.001733	-0.001342
-400	-0.003074	-0.002509	-0.002431	-0.002052	-0.001781	-0.001332
-450	-0.003106	-0.002497	-0.002535	-0.002036	-0.001841	-0.0013
 
