450	    -0.001934	         -0.002181333333333
400	    -0.001960666666667	 -0.002170666666667
350	    -0.001956	         -0.002142
300	    -0.00197	         -0.002010666666667
250	    -0.001977333333333	 -0.000758666666667
200	    -0.001924	         -5.86666666666667E-05
150	    -0.001438666666667	 -7.86666666666667E-05
100	    1.2E-05	             -8.53333333333333E-05
50	    1.93333333333334E-05 -6.26666666666667E-05
0	    0	                  0
-50	    3.06666666666667E-05 -6.66666666666665E-07
-100	1.6E-05	-6E-06
-150	-0.000103333333333	 -0.001625333333333
-200	-0.000503333333333	 -0.002058666666667
-250	-0.001326666666667	 -0.002106
-300	-0.001978666666667	 -0.002120666666667
-350	-0.002065333333333	 -0.00211
-400	-0.002097333333333	 -0.002116666666667
-450	-0.002148	         -0.002124
