# E (eV)  ldosup(E)  ldosdw(E) pdosup(E)  pdosdw(E)  pdosup(E)  pdosdw(E)  pdosup(E)  pdosdw(E) 
  -6.000  0.190E+00  0.172E+00  0.656E-01  0.473E-01  0.623E-01  0.623E-01  0.623E-01  0.623E-01
  -5.950  0.189E+00  0.179E+00  0.655E-01  0.608E-01  0.618E-01  0.591E-01  0.618E-01  0.591E-01
  -5.900  0.197E+00  0.207E+00  0.602E-01  0.870E-01  0.684E-01  0.600E-01  0.684E-01  0.600E-01
  -5.850  0.190E+00  0.192E+00  0.658E-01  0.768E-01  0.620E-01  0.576E-01  0.620E-01  0.576E-01
  -5.800  0.257E+00  0.181E+00  0.108E+00  0.689E-01  0.745E-01  0.560E-01  0.745E-01  0.560E-01
  -5.750  0.231E+00  0.200E+00  0.747E-01  0.656E-01  0.780E-01  0.671E-01  0.780E-01  0.671E-01
  -5.700  0.120E+00  0.224E+00  0.586E-01  0.103E+00  0.307E-01  0.603E-01  0.307E-01  0.603E-01
  -5.650  0.109E+00  0.249E+00  0.483E-01  0.923E-01  0.303E-01  0.782E-01  0.303E-01  0.782E-01
  -5.600  0.112E+00  0.130E+00  0.501E-01  0.724E-01  0.310E-01  0.290E-01  0.310E-01  0.290E-01
  -5.550  0.172E+00  0.116E+00  0.918E-01  0.585E-01  0.400E-01  0.287E-01  0.400E-01  0.287E-01
  -5.500  0.219E+00  0.111E+00  0.122E+00  0.534E-01  0.481E-01  0.290E-01  0.481E-01  0.290E-01
  -5.450  0.200E+00  0.221E+00  0.103E+00  0.126E+00  0.483E-01  0.476E-01  0.483E-01  0.476E-01
  -5.400  0.228E+00  0.218E+00  0.850E-01  0.123E+00  0.717E-01  0.479E-01  0.717E-01  0.479E-01
  -5.350  0.248E+00  0.195E+00  0.703E-01  0.999E-01  0.888E-01  0.478E-01  0.888E-01  0.478E-01
  -5.300  0.123E+00  0.189E+00  0.505E-01  0.737E-01  0.364E-01  0.577E-01  0.364E-01  0.577E-01
  -5.250  0.144E+00  0.280E+00  0.558E-01  0.789E-01  0.442E-01  0.101E+00  0.442E-01  0.101E+00
  -5.200  0.129E+00  0.114E+00  0.386E-01  0.522E-01  0.451E-01  0.308E-01  0.451E-01  0.308E-01
  -5.150  0.145E+00  0.127E+00  0.273E-01  0.582E-01  0.586E-01  0.342E-01  0.586E-01  0.342E-01
  -5.100  0.174E+00  0.119E+00  0.155E-01  0.443E-01  0.792E-01  0.374E-01  0.792E-01  0.374E-01
  -5.050  0.653E-01  0.118E+00  0.155E-01  0.399E-01  0.249E-01  0.392E-01  0.249E-01  0.392E-01
  -5.000  0.103E+00  0.101E+00  0.370E-01  0.229E-01  0.332E-01  0.393E-01  0.332E-01  0.393E-01
  -4.950  0.853E-01  0.157E+00  0.350E-01  0.199E-01  0.251E-01  0.685E-01  0.251E-01  0.685E-01
  -4.900  0.741E-01  0.177E+00  0.368E-01  0.348E-01  0.187E-01  0.710E-01  0.187E-01  0.710E-01
  -4.850  0.667E-01  0.178E+00  0.468E-01  0.706E-01  0.997E-02  0.535E-01  0.997E-02  0.535E-01
  -4.800  0.157E+00  0.146E+00  0.113E+00  0.834E-01  0.219E-01  0.311E-01  0.219E-01  0.311E-01
  -4.750  0.212E+00  0.113E+00  0.995E-01  0.476E-01  0.562E-01  0.326E-01  0.562E-01  0.326E-01
  -4.700  0.334E+00  0.818E-01  0.117E+00  0.291E-01  0.109E+00  0.264E-01  0.109E+00  0.264E-01
  -4.650  0.121E+01  0.167E+00  0.276E+00  0.607E-01  0.465E+00  0.530E-01  0.465E+00  0.530E-01
  -4.600  0.340E-01  0.300E+00  0.149E-01  0.906E-01  0.959E-02  0.105E+00  0.959E-02  0.105E+00
  -4.550  0.319E+00  0.956E+00  0.517E-01  0.227E+00  0.133E+00  0.364E+00  0.133E+00  0.364E+00
  -4.500  0.198E+00  0.429E+00  0.610E-01  0.108E+00  0.685E-01  0.161E+00  0.685E-01  0.161E+00
  -4.450  0.156E+00  0.113E+00  0.497E-01  0.400E-01  0.529E-01  0.366E-01  0.529E-01  0.366E-01
  -4.400  0.155E+00  0.151E+00  0.436E-01  0.494E-01  0.559E-01  0.508E-01  0.559E-01  0.508E-01
  -4.350  0.729E-01  0.147E+00  0.225E-01  0.512E-01  0.252E-01  0.481E-01  0.252E-01  0.481E-01
  -4.300  0.768E-01  0.122E+00  0.279E-01  0.400E-01  0.245E-01  0.408E-01  0.245E-01  0.408E-01
  -4.250  0.870E-01  0.994E-01  0.315E-01  0.279E-01  0.277E-01  0.358E-01  0.277E-01  0.358E-01
  -4.200  0.876E-01  0.863E-01  0.339E-01  0.168E-01  0.269E-01  0.348E-01  0.269E-01  0.348E-01
  -4.150  0.903E-01  0.640E-01  0.370E-01  0.140E-01  0.266E-01  0.250E-01  0.266E-01  0.250E-01
  -4.100  0.112E+00  0.696E-01  0.489E-01  0.158E-01  0.314E-01  0.269E-01  0.314E-01  0.269E-01
  -4.050  0.225E+00  0.718E-01  0.587E-01  0.156E-01  0.832E-01  0.281E-01  0.832E-01  0.281E-01
  -4.000  0.191E+00  0.771E-01  0.115E+00  0.171E-01  0.379E-01  0.300E-01  0.379E-01  0.300E-01
  -3.950  0.176E+00  0.867E-01  0.109E+00  0.192E-01  0.335E-01  0.337E-01  0.335E-01  0.337E-01
  -3.900  0.184E+00  0.961E-01  0.111E+00  0.220E-01  0.368E-01  0.371E-01  0.368E-01  0.371E-01
  -3.850  0.206E+00  0.138E+00  0.117E+00  0.609E-01  0.443E-01  0.385E-01  0.443E-01  0.385E-01
  -3.800  0.221E+00  0.199E+00  0.116E+00  0.105E+00  0.524E-01  0.474E-01  0.524E-01  0.474E-01
  -3.750  0.248E+00  0.237E+00  0.116E+00  0.111E+00  0.658E-01  0.632E-01  0.658E-01  0.632E-01
  -3.700  0.295E+00  0.204E+00  0.118E+00  0.102E+00  0.888E-01  0.508E-01  0.888E-01  0.508E-01
  -3.650  0.352E+00  0.258E+00  0.120E+00  0.138E+00  0.116E+00  0.599E-01  0.116E+00  0.599E-01
  -3.600  0.795E+00  0.282E+00  0.122E+00  0.156E+00  0.337E+00  0.631E-01  0.337E+00  0.631E-01
  -3.550  0.136E+01  0.380E+00  0.148E+00  0.186E+00  0.605E+00  0.968E-01  0.605E+00  0.968E-01
  -3.500  0.860E+00  0.380E+00  0.125E+00  0.154E+00  0.368E+00  0.113E+00  0.368E+00  0.113E+00
  -3.450  0.856E+00  0.482E+00  0.159E+00  0.142E+00  0.348E+00  0.170E+00  0.348E+00  0.170E+00
  -3.400  0.109E+01  0.995E+00  0.244E+00  0.135E+00  0.424E+00  0.430E+00  0.424E+00  0.430E+00
  -3.350  0.635E+00  0.805E+00  0.299E+00  0.995E-01  0.168E+00  0.353E+00  0.168E+00  0.353E+00
  -3.300  0.575E+00  0.107E+01  0.357E+00  0.146E+00  0.109E+00  0.463E+00  0.109E+00  0.463E+00
  -3.250  0.748E+00  0.143E+01  0.531E+00  0.274E+00  0.108E+00  0.576E+00  0.108E+00  0.576E+00
  -3.200  0.839E+00  0.102E+01  0.608E+00  0.286E+00  0.116E+00  0.369E+00  0.116E+00  0.369E+00
  -3.150  0.651E+00  0.898E+00  0.385E+00  0.434E+00  0.133E+00  0.232E+00  0.133E+00  0.232E+00
  -3.100  0.461E+00  0.976E+00  0.250E+00  0.501E+00  0.105E+00  0.238E+00  0.105E+00  0.238E+00
  -3.050  0.104E+00  0.121E+01  0.454E-01  0.806E+00  0.291E-01  0.200E+00  0.291E-01  0.200E+00
  -3.000  0.107E+01  0.129E+01  0.828E+00  0.913E+00  0.123E+00  0.187E+00  0.123E+00  0.187E+00
  -2.950  0.362E-01  0.156E+00  0.170E-01  0.148E+00  0.960E-02  0.415E-02  0.960E-02  0.415E-02
  -2.900  0.612E-01  0.137E+00  0.127E-01  0.122E+00  0.242E-01  0.745E-02  0.242E-01  0.745E-02
  -2.850  0.654E-01  0.875E-01  0.891E-02  0.599E-01  0.282E-01  0.138E-01  0.282E-01  0.138E-01
  -2.800  0.714E-01  0.119E+00  0.624E-02  0.463E-01  0.326E-01  0.364E-01  0.326E-01  0.364E-01
  -2.750  0.726E-01  0.124E+00  0.404E-02  0.728E-01  0.343E-01  0.254E-01  0.343E-01  0.254E-01
  -2.700  0.689E-01  0.398E-01  0.185E-02  0.317E-01  0.335E-01  0.402E-02  0.335E-01  0.402E-02
  -2.650  0.641E-01  0.193E-02  0.139E-02  0.157E-02  0.314E-01  0.178E-03  0.314E-01  0.178E-03
  -2.600  0.582E-01  0.139E+00  0.948E-03  0.323E-01  0.287E-01  0.531E-01  0.287E-01  0.531E-01
  -2.550  0.526E-01  0.457E-02  0.528E-03  0.295E-02  0.260E-01  0.810E-03  0.260E-01  0.810E-03
  -2.500  0.572E+00  0.302E-02  0.350E+00  0.835E-03  0.111E+00  0.109E-02  0.111E+00  0.109E-02
  -2.450  0.324E+00  0.566E-02  0.157E+00  0.628E-03  0.838E-01  0.252E-02  0.838E-01  0.252E-02
  -2.400  0.250E-02  0.832E-02  0.864E-05  0.481E-03  0.125E-02  0.392E-02  0.125E-02  0.392E-02
  -2.350  0.144E-01  0.104E-01  0.261E-02  0.373E-03  0.591E-02  0.504E-02  0.591E-02  0.504E-02
  -2.300  0.196E+00  0.120E-01  0.162E+00  0.300E-03  0.172E-01  0.584E-02  0.172E-01  0.584E-02
  -2.250  0.322E-01  0.131E-01  0.222E-01  0.239E-03  0.500E-02  0.642E-02  0.500E-02  0.642E-02
  -2.200  0.139E-01  0.138E-01  0.672E-02  0.198E-03  0.361E-02  0.680E-02  0.361E-02  0.680E-02
  -2.150  0.604E-02  0.142E-01  0.512E-02  0.150E-03  0.459E-03  0.703E-02  0.459E-03  0.703E-02
  -2.100  0.462E-02  0.144E-01  0.449E-02  0.117E-03  0.634E-04  0.715E-02  0.634E-04  0.715E-02
  -2.050  0.000E+00  0.145E-01  0.000E+00  0.802E-04  0.000E+00  0.719E-02  0.000E+00  0.719E-02
  -2.000  0.000E+00  0.143E-01  0.000E+00  0.531E-04  0.000E+00  0.715E-02  0.000E+00  0.715E-02
  -1.950  0.000E+00  0.141E-01  0.000E+00  0.285E-04  0.000E+00  0.702E-02  0.000E+00  0.702E-02
  -1.900  0.000E+00  0.133E-01  0.000E+00  0.861E-05  0.000E+00  0.664E-02  0.000E+00  0.664E-02
  -1.850  0.000E+00  0.984E-01  0.000E+00  0.125E-01  0.000E+00  0.430E-01  0.000E+00  0.430E-01
  -1.800  0.000E+00  0.102E+00  0.000E+00  0.291E-01  0.000E+00  0.362E-01  0.000E+00  0.362E-01
  -1.750  0.000E+00  0.482E-02  0.000E+00  0.820E-05  0.000E+00  0.241E-02  0.000E+00  0.241E-02
  -1.700  0.000E+00  0.102E-01  0.000E+00  0.479E-03  0.000E+00  0.484E-02  0.000E+00  0.484E-02
  -1.650  0.000E+00  0.159E-01  0.000E+00  0.135E-01  0.000E+00  0.121E-02  0.000E+00  0.121E-02
  -1.600  0.000E+00  0.650E-02  0.000E+00  0.505E-02  0.000E+00  0.722E-03  0.000E+00  0.722E-03
  -1.550  0.000E+00  0.294E-02  0.000E+00  0.250E-02  0.000E+00  0.224E-03  0.000E+00  0.224E-03
  -1.500  0.000E+00  0.212E-02  0.000E+00  0.198E-02  0.000E+00  0.718E-04  0.000E+00  0.718E-04
  -1.450  0.000E+00  0.184E-02  0.000E+00  0.180E-02  0.000E+00  0.210E-04  0.000E+00  0.210E-04
  -1.400  0.000E+00  0.229E-02  0.000E+00  0.227E-02  0.000E+00  0.979E-05  0.000E+00  0.979E-05
  -1.350  0.000E+00  0.000E+00  0.000E+00  0.000E+00  0.000E+00  0.000E+00  0.000E+00  0.000E+00
  -1.300  0.000E+00  0.000E+00  0.000E+00  0.000E+00  0.000E+00  0.000E+00  0.000E+00  0.000E+00
  -1.250  0.000E+00  0.000E+00  0.000E+00  0.000E+00  0.000E+00  0.000E+00  0.000E+00  0.000E+00
  -1.200  0.000E+00  0.000E+00  0.000E+00  0.000E+00  0.000E+00  0.000E+00  0.000E+00  0.000E+00
  -1.150  0.000E+00  0.000E+00  0.000E+00  0.000E+00  0.000E+00  0.000E+00  0.000E+00  0.000E+00
  -1.100  0.000E+00  0.000E+00  0.000E+00  0.000E+00  0.000E+00  0.000E+00  0.000E+00  0.000E+00
  -1.050  0.000E+00  0.000E+00  0.000E+00  0.000E+00  0.000E+00  0.000E+00  0.000E+00  0.000E+00
  -1.000  0.000E+00  0.000E+00  0.000E+00  0.000E+00  0.000E+00  0.000E+00  0.000E+00  0.000E+00
  -0.950  0.000E+00  0.000E+00  0.000E+00  0.000E+00  0.000E+00  0.000E+00  0.000E+00  0.000E+00
  -0.900  0.196E+00  0.000E+00  0.763E-03  0.000E+00  0.975E-01  0.000E+00  0.975E-01  0.000E+00
  -0.850  0.222E+00  0.171E+00  0.142E-02  0.898E-04  0.110E+00  0.855E-01  0.110E+00  0.855E-01
  -0.800  0.253E+00  0.209E+00  0.179E-02  0.161E-03  0.126E+00  0.105E+00  0.126E+00  0.105E+00
  -0.750  0.294E+00  0.235E+00  0.191E-02  0.159E-03  0.146E+00  0.117E+00  0.146E+00  0.117E+00
  -0.700  0.355E+00  0.272E+00  0.182E-02  0.149E-03  0.176E+00  0.136E+00  0.176E+00  0.136E+00
  -0.650  0.776E+00  0.344E+00  0.295E+00  0.140E-03  0.240E+00  0.172E+00  0.240E+00  0.172E+00
  -0.600  0.348E+00  0.297E+00  0.101E+00  0.351E-01  0.124E+00  0.131E+00  0.124E+00  0.131E+00
  -0.550  0.305E+00  0.140E+01  0.642E-01  0.579E+00  0.120E+00  0.413E+00  0.120E+00  0.413E+00
  -0.500  0.472E+00  0.324E+00  0.552E-01  0.859E-01  0.209E+00  0.119E+00  0.209E+00  0.119E+00
  -0.450  0.602E+00  0.351E+00  0.453E-01  0.586E-01  0.278E+00  0.146E+00  0.278E+00  0.146E+00
  -0.400  0.480E+00  0.104E+01  0.471E-01  0.521E-01  0.217E+00  0.495E+00  0.217E+00  0.495E+00
  -0.350  0.423E+00  0.583E+00  0.513E-01  0.483E-01  0.186E+00  0.267E+00  0.186E+00  0.267E+00
  -0.300  0.407E+00  0.486E+00  0.665E-01  0.518E-01  0.170E+00  0.217E+00  0.170E+00  0.217E+00
  -0.250  0.384E+00  0.444E+00  0.695E-01  0.604E-01  0.157E+00  0.192E+00  0.157E+00  0.192E+00
  -0.200  0.373E+00  0.424E+00  0.767E-01  0.709E-01  0.148E+00  0.177E+00  0.148E+00  0.177E+00
  -0.150  0.362E+00  0.409E+00  0.786E-01  0.764E-01  0.141E+00  0.166E+00  0.141E+00  0.166E+00
  -0.100  0.441E+00  0.400E+00  0.101E+00  0.817E-01  0.170E+00  0.159E+00  0.170E+00  0.159E+00
  -0.050  0.489E+00  0.390E+00  0.118E+00  0.849E-01  0.186E+00  0.152E+00  0.186E+00  0.152E+00
   0.000  0.578E+00  0.382E+00  0.154E+00  0.816E-01  0.212E+00  0.150E+00  0.212E+00  0.150E+00
   0.050  0.700E+00  0.455E+00  0.211E+00  0.100E+00  0.245E+00  0.177E+00  0.245E+00  0.177E+00
   0.100  0.548E+00  0.518E+00  0.148E+00  0.127E+00  0.200E+00  0.195E+00  0.200E+00  0.195E+00
   0.150  0.112E+00  0.598E+00  0.129E-01  0.164E+00  0.494E-01  0.217E+00  0.494E-01  0.217E+00
   0.200  0.118E+00  0.368E+00  0.541E-02  0.939E-01  0.564E-01  0.137E+00  0.564E-01  0.137E+00
   0.250  0.159E+00  0.127E+00  0.278E-02  0.219E-01  0.779E-01  0.526E-01  0.779E-01  0.526E-01
   0.300  0.262E+00  0.964E-01  0.154E-02  0.963E-02  0.130E+00  0.434E-01  0.130E+00  0.434E-01
   0.350  0.191E+00  0.101E+00  0.669E-03  0.508E-02  0.952E-01  0.481E-01  0.952E-01  0.481E-01
   0.400  0.133E+00  0.132E+00  0.204E-03  0.298E-02  0.662E-01  0.645E-01  0.662E-01  0.645E-01
   0.450  0.873E-01  0.316E+00  0.182E-04  0.179E-02  0.436E-01  0.157E+00  0.436E-01  0.157E+00
   0.500  0.110E-02  0.137E+00  0.465E-06  0.887E-03  0.551E-03  0.683E-01  0.551E-03  0.683E-01
   0.550  0.000E+00  0.912E-01  0.000E+00  0.359E-03  0.000E+00  0.454E-01  0.000E+00  0.454E-01
   0.600  0.000E+00  0.666E-01  0.000E+00  0.683E-04  0.000E+00  0.333E-01  0.000E+00  0.333E-01
   0.650  0.000E+00  0.336E-02  0.000E+00  0.361E-05  0.000E+00  0.168E-02  0.000E+00  0.168E-02
   0.700  0.000E+00  0.398E-04  0.000E+00  0.256E-10  0.000E+00  0.199E-04  0.000E+00  0.199E-04
   0.750  0.000E+00  0.000E+00  0.000E+00  0.000E+00  0.000E+00  0.000E+00  0.000E+00  0.000E+00
