-40.00000000	-0.00003200	-0.00278781	0.01147856
-35.00000000	-0.00003200	0.00286373	-0.01117425
-30.00000000	-0.00003200	-0.00309311	0.01034559
-25.00000000	-0.00005200	-0.00371931	0.01398110
-20.00000000	-0.00005200	0.00176289	-0.02949696
-15.00000000	-0.00005200	-0.00393941	0.01319996
-10.00000000	-0.00005200	0.00146939	-0.03538875
-5.00000000	-0.00006867	-0.00258827	0.02652991
0.00000000	-0.00008533	0.00140043	-0.06093381
5.00000000	-0.00006867	-0.00078844	0.08709181
10.00000000	0.00010467	0.00180493	0.05798943
15.00000000	0.00006800	0.00053403	0.12733447
20.00000000	0.00006800	0.00272456	0.02495816
25.00000000	0.00006800	0.00214223	0.03174267
30.00000000	0.00006800	0.00036643	0.18557601
35.00000000	0.00006800	-0.00052287	-0.13005062
40.00000000	0.00005133	0.00180226	0.02848276
40.00000000	0.00001800	0.00287186	0.00626772
35.00000000	0.00005133	0.00166589	0.03081430
30.00000000	0.00001133	-0.00050337	-0.02251477
25.00000000	0.00000467	0.00447916	0.00104186
20.00000000	-0.00000200	0.00246403	-0.00081168
15.00000000	-0.00000200	0.00257766	-0.00077590
10.00000000	-0.00000200	-0.00221901	0.00090130
5.00000000	-0.00000200	0.00465133	-0.00042998
0.00000000	-0.00000200	0.00357946	-0.00055874
-5.00000000	-0.00015533	0.00223569	-0.06947882
-10.00000000	-0.00025200	-0.00422564	0.05963594
-15.00000000	-0.00026200	-0.00186591	0.14041431
-20.00000000	-0.00026200	0.00202313	-0.12950252
-25.00000000	-0.00030200	-0.00369854	0.08165384
-30.00000000	-0.00030200	-0.00313141	0.09644228
-35.00000000	-0.00030200	0.00447796	-0.06744142
-40.00000000	-0.00028867	-0.00349761	0.08253263
