700.00000000	0.00471922	0.00058770	0.12453318
701.00000000	0.00290746	0.00036195	0.12449027
702.00000000	0.00151824	0.00018220	0.12000710
703.00000000	0.00052261	0.00006270	0.11997510
704.00000000	-0.00010132	-0.00001205	0.11893570
705.00000000	-0.00096713	-0.00011305	0.11689207
706.00000000	-0.00162303	-0.00018805	0.11586333
707.00000000	-0.00221873	-0.00025430	0.11461528
708.00000000	-0.00258349	-0.00029330	0.11352858
709.00000000	-0.00273037	-0.00030680	0.11236563
710.00000000	-0.00269605	-0.00030055	0.11147778
711.00000000	-0.00191580	-0.00020655	0.10781372
712.00000000	-0.00179152	-0.00019305	0.10775790
713.00000000	-0.00137186	-0.00014680	0.10700838
714.00000000	-0.00008143	-0.00000855	0.10499825
715.00000000	0.00174711	0.00017945	0.10271260
716.00000000	0.00175611	0.00018220	0.10375192
717.00000000	0.00213118	0.00021945	0.10297115
718.00000000	0.00403868	0.00040195	0.09952513
719.00000000	0.00692847	0.00066570	0.09608188
720.00000000	0.00789501	0.00075220	0.09527533
721.00000000	0.01010877	0.00093345	0.09234057
722.00000000	0.01118183	0.00101520	0.09079012
723.00000000	0.01258454	0.00110895	0.08812000
724.00000000	0.01311257	0.00114470	0.08729792
725.00000000	0.01385550	0.00119695	0.08638805
726.00000000	0.01407878	0.00121395	0.08622550
727.00000000	0.01472966	0.00125170	0.08497820
728.00000000	0.01562613	0.00126470	0.08093495
729.00000000	0.01568844	0.00126095	0.08037445
730.00000000	0.01598483	0.00125645	0.07860265
731.00000000	0.01588851	0.00123795	0.07791480
732.00000000	0.01470459	0.00111420	0.07577225
733.00000000	0.01231904	0.00090895	0.07378418
734.00000000	0.01204895	0.00088670	0.07359150
735.00000000	0.01260295	0.00092495	0.07339158
736.00000000	0.01032395	0.00074170	0.07184267
737.00000000	0.00741486	0.00052270	0.07049358
738.00000000	0.00720283	0.00050570	0.07020848
739.00000000	0.00493429	0.00033845	0.06859137
740.00000000	0.00441045	0.00030120	0.06829233
741.00000000	0.00251005	0.00016845	0.06711013
742.00000000	-0.00175998	-0.00011255	0.06394953
743.00000000	-0.00408581	-0.00025455	0.06230095
744.00000000	-0.00582452	-0.00035605	0.06112945
745.00000000	-0.00690141	-0.00041730	0.06046588
746.00000000	-0.00764354	-0.00045830	0.05995913
747.00000000	-0.01044198	-0.00061405	0.05880590
748.00000000	-0.01178818	-0.00068780	0.05834660
749.00000000	-0.01256101	-0.00072780	0.05794120
750.00000000	-0.01414806	-0.00080930	0.05720220
751.00000000	-0.01590566	-0.00089630	0.05635100
752.00000000	-0.02215391	-0.00118530	0.05350298
753.00000000	-0.02486938	-0.00129980	0.05226508
754.00000000	-0.02674201	-0.00137105	0.05126953
755.00000000	-0.02754918	-0.00140180	0.05088355
756.00000000	-0.02957154	-0.00148130	0.05009207
757.00000000	-0.03105081	-0.00153380	0.04939645
758.00000000	-0.03203404	-0.00155505	0.04854367
759.00000000	-0.03268002	-0.00155630	0.04762237
760.00000000	-0.03298529	-0.00152080	0.04610540
761.00000000	-0.03275449	-0.00147205	0.04494193
762.00000000	-0.03196161	-0.00140705	0.04402313
763.00000000	-0.02894284	-0.00122455	0.04230925
764.00000000	-0.02441062	-0.00099855	0.04090638
765.00000000	-0.01983197	-0.00079080	0.03987500
766.00000000	-0.00919749	-0.00034455	0.03746130
767.00000000	-0.00583197	-0.00021380	0.03665997
768.00000000	-0.00398406	-0.00014280	0.03584285
769.00000000	-0.00272317	-0.00009555	0.03508778
770.00000000	-0.00177940	-0.00006105	0.03430933
771.00000000	-0.00127214	-0.00004305	0.03384070
772.00000000	-0.00081028	-0.00002680	0.03307495
773.00000000	-0.00065769	-0.00002130	0.03238628
774.00000000	-0.00054148	-0.00001730	0.03194925
775.00000000	-0.00067149	-0.00002130	0.03172048
776.00000000	-0.00068978	-0.00002130	0.03087937
777.00000000	-0.00065001	-0.00001930	0.02969175
778.00000000	-0.00072029	-0.00002130	0.02957160
779.00000000	-0.00087375	-0.00002555	0.02924170
780.00000000	-0.00111212	-0.00003205	0.02881878
781.00000000	-0.00119867	-0.00003430	0.02861495
782.00000000	-0.00148820	-0.00004155	0.02791973
783.00000000	-0.00162362	-0.00004480	0.02759270
784.00000000	-0.00166338	-0.00004580	0.02753422
785.00000000	-0.00198131	-0.00005205	0.02627055
786.00000000	-0.00214036	-0.00005530	0.02583675
787.00000000	-0.00226841	-0.00005705	0.02514975
788.00000000	-0.00239057	-0.00005930	0.02480585
789.00000000	-0.00257228	-0.00006205	0.02412252
790.00000000	-0.00248516	-0.00005930	0.02386160
791.00000000	-0.00252274	-0.00005980	0.02370435
792.00000000	-0.00270976	-0.00006280	0.02317547
793.00000000	-0.00294662	-0.00006730	0.02283975
794.00000000	-0.00316035	-0.00007130	0.02256080
795.00000000	-0.00318222	-0.00007080	0.02224860
796.00000000	-0.00326635	-0.00007030	0.02152252
797.00000000	-0.00332379	-0.00006980	0.02100010
798.00000000	-0.00329371	-0.00006730	0.02043290
799.00000000	-0.00354096	-0.00007030	0.01985337
800.00000000	-0.00364110	-0.00007130	0.01958200
801.00000000	-0.00396349	-0.00007680	0.01937687
802.00000000	-0.00406992	-0.00007730	0.01899303
803.00000000	-0.00424125	-0.00007880	0.01857943
804.00000000	-0.00451359	-0.00008205	0.01817845
805.00000000	-0.00456030	-0.00008230	0.01804705
806.00000000	-0.00462646	-0.00008180	0.01768090
807.00000000	-0.00478428	-0.00008230	0.01720218
808.00000000	-0.00490458	-0.00008155	0.01662730
809.00000000	-0.00500494	-0.00008230	0.01644375
810.00000000	-0.00511619	-0.00008230	0.01608617
811.00000000	-0.00529899	-0.00008430	0.01590870
812.00000000	-0.00563160	-0.00008955	0.01590135
813.00000000	-0.00569914	-0.00008730	0.01531810
814.00000000	-0.00571677	-0.00008630	0.01509592
815.00000000	-0.00579703	-0.00008630	0.01488692
816.00000000	-0.00592385	-0.00008780	0.01482145
817.00000000	-0.00594469	-0.00008655	0.01455920
818.00000000	-0.00627551	-0.00008930	0.01422993
819.00000000	-0.00641297	-0.00009030	0.01408085
820.00000000	-0.00644932	-0.00009030	0.01400147
821.00000000	-0.00683875	-0.00009430	0.01378908
822.00000000	-0.00707630	-0.00009630	0.01360880
823.00000000	-0.00708857	-0.00009530	0.01344417
824.00000000	-0.00720862	-0.00009605	0.01332433
825.00000000	-0.00737716	-0.00009630	0.01305380
826.00000000	-0.00741547	-0.00009555	0.01288523
827.00000000	-0.00750023	-0.00009530	0.01270627
828.00000000	-0.00772256	-0.00009705	0.01256708
829.00000000	-0.00808718	-0.00010080	0.01246418
830.00000000	-0.00827093	-0.00010180	0.01230817
831.00000000	-0.00829494	-0.00010055	0.01212185
832.00000000	-0.00811543	-0.00009555	0.01177387
833.00000000	-0.00829718	-0.00009530	0.01148582
834.00000000	-0.00831991	-0.00009605	0.01154460
835.00000000	-0.00870921	-0.00009955	0.01143043
836.00000000	-0.00895150	-0.00010055	0.01123275
837.00000000	-0.00908932	-0.00010130	0.01114495
838.00000000	-0.00929032	-0.00010130	0.01090382
839.00000000	-0.00941354	-0.00010130	0.01076110
840.00000000	-0.00937604	-0.00009930	0.01059082
841.00000000	-0.00918179	-0.00009580	0.01043370
842.00000000	-0.00929916	-0.00009630	0.01035578
843.00000000	-0.00951243	-0.00009630	0.01012360
844.00000000	-0.00960130	-0.00009505	0.00989970
845.00000000	-0.01011777	-0.00009955	0.00983913
846.00000000	-0.01035147	-0.00010105	0.00976190
847.00000000	-0.01037279	-0.00009955	0.00959723
848.00000000	-0.01042849	-0.00009855	0.00945008
849.00000000	-0.01031922	-0.00009630	0.00933210
850.00000000	-0.01047138	-0.00009580	0.00914875
851.00000000	-0.01059963	-0.00009455	0.00892013
852.00000000	-0.01064504	-0.00009280	0.00871767
853.00000000	-0.01055727	-0.00008930	0.00845863
854.00000000	-0.01068302	-0.00008830	0.00826545
855.00000000	-0.01099930	-0.00008930	0.00811870
856.00000000	-0.01113509	-0.00009030	0.00810950
857.00000000	-0.01121997	-0.00009030	0.00804815
858.00000000	-0.01141560	-0.00009130	0.00799783
859.00000000	-0.01227299	-0.00009855	0.00802983
860.00000000	-0.01276333	-0.00010180	0.00797597
861.00000000	-0.01297884	-0.00010205	0.00786280
862.00000000	-0.01311276	-0.00010130	0.00772530
863.00000000	-0.01284921	-0.00009630	0.00749463
864.00000000	-0.01256368	-0.00009230	0.00734658
865.00000000	-0.01218288	-0.00008830	0.00724787
866.00000000	-0.01195397	-0.00008430	0.00705205
867.00000000	-0.01219352	-0.00008330	0.00683150
868.00000000	-0.01296888	-0.00008755	0.00675077
869.00000000	-0.01287925	-0.00008230	0.00639013
870.00000000	-0.01302581	-0.00008230	0.00631823
871.00000000	-0.01302443	-0.00008205	0.00629970
872.00000000	-0.01311197	-0.00008105	0.00618138
873.00000000	-0.01332335	-0.00008055	0.00604577
874.00000000	-0.01370894	-0.00008155	0.00594868
875.00000000	-0.01388453	-0.00008180	0.00589145
876.00000000	-0.01380301	-0.00007880	0.00570890
877.00000000	-0.01383042	-0.00007655	0.00553490
878.00000000	-0.01415394	-0.00007630	0.00539072
879.00000000	-0.01368259	-0.00007130	0.00521100
880.00000000	-0.01374683	-0.00007130	0.00518665
881.00000000	-0.01444823	-0.00007430	0.00514250
882.00000000	-0.01472468	-0.00007430	0.00504595
883.00000000	-0.01485333	-0.00007355	0.00495175
884.00000000	-0.01463893	-0.00007130	0.00487057
885.00000000	-0.01491764	-0.00007130	0.00477958
886.00000000	-0.01517312	-0.00007130	0.00469910
887.00000000	-0.01518344	-0.00007080	0.00466297
888.00000000	-0.01598296	-0.00007430	0.00464870
889.00000000	-0.01610459	-0.00007280	0.00452045
890.00000000	-0.01579668	-0.00006980	0.00441865
891.00000000	-0.01542840	-0.00006505	0.00421625
892.00000000	-0.01498305	-0.00006155	0.00410797
893.00000000	-0.01574602	-0.00006480	0.00411533
894.00000000	-0.01686858	-0.00006955	0.00412305
895.00000000	-0.01728090	-0.00007105	0.00411147
896.00000000	-0.01780219	-0.00007130	0.00400513
897.00000000	-0.01778252	-0.00006830	0.00384085
898.00000000	-0.01728779	-0.00006455	0.00373385
899.00000000	-0.01739783	-0.00006380	0.00366712
900.00000000	-0.01782793	-0.00006430	0.00360670
