700.00000000	0.00556753	0.00070120	0.12594445
701.00000000	0.00396936	0.00049970	0.12588920
702.00000000	0.00290912	0.00035720	0.12278610
703.00000000	0.00144189	0.00017345	0.12029338
704.00000000	0.00047798	0.00005720	0.11966927
705.00000000	-0.00046481	-0.00005480	0.11789868
706.00000000	-0.00101432	-0.00011880	0.11712310
707.00000000	-0.00200405	-0.00023005	0.11479240
708.00000000	-0.00246575	-0.00028155	0.11418453
709.00000000	-0.00285887	-0.00032280	0.11291178
710.00000000	-0.00298617	-0.00032455	0.10868448
711.00000000	-0.00292982	-0.00031680	0.10812960
712.00000000	-0.00279946	-0.00030255	0.10807455
713.00000000	-0.00277196	-0.00029980	0.10815460
714.00000000	-0.00088902	-0.00009330	0.10494725
715.00000000	0.00034566	0.00003570	0.10328068
716.00000000	0.00041307	0.00004295	0.10397635
717.00000000	0.00092818	0.00009570	0.10310550
718.00000000	0.00326480	0.00032445	0.09937823
719.00000000	0.00564240	0.00054595	0.09675847
720.00000000	0.00641214	0.00061745	0.09629395
721.00000000	0.00860539	0.00080470	0.09351118
722.00000000	0.01050211	0.00095595	0.09102457
723.00000000	0.01194845	0.00106120	0.08881490
724.00000000	0.01295011	0.00112720	0.08704175
725.00000000	0.01314454	0.00114095	0.08680032
726.00000000	0.01334790	0.00116095	0.08697620
727.00000000	0.01434132	0.00122520	0.08543148
728.00000000	0.01529831	0.00124420	0.08132923
729.00000000	0.01542325	0.00123720	0.08021658
730.00000000	0.01577054	0.00123845	0.07852933
731.00000000	0.01559317	0.00121745	0.07807585
732.00000000	0.01516750	0.00116470	0.07678918
733.00000000	0.01440901	0.00109045	0.07567833
734.00000000	0.01380491	0.00103395	0.07489725
735.00000000	0.01301755	0.00096220	0.07391558
736.00000000	0.01000490	0.00072145	0.07210968
737.00000000	0.00751215	0.00053220	0.07084520
738.00000000	0.00722002	0.00051045	0.07069925
739.00000000	0.00482984	0.00033395	0.06914305
740.00000000	0.00352798	0.00023995	0.06801340
741.00000000	0.00270313	0.00018220	0.06740333
742.00000000	-0.00047704	-0.00003105	0.06508855
743.00000000	-0.00228310	-0.00014530	0.06364163
744.00000000	-0.00456976	-0.00028180	0.06166623
745.00000000	-0.00578318	-0.00035305	0.06104775
746.00000000	-0.00637973	-0.00038655	0.06059030
747.00000000	-0.00819892	-0.00048955	0.05970908
748.00000000	-0.01086435	-0.00063605	0.05854470
749.00000000	-0.01270870	-0.00073480	0.05781865
750.00000000	-0.01468450	-0.00083555	0.05690012
751.00000000	-0.01570222	-0.00088630	0.05644425
752.00000000	-0.01922935	-0.00105755	0.05499665
753.00000000	-0.02367535	-0.00125280	0.05291580
754.00000000	-0.02695873	-0.00137755	0.05109848
755.00000000	-0.02814904	-0.00141705	0.05034097
756.00000000	-0.02967952	-0.00147155	0.04958133
757.00000000	-0.03160149	-0.00154080	0.04875720
758.00000000	-0.03218048	-0.00155605	0.04835385
759.00000000	-0.03275717	-0.00155705	0.04753310
760.00000000	-0.03307607	-0.00151955	0.04594107
761.00000000	-0.03263502	-0.00145705	0.04464683
762.00000000	-0.03265241	-0.00144330	0.04420195
763.00000000	-0.03069370	-0.00131630	0.04288502
764.00000000	-0.02599345	-0.00107305	0.04128155
765.00000000	-0.02267236	-0.00091955	0.04055820
766.00000000	-0.01464701	-0.00056805	0.03878265
767.00000000	-0.00772180	-0.00028630	0.03707685
768.00000000	-0.00520356	-0.00018905	0.03633093
769.00000000	-0.00362445	-0.00012880	0.03553647
770.00000000	-0.00279015	-0.00009755	0.03496233
771.00000000	-0.00096158	-0.00003205	0.03333058
772.00000000	-0.00057312	-0.00001880	0.03280302
773.00000000	-0.00056789	-0.00001830	0.03222437
774.00000000	-0.00057395	-0.00001830	0.03188430
775.00000000	-0.00057256	-0.00001805	0.03152507
776.00000000	-0.00062190	-0.00001880	0.03023007
777.00000000	-0.00062375	-0.00001855	0.02973955
778.00000000	-0.00065400	-0.00001930	0.02951087
779.00000000	-0.00085132	-0.00002480	0.02913140
780.00000000	-0.00108800	-0.00003130	0.02876830
781.00000000	-0.00128355	-0.00003630	0.02828097
782.00000000	-0.00143787	-0.00003980	0.02767978
783.00000000	-0.00164657	-0.00004530	0.02751167
784.00000000	-0.00171324	-0.00004705	0.02746255
785.00000000	-0.00196842	-0.00005255	0.02669647
786.00000000	-0.00209755	-0.00005355	0.02552980
787.00000000	-0.00223486	-0.00005605	0.02507985
788.00000000	-0.00234718	-0.00005855	0.02494483
789.00000000	-0.00253201	-0.00006130	0.02421002
790.00000000	-0.00246429	-0.00005880	0.02386080
791.00000000	-0.00247916	-0.00005880	0.02371775
792.00000000	-0.00262870	-0.00006080	0.02312928
793.00000000	-0.00286643	-0.00006480	0.02260650
794.00000000	-0.00309583	-0.00006980	0.02254647
795.00000000	-0.00317740	-0.00007080	0.02228238
796.00000000	-0.00310116	-0.00006680	0.02154032
797.00000000	-0.00317226	-0.00006680	0.02105755
798.00000000	-0.00322052	-0.00006580	0.02043150
799.00000000	-0.00345886	-0.00006880	0.01989098
800.00000000	-0.00369084	-0.00007230	0.01958905
801.00000000	-0.00393246	-0.00007655	0.01946617
802.00000000	-0.00408621	-0.00007805	0.01910083
803.00000000	-0.00421838	-0.00007880	0.01868015
804.00000000	-0.00457403	-0.00008380	0.01832083
805.00000000	-0.00466617	-0.00008480	0.01817338
806.00000000	-0.00470982	-0.00008380	0.01779260
807.00000000	-0.00489471	-0.00008480	0.01732482
808.00000000	-0.00504368	-0.00008530	0.01691225
809.00000000	-0.00521633	-0.00008630	0.01654420
810.00000000	-0.00521905	-0.00008430	0.01615235
811.00000000	-0.00523582	-0.00008280	0.01581415
812.00000000	-0.00556269	-0.00008730	0.01569385
813.00000000	-0.00570014	-0.00008780	0.01540312
814.00000000	-0.00582950	-0.00008830	0.01514710
815.00000000	-0.00585740	-0.00008730	0.01490423
816.00000000	-0.00607071	-0.00008980	0.01479235
817.00000000	-0.00591908	-0.00008580	0.01449550
818.00000000	-0.00622607	-0.00008830	0.01418230
819.00000000	-0.00632481	-0.00008830	0.01396090
820.00000000	-0.00654948	-0.00009080	0.01386370
821.00000000	-0.00679825	-0.00009330	0.01372413
822.00000000	-0.00710377	-0.00009630	0.01355618
823.00000000	-0.00705929	-0.00009530	0.01349995
824.00000000	-0.00719119	-0.00009580	0.01332185
825.00000000	-0.00742818	-0.00009680	0.01303145
826.00000000	-0.00753318	-0.00009655	0.01281662
827.00000000	-0.00755428	-0.00009580	0.01268155
828.00000000	-0.00770118	-0.00009730	0.01263443
829.00000000	-0.00815496	-0.00010155	0.01245255
830.00000000	-0.00834615	-0.00010280	0.01231705
831.00000000	-0.00836803	-0.00010155	0.01213547
832.00000000	-0.00813580	-0.00009605	0.01180585
833.00000000	-0.00800150	-0.00009180	0.01147285
834.00000000	-0.00815041	-0.00009330	0.01144727
835.00000000	-0.00840597	-0.00009530	0.01133717
836.00000000	-0.00862917	-0.00009630	0.01115982
837.00000000	-0.00871543	-0.00009705	0.01113542
838.00000000	-0.00914981	-0.00010080	0.01101663
839.00000000	-0.00931524	-0.00010080	0.01082098
840.00000000	-0.00914135	-0.00009680	0.01058925
841.00000000	-0.00912142	-0.00009430	0.01033830
842.00000000	-0.00940427	-0.00009630	0.01024002
843.00000000	-0.00965869	-0.00009630	0.00997030
844.00000000	-0.00956267	-0.00009380	0.00980898
845.00000000	-0.00995970	-0.00009755	0.00979448
846.00000000	-0.01039561	-0.00010155	0.00976855
847.00000000	-0.01043229	-0.00010105	0.00968627
848.00000000	-0.01038746	-0.00009930	0.00955960
849.00000000	-0.01035148	-0.00009730	0.00939963
850.00000000	-0.01048015	-0.00009630	0.00918880
851.00000000	-0.01059634	-0.00009430	0.00889930
852.00000000	-0.01062466	-0.00009180	0.00864027
853.00000000	-0.01047277	-0.00008780	0.00838365
854.00000000	-0.01021755	-0.00008380	0.00820157
855.00000000	-0.01037646	-0.00008380	0.00807598
856.00000000	-0.01097060	-0.00008855	0.00807157
857.00000000	-0.01102830	-0.00008830	0.00800668
858.00000000	-0.01109425	-0.00008830	0.00795907
859.00000000	-0.01192536	-0.00009530	0.00799138
860.00000000	-0.01266590	-0.00010130	0.00799785
861.00000000	-0.01291208	-0.00010255	0.00794218
862.00000000	-0.01299740	-0.00010080	0.00775540
863.00000000	-0.01280726	-0.00009630	0.00751917
864.00000000	-0.01248415	-0.00009180	0.00735332
865.00000000	-0.01225690	-0.00008880	0.00724490
866.00000000	-0.01234411	-0.00008730	0.00707220
867.00000000	-0.01261705	-0.00008630	0.00683995
868.00000000	-0.01295920	-0.00008805	0.00679440
869.00000000	-0.01313785	-0.00008580	0.00653075
870.00000000	-0.01329619	-0.00008580	0.00645297
871.00000000	-0.01311311	-0.00008380	0.00639055
872.00000000	-0.01315658	-0.00008255	0.00627443
873.00000000	-0.01327012	-0.00008180	0.00616423
874.00000000	-0.01362046	-0.00008205	0.00602402
875.00000000	-0.01382514	-0.00008230	0.00595292
876.00000000	-0.01419474	-0.00008180	0.00576270
877.00000000	-0.01406873	-0.00007880	0.00560107
878.00000000	-0.01424758	-0.00007780	0.00546058
879.00000000	-0.01419104	-0.00007505	0.00528855
880.00000000	-0.01413629	-0.00007430	0.00525598
881.00000000	-0.01479762	-0.00007680	0.00519003
882.00000000	-0.01494170	-0.00007580	0.00507305
883.00000000	-0.01467875	-0.00007280	0.00495955
884.00000000	-0.01482991	-0.00007205	0.00485842
885.00000000	-0.01520039	-0.00007280	0.00478935
886.00000000	-0.01545344	-0.00007280	0.00471092
887.00000000	-0.01558711	-0.00007280	0.00467053
888.00000000	-0.01598872	-0.00007430	0.00464702
889.00000000	-0.01602456	-0.00007255	0.00452742
890.00000000	-0.01609989	-0.00007105	0.00441307
891.00000000	-0.01555334	-0.00006605	0.00424668
892.00000000	-0.01519147	-0.00006280	0.00413390
893.00000000	-0.01577419	-0.00006530	0.00413967
894.00000000	-0.01686683	-0.00006980	0.00413830
895.00000000	-0.01745228	-0.00007205	0.00412840
896.00000000	-0.01797753	-0.00007280	0.00404950
897.00000000	-0.01817312	-0.00007030	0.00386835
898.00000000	-0.01762782	-0.00006630	0.00376110
899.00000000	-0.01784733	-0.00006580	0.00368683
900.00000000	-0.01806576	-0.00006580	0.00364225
