710.00000000	-0.00165199	-0.00017980	0.10883830
711.00000000	-0.00208835	-0.00022605	0.10824352
712.00000000	-0.00061878	-0.00006655	0.10755032
713.00000000	-0.00014972	-0.00001605	0.10720104
714.00000000	-0.00004266	-0.00000455	0.10664625
715.00000000	-0.00018768	-0.00001955	0.10416397
716.00000000	-0.00016169	-0.00001680	0.10390405
717.00000000	-0.00009328	-0.00000955	0.10238490
718.00000000	-0.00000791	-0.00000080	0.10109852
719.00000000	-0.00015023	-0.00001455	0.09685227
720.00000000	-0.00010597	-0.00001005	0.09483524
721.00000000	0.00009121	0.00000845	0.09264472
722.00000000	0.00030010	0.00002745	0.09147052
723.00000000	0.00062387	0.00005670	0.09088454
724.00000000	0.00084216	0.00007520	0.08929412
725.00000000	0.00108342	0.00009370	0.08648525
726.00000000	0.00118896	0.00010195	0.08574747
727.00000000	0.00148621	0.00012520	0.08424097
728.00000000	0.00218828	0.00017920	0.08189079
729.00000000	0.00263817	0.00021295	0.08071889
730.00000000	0.00375361	0.00029145	0.07764525
731.00000000	0.00421297	0.00032395	0.07689357
732.00000000	0.00477955	0.00036345	0.07604265
733.00000000	0.00485498	0.00036970	0.07614862
734.00000000	0.00579777	0.00043320	0.07471839
735.00000000	0.00674323	0.00049645	0.07362199
736.00000000	0.00765212	0.00055545	0.07258777
737.00000000	0.00868949	0.00062170	0.07154619
738.00000000	0.00848619	0.00061070	0.07196399
739.00000000	0.00903303	0.00064545	0.07145442
740.00000000	0.01100772	0.00076020	0.06906059
741.00000000	0.01227735	0.00082120	0.06688742
742.00000000	0.01278024	0.00083745	0.06552692
743.00000000	0.01301243	0.00083370	0.06406950
744.00000000	0.01301319	0.00082745	0.06358547
745.00000000	0.01316819	0.00082120	0.06236242
746.00000000	0.01306619	0.00078995	0.06045757
747.00000000	0.01264849	0.00074445	0.05885682
748.00000000	0.01241989	0.00072295	0.05820907
749.00000000	0.01235611	0.00071345	0.05774067
750.00000000	0.01231101	0.00070620	0.05736327
751.00000000	0.01230908	0.00070195	0.05702699
752.00000000	0.01148818	0.00063170	0.05498697
753.00000000	0.01075471	0.00057720	0.05366952
754.00000000	0.00949543	0.00048870	0.05146684
755.00000000	0.00847624	0.00042470	0.05010474
756.00000000	0.00768579	0.00037820	0.04920772
757.00000000	0.00681921	0.00032720	0.04798209
758.00000000	0.00690648	0.00033195	0.04806357
759.00000000	0.00712367	0.00034345	0.04821249
760.00000000	0.00603838	0.00028170	0.04665162
761.00000000	0.00377997	0.00016695	0.04416704
762.00000000	0.00246977	0.00010620	0.04300002
763.00000000	0.00184494	0.00007820	0.04238614
764.00000000	0.00151903	0.00006370	0.04193455
765.00000000	0.00100424	0.00004145	0.04127489
766.00000000	0.00028893	0.00001170	0.04049472
767.00000000	-0.00096855	-0.00003755	0.03876942
768.00000000	-0.00190364	-0.00006980	0.03666662
769.00000000	-0.00219591	-0.00007780	0.03542957
770.00000000	-0.00229505	-0.00007930	0.03455259
771.00000000	-0.00240116	-0.00008180	0.03406692
772.00000000	-0.00250589	-0.00008405	0.03354097
773.00000000	-0.00255178	-0.00008405	0.03293779
774.00000000	-0.00254735	-0.00008230	0.03230814
775.00000000	-0.00250879	-0.00007930	0.03160882
776.00000000	-0.00249848	-0.00007680	0.03073867
777.00000000	-0.00246822	-0.00007530	0.03050780
778.00000000	-0.00242077	-0.00007280	0.03007304
779.00000000	-0.00237376	-0.00007005	0.02951012
780.00000000	-0.00237864	-0.00006955	0.02923942
781.00000000	-0.00233629	-0.00006705	0.02869939
782.00000000	-0.00227726	-0.00006330	0.02779655
783.00000000	-0.00221315	-0.00006005	0.02713332
784.00000000	-0.00222729	-0.00005955	0.02673650
785.00000000	-0.00225136	-0.00005930	0.02633960
786.00000000	-0.00228719	-0.00005930	0.02592702
787.00000000	-0.00222261	-0.00005630	0.02533060
788.00000000	-0.00220115	-0.00005480	0.02489612
789.00000000	-0.00224572	-0.00005530	0.02462462
790.00000000	-0.00227614	-0.00005530	0.02429547
791.00000000	-0.00227700	-0.00005430	0.02384712
792.00000000	-0.00230037	-0.00005430	0.02360487
793.00000000	-0.00233213	-0.00005330	0.02285460
794.00000000	-0.00235130	-0.00005330	0.02266834
795.00000000	-0.00230338	-0.00005130	0.02227159
796.00000000	-0.00236462	-0.00005130	0.02169485
797.00000000	-0.00230080	-0.00004930	0.02142729
798.00000000	-0.00229346	-0.00004780	0.02084185
799.00000000	-0.00228926	-0.00004630	0.02022492
800.00000000	-0.00228948	-0.00004530	0.01978615
801.00000000	-0.00233629	-0.00004580	0.01960374
802.00000000	-0.00235039	-0.00004530	0.01927342
803.00000000	-0.00236816	-0.00004455	0.01881207
804.00000000	-0.00228453	-0.00004205	0.01840642
805.00000000	-0.00229919	-0.00004205	0.01828905
806.00000000	-0.00226635	-0.00004055	0.01789217
807.00000000	-0.00230128	-0.00004030	0.01751202
808.00000000	-0.00233404	-0.00004030	0.01726617
809.00000000	-0.00234959	-0.00003980	0.01693912
810.00000000	-0.00232759	-0.00003830	0.01645482
811.00000000	-0.00236993	-0.00003830	0.01616080
812.00000000	-0.00227990	-0.00003605	0.01581209
813.00000000	-0.00225763	-0.00003480	0.01541442
814.00000000	-0.00228397	-0.00003480	0.01523662
815.00000000	-0.00228033	-0.00003430	0.01504167
816.00000000	-0.00235637	-0.00003530	0.01498070
817.00000000	-0.00237128	-0.00003530	0.01488647
818.00000000	-0.00233414	-0.00003430	0.01469492
819.00000000	-0.00232968	-0.00003355	0.01440115
820.00000000	-0.00231048	-0.00003230	0.01397977
821.00000000	-0.00225311	-0.00003130	0.01389189
822.00000000	-0.00227435	-0.00003130	0.01376217
823.00000000	-0.00243991	-0.00003330	0.01364807
824.00000000	-0.00232580	-0.00003130	0.01345775
825.00000000	-0.00224086	-0.00002930	0.01307532
826.00000000	-0.00227664	-0.00002930	0.01286985
827.00000000	-0.00243786	-0.00003130	0.01283914
828.00000000	-0.00248759	-0.00003180	0.01278345
829.00000000	-0.00248917	-0.00003130	0.01257447
830.00000000	-0.00244771	-0.00003030	0.01237890
831.00000000	-0.00243746	-0.00002980	0.01222582
832.00000000	-0.00240397	-0.00002880	0.01198019
833.00000000	-0.00246659	-0.00002905	0.01177737
834.00000000	-0.00244678	-0.00002830	0.01156622
835.00000000	-0.00249231	-0.00002855	0.01145522
836.00000000	-0.00242616	-0.00002730	0.01125235
837.00000000	-0.00241694	-0.00002680	0.01108842
838.00000000	-0.00237365	-0.00002580	0.01086934
839.00000000	-0.00229977	-0.00002430	0.01056629
840.00000000	-0.00224497	-0.00002330	0.01037877
841.00000000	-0.00218099	-0.00002230	0.01022470
842.00000000	-0.00210692	-0.00002130	0.01010952
843.00000000	-0.00219310	-0.00002180	0.00994025
844.00000000	-0.00235944	-0.00002330	0.00987524
845.00000000	-0.00228308	-0.00002230	0.00976752
846.00000000	-0.00239289	-0.00002330	0.00973717
847.00000000	-0.00238964	-0.00002330	0.00975042
848.00000000	-0.00242824	-0.00002330	0.00959542
849.00000000	-0.00242913	-0.00002280	0.00938607
850.00000000	-0.00235459	-0.00002180	0.00925852
851.00000000	-0.00234610	-0.00002130	0.00907890
852.00000000	-0.00239296	-0.00002130	0.00890112
853.00000000	-0.00237844	-0.00002055	0.00864012
854.00000000	-0.00234335	-0.00001955	0.00834274
855.00000000	-0.00244338	-0.00002005	0.00820584
856.00000000	-0.00236679	-0.00001930	0.00815452
857.00000000	-0.00240243	-0.00001930	0.00803355
858.00000000	-0.00245565	-0.00001980	0.00806304
859.00000000	-0.00243527	-0.00001955	0.00802785
860.00000000	-0.00248308	-0.00001930	0.00777262
861.00000000	-0.00254194	-0.00001930	0.00759262
862.00000000	-0.00230938	-0.00001705	0.00738295
863.00000000	-0.00224402	-0.00001605	0.00715234
864.00000000	-0.00224367	-0.00001580	0.00704202
865.00000000	-0.00227593	-0.00001580	0.00694222
866.00000000	-0.00229931	-0.00001605	0.00698034
867.00000000	-0.00234554	-0.00001605	0.00684277
868.00000000	-0.00231519	-0.00001555	0.00671652
869.00000000	-0.00241650	-0.00001630	0.00674529
870.00000000	-0.00241517	-0.00001630	0.00674902
871.00000000	-0.00255829	-0.00001705	0.00666460
872.00000000	-0.00252112	-0.00001630	0.00646537
873.00000000	-0.00244993	-0.00001530	0.00624507
874.00000000	-0.00242893	-0.00001455	0.00599029
875.00000000	-0.00246017	-0.00001455	0.00591422
876.00000000	-0.00258047	-0.00001480	0.00573540
877.00000000	-0.00260640	-0.00001455	0.00558242
878.00000000	-0.00261366	-0.00001430	0.00547125
879.00000000	-0.00267928	-0.00001430	0.00533725
880.00000000	-0.00262330	-0.00001405	0.00535584
881.00000000	-0.00267842	-0.00001430	0.00533897
882.00000000	-0.00271258	-0.00001405	0.00517957
883.00000000	-0.00262126	-0.00001330	0.00507389
884.00000000	-0.00267107	-0.00001330	0.00497927
885.00000000	-0.00257537	-0.00001255	0.00487310
886.00000000	-0.00265647	-0.00001255	0.00472432
887.00000000	-0.00238302	-0.00001105	0.00463697
888.00000000	-0.00270718	-0.00001255	0.00463582
889.00000000	-0.00258110	-0.00001180	0.00457170
890.00000000	-0.00231505	-0.00001030	0.00444914
891.00000000	-0.00270487	-0.00001180	0.00436250
892.00000000	-0.00240947	-0.00001030	0.00427479
893.00000000	-0.00246287	-0.00001030	0.00418212
894.00000000	-0.00250718	-0.00001030	0.00410820
895.00000000	-0.00268813	-0.00001105	0.00411067
896.00000000	-0.00255060	-0.00001030	0.00403827
897.00000000	-0.00267728	-0.00001030	0.00384719
898.00000000	-0.00261686	-0.00000980	0.00374494
899.00000000	-0.00273033	-0.00001005	0.00368087
900.00000000	-0.00264813	-0.00000955	0.00360632
