700.00000000	-0.01541684	-0.00194530	0.12618023
701.00000000	-0.01411594	-0.00178505	0.12645635
702.00000000	-0.01198108	-0.00146230	0.12205073
703.00000000	-0.00725063	-0.00088330	0.12182383
704.00000000	-0.00500415	-0.00060080	0.12006026
705.00000000	-0.00319471	-0.00037880	0.11857106
706.00000000	-0.00196333	-0.00023080	0.11755533
707.00000000	-0.00115052	-0.00013380	0.11629483
708.00000000	-0.00073041	-0.00008355	0.11438788
709.00000000	-0.00019262	-0.00002180	0.11317508
710.00000000	-0.00018396	-0.00002030	0.11034976
711.00000000	0.00002478	0.00000270	0.10897123
712.00000000	0.00034236	0.00003745	0.10938816
713.00000000	0.00041024	0.00004495	0.10956968
714.00000000	0.00000187	0.00000020	0.10686333
715.00000000	0.00001137	0.00000120	0.10550936
716.00000000	0.00003052	0.00000320	0.10484528
717.00000000	0.00004044	0.00000420	0.10385208
718.00000000	-0.00001774	-0.00000180	0.10148181
719.00000000	-0.00000051	-0.00000005	0.09794638
720.00000000	0.00008187	0.00000795	0.09710106
721.00000000	0.00022427	0.00002120	0.09452743
722.00000000	0.00049782	0.00004595	0.09230178
723.00000000	0.00080458	0.00007295	0.09066841
724.00000000	0.00094956	0.00008370	0.08814591
725.00000000	0.00101124	0.00008870	0.08771371
726.00000000	0.00105371	0.00009270	0.08797508
727.00000000	0.00137491	0.00011895	0.08651470
728.00000000	0.00208685	0.00017245	0.08263646
729.00000000	0.00254873	0.00020695	0.08119723
730.00000000	0.00318039	0.00025245	0.07937706
731.00000000	0.00366985	0.00028745	0.07832738
732.00000000	0.00390827	0.00030470	0.07796286
733.00000000	0.00447231	0.00034395	0.07690648
734.00000000	0.00369696	0.00028245	0.07640061
735.00000000	0.00395429	0.00029645	0.07496928
736.00000000	0.00532062	0.00038870	0.07305538
737.00000000	0.00578422	0.00042020	0.07264593
738.00000000	0.00579344	0.00042145	0.07274603
739.00000000	0.00715305	0.00050770	0.07097676
740.00000000	0.00854623	0.00059045	0.06908893
741.00000000	0.00941028	0.00063695	0.06768661
742.00000000	0.00977518	0.00065220	0.06672001
743.00000000	0.01008426	0.00064295	0.06375781
744.00000000	0.01004429	0.00063170	0.06289143
745.00000000	0.01010847	0.00062720	0.06204701
746.00000000	0.01003354	0.00061495	0.06128940
747.00000000	0.00988441	0.00059745	0.06044368
748.00000000	0.00956833	0.00056645	0.05920048
749.00000000	0.00927262	0.00053870	0.05809578
750.00000000	0.00923233	0.00053245	0.05767233
751.00000000	0.00944855	0.00054395	0.05756970
752.00000000	0.00962832	0.00053570	0.05563795
753.00000000	0.01043847	0.00056620	0.05424168
754.00000000	0.00983571	0.00051070	0.05192306
755.00000000	0.00895405	0.00045470	0.05078150
756.00000000	0.00846964	0.00042445	0.05011428
757.00000000	0.00808323	0.00039870	0.04932433
758.00000000	0.00773998	0.00037820	0.04886318
759.00000000	0.00704280	0.00033770	0.04794971
760.00000000	0.00567083	0.00026170	0.04614843
761.00000000	0.00437886	0.00019570	0.04469203
762.00000000	0.00438210	0.00019570	0.04465893
763.00000000	0.00334714	0.00014520	0.04338031
764.00000000	0.00212132	0.00008920	0.04204931
765.00000000	0.00132468	0.00005470	0.04129290
766.00000000	-0.00003282	-0.00000130	0.03961435
767.00000000	-0.00108201	-0.00004105	0.03793873
768.00000000	-0.00147871	-0.00005480	0.03705920
769.00000000	-0.00180409	-0.00006480	0.03591835
770.00000000	-0.00194611	-0.00006880	0.03535253
771.00000000	-0.00203575	-0.00006880	0.03379591
772.00000000	-0.00203774	-0.00006780	0.03327213
773.00000000	-0.00208164	-0.00006830	0.03281070
774.00000000	-0.00208232	-0.00006730	0.03231968
775.00000000	-0.00209165	-0.00006630	0.03169750
776.00000000	-0.00196079	-0.00006030	0.03075296
777.00000000	-0.00191340	-0.00005780	0.03020803
778.00000000	-0.00191818	-0.00005730	0.02987206
779.00000000	-0.00184435	-0.00005430	0.02944123
780.00000000	-0.00197790	-0.00005780	0.02922291
781.00000000	-0.00190306	-0.00005430	0.02853298
782.00000000	-0.00190282	-0.00005280	0.02774836
783.00000000	-0.00192036	-0.00005305	0.02762508
784.00000000	-0.00190880	-0.00005230	0.02739948
785.00000000	-0.00192238	-0.00005130	0.02668568
786.00000000	-0.00180910	-0.00004680	0.02586928
787.00000000	-0.00182389	-0.00004630	0.02538526
788.00000000	-0.00183974	-0.00004630	0.02516656
789.00000000	-0.00179125	-0.00004380	0.02445213
790.00000000	-0.00174115	-0.00004205	0.02415076
791.00000000	-0.00175070	-0.00004205	0.02401903
792.00000000	-0.00167416	-0.00003930	0.02347448
793.00000000	-0.00169413	-0.00003855	0.02275503
794.00000000	-0.00175037	-0.00003980	0.02273803
795.00000000	-0.00180283	-0.00004080	0.02263113
796.00000000	-0.00168701	-0.00003680	0.02181371
797.00000000	-0.00162903	-0.00003480	0.02136243
798.00000000	-0.00159767	-0.00003305	0.02068638
799.00000000	-0.00162910	-0.00003280	0.02013383
800.00000000	-0.00163362	-0.00003230	0.01977201
801.00000000	-0.00166166	-0.00003280	0.01973933
802.00000000	-0.00162607	-0.00003155	0.01940258
803.00000000	-0.00158335	-0.00003005	0.01897876
804.00000000	-0.00157124	-0.00002930	0.01864768
805.00000000	-0.00158973	-0.00002930	0.01843086
806.00000000	-0.00157089	-0.00002830	0.01801531
807.00000000	-0.00157908	-0.00002780	0.01760516
808.00000000	-0.00157008	-0.00002705	0.01722846
809.00000000	-0.00156885	-0.00002630	0.01676391
810.00000000	-0.00142673	-0.00002330	0.01633108
811.00000000	-0.00139949	-0.00002230	0.01593436
812.00000000	-0.00142184	-0.00002230	0.01568388
813.00000000	-0.00142325	-0.00002205	0.01549275
814.00000000	-0.00145152	-0.00002230	0.01536326
815.00000000	-0.00141386	-0.00002130	0.01506511
816.00000000	-0.00143509	-0.00002130	0.01484228
817.00000000	-0.00138890	-0.00002030	0.01461593
818.00000000	-0.00135231	-0.00001930	0.01427188
819.00000000	-0.00127149	-0.00001780	0.01399933
820.00000000	-0.00124730	-0.00001730	0.01386996
821.00000000	-0.00125763	-0.00001730	0.01375608
822.00000000	-0.00130434	-0.00001780	0.01364675
823.00000000	-0.00141358	-0.00001930	0.01365330
824.00000000	-0.00139722	-0.00001880	0.01345533
825.00000000	-0.00131882	-0.00001730	0.01311780
826.00000000	-0.00137933	-0.00001780	0.01290485
827.00000000	-0.00142345	-0.00001830	0.01285613
828.00000000	-0.00147162	-0.00001880	0.01277508
829.00000000	-0.00141603	-0.00001780	0.01257033
830.00000000	-0.00139228	-0.00001730	0.01242571
831.00000000	-0.00139499	-0.00001705	0.01222230
832.00000000	-0.00137270	-0.00001630	0.01187438
833.00000000	-0.00140277	-0.00001630	0.01161990
834.00000000	-0.00137210	-0.00001580	0.01151521
835.00000000	-0.00126020	-0.00001430	0.01134743
836.00000000	-0.00123946	-0.00001380	0.01113391
837.00000000	-0.00122345	-0.00001355	0.01107520
838.00000000	-0.00123192	-0.00001355	0.01099911
839.00000000	-0.00122939	-0.00001330	0.01081835
840.00000000	-0.00120400	-0.00001280	0.01063120
841.00000000	-0.00109261	-0.00001130	0.01034221
842.00000000	-0.00111008	-0.00001130	0.01017943
843.00000000	-0.00103736	-0.00001030	0.00992903
844.00000000	-0.00095441	-0.00000930	0.00974423
845.00000000	-0.00095358	-0.00000930	0.00975268
846.00000000	-0.00115586	-0.00001130	0.00977625
847.00000000	-0.00110622	-0.00001080	0.00976300
848.00000000	-0.00101403	-0.00000980	0.00966438
849.00000000	-0.00098436	-0.00000930	0.00944778
850.00000000	-0.00100817	-0.00000930	0.00922466
851.00000000	-0.00090309	-0.00000805	0.00891386
852.00000000	-0.00084553	-0.00000730	0.00863368
853.00000000	-0.00078308	-0.00000655	0.00836441
854.00000000	-0.00052943	-0.00000430	0.00812200
855.00000000	-0.00053516	-0.00000430	0.00803493
856.00000000	-0.00062964	-0.00000505	0.00802050
857.00000000	-0.00054052	-0.00000430	0.00795530
858.00000000	-0.00053855	-0.00000430	0.00798438
859.00000000	-0.00094315	-0.00000755	0.00800511
860.00000000	-0.00104082	-0.00000830	0.00797446
861.00000000	-0.00101547	-0.00000805	0.00792733
862.00000000	-0.00098146	-0.00000755	0.00769265
863.00000000	-0.00057711	-0.00000430	0.00745096
864.00000000	-0.00059270	-0.00000430	0.00725496
865.00000000	-0.00060005	-0.00000430	0.00716610
866.00000000	-0.00057255	-0.00000405	0.00707365
867.00000000	-0.00059110	-0.00000405	0.00685168
868.00000000	-0.00059517	-0.00000405	0.00680478
869.00000000	-0.00064163	-0.00000430	0.00670163
870.00000000	-0.00065018	-0.00000430	0.00661356
871.00000000	-0.00062657	-0.00000405	0.00646378
872.00000000	-0.00052296	-0.00000330	0.00631018
873.00000000	-0.00053300	-0.00000330	0.00619133
874.00000000	-0.00042287	-0.00000255	0.00603021
875.00000000	-0.00055533	-0.00000330	0.00594238
876.00000000	-0.00044403	-0.00000255	0.00574290
877.00000000	-0.00045388	-0.00000255	0.00561818
878.00000000	-0.00041682	-0.00000230	0.00551793
879.00000000	-0.00033659	-0.00000180	0.00534776
880.00000000	-0.00033905	-0.00000180	0.00530893
881.00000000	-0.00039210	-0.00000205	0.00522821
882.00000000	-0.00030487	-0.00000155	0.00508420
883.00000000	-0.00011066	-0.00000055	0.00497013
884.00000000	0.00019482	0.00000095	0.00487626
885.00000000	0.00035461	0.00000170	0.00479400
886.00000000	0.00036135	0.00000170	0.00470456
887.00000000	-0.00011808	-0.00000055	0.00465806
888.00000000	-0.00028013	-0.00000130	0.00464068
889.00000000	0.00037594	0.00000170	0.00452206
890.00000000	0.00021523	0.00000095	0.00441380
891.00000000	0.00039452	0.00000170	0.00430900
892.00000000	0.00046525	0.00000195	0.00419126
893.00000000	0.00046909	0.00000195	0.00415696
894.00000000	0.00040962	0.00000170	0.00415020
895.00000000	0.00022971	0.00000095	0.00413558
896.00000000	-0.00013468	-0.00000055	0.00408373
897.00000000	0.00043789	0.00000170	0.00388225
898.00000000	0.00051902	0.00000195	0.00375706
899.00000000	0.00059787	0.00000220	0.00367973
900.00000000	0.00074059	0.00000270	0.00364575
