700.00000000	0.00261323	0.00031920	0.12214748
701.00000000	0.00039040	0.00004695	0.12025996
702.00000000	-0.00079719	-0.00009355	0.11735023
703.00000000	-0.00115435	-0.00013630	0.11807548
704.00000000	-0.00164373	-0.00019080	0.11607748
705.00000000	-0.00209176	-0.00023980	0.11464015
706.00000000	-0.00232171	-0.00026305	0.11330003
707.00000000	-0.00224441	-0.00025155	0.11207838
708.00000000	-0.00188627	-0.00020880	0.11069473
709.00000000	-0.00139751	-0.00015280	0.10933758
710.00000000	-0.00017466	-0.00001880	0.10763753
711.00000000	0.00069761	0.00007420	0.10636375
712.00000000	0.00184846	0.00019345	0.10465483
713.00000000	0.00255649	0.00026570	0.10393138
714.00000000	0.00370242	0.00037895	0.10235205
715.00000000	0.00511118	0.00051970	0.10167898
716.00000000	0.00531695	0.00054020	0.10159965
717.00000000	0.00653228	0.00065020	0.09953643
718.00000000	0.00740619	0.00072795	0.09828935
719.00000000	0.00910968	0.00087120	0.09563455
720.00000000	0.01242295	0.00111495	0.08974923
721.00000000	0.01258505	0.00112970	0.08976525
722.00000000	0.01332733	0.00118045	0.08857366
723.00000000	0.01417899	0.00123995	0.08744983
724.00000000	0.01552610	0.00131845	0.08491828
725.00000000	0.01555222	0.00132120	0.08495248
726.00000000	0.01588978	0.00134195	0.08445368
727.00000000	0.01639876	0.00134020	0.08172568
728.00000000	0.01600943	0.00125420	0.07834130
729.00000000	0.01572051	0.00122345	0.07782510
730.00000000	0.01587026	0.00122320	0.07707501
731.00000000	0.01608950	0.00123170	0.07655305
732.00000000	0.01281738	0.00094370	0.07362660
733.00000000	0.00962820	0.00069320	0.07199685
734.00000000	0.00917269	0.00065745	0.07167476
735.00000000	0.00967955	0.00068845	0.07112420
736.00000000	0.00720351	0.00050120	0.06957720
737.00000000	0.00521384	0.00035870	0.06879760
738.00000000	0.00469585	0.00032045	0.06824115
739.00000000	0.00215176	0.00014370	0.06678260
740.00000000	0.00087291	0.00005770	0.06610043
741.00000000	-0.00150914	-0.00009730	0.06447388
742.00000000	-0.00506938	-0.00031630	0.06239418
743.00000000	-0.00581152	-0.00036105	0.06212656
744.00000000	-0.01064875	-0.00063230	0.05937786
745.00000000	-0.01140961	-0.00067455	0.05912121
746.00000000	-0.01298909	-0.00075980	0.05849523
747.00000000	-0.01467878	-0.00084930	0.05785903
748.00000000	-0.01764126	-0.00099630	0.05647556
749.00000000	-0.01923896	-0.00107380	0.05581383
750.00000000	-0.01931683	-0.00107730	0.05577003
751.00000000	-0.02269087	-0.00122905	0.05416496
752.00000000	-0.02673909	-0.00139630	0.05221943
753.00000000	-0.02821940	-0.00145605	0.05159748
754.00000000	-0.02992342	-0.00151330	0.05057243
755.00000000	-0.03123064	-0.00155905	0.04992053
756.00000000	-0.03366155	-0.00164555	0.04888516
757.00000000	-0.03429085	-0.00164805	0.04806093
758.00000000	-0.03439465	-0.00163380	0.04750158
759.00000000	-0.03470431	-0.00160405	0.04622048
760.00000000	-0.03371390	-0.00149830	0.04444161
761.00000000	-0.03194591	-0.00138655	0.04340306
762.00000000	-0.02762682	-0.00114930	0.04160088
763.00000000	-0.02462567	-0.00100630	0.04086385
764.00000000	-0.01944508	-0.00077030	0.03961413
765.00000000	-0.01161818	-0.00044080	0.03794053
766.00000000	-0.00796203	-0.00029630	0.03721413
767.00000000	-0.00405327	-0.00014430	0.03560086
768.00000000	-0.00175522	-0.00006005	0.03421233
769.00000000	-0.00122088	-0.00004130	0.03382806
770.00000000	-0.00109018	-0.00003630	0.03329726
771.00000000	-0.00105410	-0.00003480	0.03301401
772.00000000	-0.00103342	-0.00003380	0.03270701
773.00000000	-0.00088102	-0.00002830	0.03212196
774.00000000	-0.00077252	-0.00002430	0.03145566
775.00000000	-0.00096684	-0.00003030	0.03133910
776.00000000	-0.00100702	-0.00002980	0.02959226
777.00000000	-0.00100193	-0.00002930	0.02924358
778.00000000	-0.00097744	-0.00002830	0.02895305
779.00000000	-0.00123713	-0.00003505	0.02833178
780.00000000	-0.00137532	-0.00003880	0.02821168
781.00000000	-0.00167751	-0.00004705	0.02804760
782.00000000	-0.00190398	-0.00005280	0.02773145
783.00000000	-0.00199494	-0.00005405	0.02709348
784.00000000	-0.00199730	-0.00005330	0.02668608
785.00000000	-0.00213508	-0.00005630	0.02636898
786.00000000	-0.00254836	-0.00006530	0.02562428
787.00000000	-0.00264933	-0.00006530	0.02464773
788.00000000	-0.00270868	-0.00006555	0.02420001
789.00000000	-0.00301823	-0.00007130	0.02362313
790.00000000	-0.00298316	-0.00007030	0.02356560
791.00000000	-0.00308683	-0.00007230	0.02342206
792.00000000	-0.00335510	-0.00007705	0.02296500
793.00000000	-0.00340870	-0.00007680	0.02253060
794.00000000	-0.00362518	-0.00007905	0.02180580
795.00000000	-0.00362549	-0.00007830	0.02159708
796.00000000	-0.00368894	-0.00007730	0.02095453
797.00000000	-0.00374971	-0.00007780	0.02074825
798.00000000	-0.00404699	-0.00008130	0.02008898
799.00000000	-0.00415195	-0.00008230	0.01982203
800.00000000	-0.00423317	-0.00008155	0.01926450
801.00000000	-0.00445266	-0.00008430	0.01893250
802.00000000	-0.00448626	-0.00008330	0.01856780
803.00000000	-0.00465676	-0.00008430	0.01810273
804.00000000	-0.00475007	-0.00008480	0.01785236
805.00000000	-0.00477931	-0.00008380	0.01753393
806.00000000	-0.00493744	-0.00008330	0.01687108
807.00000000	-0.00505115	-0.00008430	0.01668926
808.00000000	-0.00533391	-0.00008730	0.01636698
809.00000000	-0.00536094	-0.00008680	0.01619120
810.00000000	-0.00557454	-0.00008830	0.01583988
811.00000000	-0.00591859	-0.00009330	0.01576388
812.00000000	-0.00617667	-0.00009705	0.01571236
813.00000000	-0.00610582	-0.00009130	0.01495296
814.00000000	-0.00610884	-0.00009030	0.01478185
815.00000000	-0.00620463	-0.00009055	0.01459393
816.00000000	-0.00626235	-0.00009055	0.01445943
817.00000000	-0.00630975	-0.00009055	0.01435080
818.00000000	-0.00684479	-0.00009605	0.01403258
819.00000000	-0.00688496	-0.00009655	0.01402333
820.00000000	-0.00694014	-0.00009730	0.01401988
821.00000000	-0.00734615	-0.00010105	0.01375551
822.00000000	-0.00756941	-0.00010230	0.01351493
823.00000000	-0.00747037	-0.00009880	0.01322558
824.00000000	-0.00770408	-0.00010080	0.01308398
825.00000000	-0.00784521	-0.00010055	0.01281673
826.00000000	-0.00766069	-0.00009730	0.01270120
827.00000000	-0.00812185	-0.00010230	0.01259565
828.00000000	-0.00826098	-0.00010305	0.01247431
829.00000000	-0.00877868	-0.00010655	0.01213735
830.00000000	-0.00888789	-0.00010730	0.01207261
831.00000000	-0.00878516	-0.00010480	0.01192920
832.00000000	-0.00878867	-0.00010230	0.01163998
833.00000000	-0.00925055	-0.00010730	0.01159930
834.00000000	-0.00935093	-0.00010880	0.01163520
835.00000000	-0.00963188	-0.00011030	0.01145155
836.00000000	-0.00963478	-0.00010830	0.01124053
837.00000000	-0.00972601	-0.00010655	0.01095515
838.00000000	-0.00985914	-0.00010655	0.01080723
839.00000000	-0.01001190	-0.00010555	0.01054246
840.00000000	-0.00980485	-0.00010280	0.01048461
841.00000000	-0.00974315	-0.00010155	0.01042271
842.00000000	-0.00981375	-0.00010130	0.01032226
843.00000000	-0.01000822	-0.00010155	0.01014666
844.00000000	-0.00985922	-0.00009730	0.00986893
845.00000000	-0.01046729	-0.00010230	0.00977330
846.00000000	-0.01069391	-0.00010305	0.00963633
847.00000000	-0.01066836	-0.00009955	0.00933133
848.00000000	-0.01055005	-0.00009730	0.00922270
849.00000000	-0.01076044	-0.00009805	0.00911208
850.00000000	-0.01090862	-0.00009805	0.00898830
851.00000000	-0.01098879	-0.00009730	0.00885448
852.00000000	-0.01114986	-0.00009605	0.00861446
853.00000000	-0.01117848	-0.00009430	0.00843585
854.00000000	-0.01139649	-0.00009330	0.00818673
855.00000000	-0.01185768	-0.00009580	0.00807915
856.00000000	-0.01197846	-0.00009630	0.00803943
857.00000000	-0.01199077	-0.00009555	0.00796863
858.00000000	-0.01252774	-0.00010030	0.00800623
859.00000000	-0.01270525	-0.00010130	0.00797308
860.00000000	-0.01309192	-0.00010230	0.00781398
861.00000000	-0.01335212	-0.00010230	0.00766171
862.00000000	-0.01352241	-0.00010155	0.00750976
863.00000000	-0.01328828	-0.00009805	0.00737868
864.00000000	-0.01277181	-0.00009180	0.00718770
865.00000000	-0.01235316	-0.00008805	0.00712773
866.00000000	-0.01212996	-0.00008480	0.00699096
867.00000000	-0.01228305	-0.00008330	0.00678170
868.00000000	-0.01311990	-0.00008680	0.00661591
869.00000000	-0.01300465	-0.00008255	0.00634773
870.00000000	-0.01323437	-0.00008230	0.00621866
871.00000000	-0.01326616	-0.00008230	0.00620376
872.00000000	-0.01353602	-0.00008205	0.00606161
873.00000000	-0.01334650	-0.00007830	0.00586671
874.00000000	-0.01374930	-0.00007980	0.00580393
875.00000000	-0.01398042	-0.00008055	0.00576163
876.00000000	-0.01381250	-0.00007730	0.00559638
877.00000000	-0.01401484	-0.00007630	0.00544423
878.00000000	-0.01450341	-0.00007730	0.00532978
879.00000000	-0.01405581	-0.00007230	0.00514378
880.00000000	-0.01409232	-0.00007230	0.00513045
881.00000000	-0.01490006	-0.00007605	0.00510400
882.00000000	-0.01506096	-0.00007605	0.00504948
883.00000000	-0.01549287	-0.00007705	0.00497326
884.00000000	-0.01558093	-0.00007530	0.00483283
885.00000000	-0.01517424	-0.00007230	0.00476466
886.00000000	-0.01520684	-0.00007130	0.00468868
887.00000000	-0.01538567	-0.00007180	0.00466668
888.00000000	-0.01637861	-0.00007655	0.00467378
889.00000000	-0.01660056	-0.00007630	0.00459623
890.00000000	-0.01612748	-0.00007205	0.00446753
891.00000000	-0.01615856	-0.00006880	0.00425781
892.00000000	-0.01601206	-0.00006630	0.00414063
893.00000000	-0.01696437	-0.00007030	0.00414398
894.00000000	-0.01742156	-0.00007180	0.00412133
895.00000000	-0.01769920	-0.00007230	0.00408493
896.00000000	-0.01807922	-0.00007130	0.00394376
897.00000000	-0.01787312	-0.00006780	0.00379341
898.00000000	-0.01712019	-0.00006255	0.00365358
899.00000000	-0.01730097	-0.00006255	0.00361540
900.00000000	-0.01801888	-0.00006380	0.00354073
