nm				psi			delta
7.000000000000000000e+02 3.672872999999999877e+01 1.595102699999999913e+02
7.010000000000000000e+02 3.670848999999999762e+01 1.594893600000000049e+02
7.020000000000000000e+02 3.668824000000000041e+01 1.594689400000000035e+02
7.030000000000000000e+02 3.666799000000000319e+01 1.594524299999999926e+02
7.040000000000000000e+02 3.664634000000000214e+01 1.594359200000000101e+02
7.050000000000000000e+02 3.662040999999999968e+01 1.594194099999999992e+02
7.060000000000000000e+02 3.659447999999999723e+01 1.594028900000000135e+02
7.070000000000000000e+02 3.656855000000000189e+01 1.593863800000000026e+02
7.080000000000000000e+02 3.654263000000000261e+01 1.593724699999999928e+02
7.090000000000000000e+02 3.651670000000000016e+01 1.593617999999999881e+02
7.100000000000000000e+02 3.649076999999999771e+01 1.593511399999999867e+02
7.110000000000000000e+02 3.646484000000000236e+01 1.593404800000000137e+02
7.120000000000000000e+02 3.643872999999999962e+01 1.593298200000000122e+02
7.130000000000000000e+02 3.641165000000000163e+01 1.593191600000000108e+02
7.140000000000000000e+02 3.638457999999999970e+01 1.593120800000000088e+02
7.150000000000000000e+02 3.635750999999999777e+01 1.593068100000000129e+02
7.160000000000000000e+02 3.633044000000000295e+01 1.593015399999999886e+02
7.170000000000000000e+02 3.630337000000000103e+01 1.592962599999999895e+02
7.180000000000000000e+02 3.627629999999999910e+01 1.592909899999999936e+02
7.190000000000000000e+02 3.624922000000000111e+01 1.592857099999999946e+02
7.200000000000000000e+02 3.622214999999999918e+01 1.592825499999999863e+02
7.210000000000000000e+02 3.619006000000000256e+01 1.592799899999999980e+02
7.220000000000000000e+02 3.615735999999999706e+01 1.592774300000000096e+02
7.230000000000000000e+02 3.612465999999999866e+01 1.592748799999999960e+02
7.240000000000000000e+02 3.609197000000000344e+01 1.592723200000000077e+02
7.250000000000000000e+02 3.605926999999999794e+01 1.592697599999999909e+02
7.260000000000000000e+02 3.602656999999999954e+01 1.592679300000000069e+02
7.270000000000000000e+02 3.599387000000000114e+01 1.592663100000000043e+02
7.280000000000000000e+02 3.596117000000000274e+01 1.592646900000000016e+02
7.290000000000000000e+02 3.592835000000000178e+01 1.592630800000000022e+02
7.300000000000000000e+02 3.589535999999999660e+01 1.592614599999999996e+02
7.310000000000000000e+02 3.586236999999999853e+01 1.592598399999999970e+02
7.320000000000000000e+02 3.582938000000000045e+01 1.592609500000000082e+02
7.330000000000000000e+02 3.579639000000000237e+01 1.592635999999999967e+02
7.340000000000000000e+02 3.576339000000000112e+01 1.592662400000000105e+02
7.350000000000000000e+02 3.573040000000000305e+01 1.592688899999999990e+02
7.360000000000000000e+02 3.569740999999999786e+01 1.592715300000000127e+02
7.370000000000000000e+02 3.566441999999999979e+01 1.592741800000000012e+02
7.380000000000000000e+02 3.562901000000000096e+01 1.592769900000000121e+02
7.390000000000000000e+02 3.559282000000000323e+01 1.592800599999999918e+02
7.400000000000000000e+02 3.555662999999999840e+01 1.592831400000000031e+02
7.410000000000000000e+02 3.552044000000000068e+01 1.592862100000000112e+02
7.420000000000000000e+02 3.548425000000000296e+01 1.592892899999999941e+02
7.430000000000000000e+02 3.544805999999999813e+01 1.592923700000000053e+02
7.440000000000000000e+02 3.541187000000000040e+01 1.592954699999999946e+02
7.450000000000000000e+02 3.537568000000000268e+01 1.593012799999999913e+02
7.460000000000000000e+02 3.533948999999999785e+01 1.593070800000000133e+02
7.470000000000000000e+02 3.529959000000000202e+01 1.593128900000000101e+02
7.480000000000000000e+02 3.525919999999999987e+01 1.593186900000000037e+02
7.490000000000000000e+02 3.521880999999999773e+01 1.593245000000000005e+02
7.500000000000000000e+02 3.517840999999999951e+01 1.593303099999999972e+02
7.510000000000000000e+02 3.513801999999999737e+01 1.593903699999999901e+02
7.520000000000000000e+02 3.509761999999999915e+01 1.595047000000000139e+02
7.530000000000000000e+02 3.505722999999999701e+01 1.596190300000000093e+02
7.540000000000000000e+02 3.501682999999999879e+01 1.597333600000000047e+02
7.550000000000000000e+02 3.497643999999999664e+01 1.598476900000000001e+02
7.560000000000000000e+02 3.493524000000000029e+01 1.599620199999999954e+02
7.570000000000000000e+02 3.489381999999999806e+01 1.600763499999999908e+02
7.580000000000000000e+02 3.485240999999999900e+01 1.601976500000000101e+02
7.590000000000000000e+02 3.481098999999999677e+01 1.603201400000000092e+02
7.600000000000000000e+02 3.476957999999999771e+01 1.604426400000000115e+02
7.610000000000000000e+02 3.472816000000000258e+01 1.605651300000000106e+02
7.620000000000000000e+02 3.468674000000000035e+01 1.606876300000000128e+02
7.630000000000000000e+02 3.464533000000000129e+01 1.608101200000000119e+02
7.640000000000000000e+02 3.460390999999999906e+01 1.609328999999999894e+02
7.650000000000000000e+02 3.455942000000000291e+01 1.610595800000000111e+02
7.660000000000000000e+02 3.451145999999999958e+01 1.611862600000000043e+02
7.670000000000000000e+02 3.446350999999999942e+01 1.613129299999999944e+02
7.680000000000000000e+02 3.441555999999999926e+01 1.614396099999999876e+02
7.690000000000000000e+02 3.436760999999999910e+01 1.615662900000000093e+02
7.700000000000000000e+02 3.431965999999999894e+01 1.616929599999999994e+02
7.710000000000000000e+02 3.427170999999999879e+01 1.618206900000000132e+02
7.720000000000000000e+02 3.422375000000000256e+01 1.619550199999999904e+02
7.730000000000000000e+02 3.417580000000000240e+01 1.620893499999999960e+02
7.740000000000000000e+02 3.412785000000000224e+01 1.622236800000000017e+02
7.750000000000000000e+02 3.407679999999999865e+01 1.623580100000000073e+02
7.760000000000000000e+02 3.402548000000000172e+01 1.624923400000000129e+02
7.770000000000000000e+02 3.397417000000000087e+01 1.626266699999999901e+02
7.780000000000000000e+02 3.392284999999999684e+01 1.627607999999999890e+02
7.790000000000000000e+02 3.387152999999999992e+01 1.628916399999999953e+02
7.800000000000000000e+02 3.382021000000000299e+01 1.630224800000000016e+02
7.810000000000000000e+02 3.376888999999999896e+01 1.631533200000000079e+02
7.820000000000000000e+02 3.371757999999999811e+01 1.632841600000000142e+02
7.830000000000000000e+02 3.366626000000000118e+01 1.634149999999999920e+02
7.840000000000000000e+02 3.361464000000000141e+01 1.635458399999999983e+02
7.850000000000000000e+02 3.356092999999999904e+01 1.636766800000000046e+02
7.860000000000000000e+02 3.350721999999999667e+01 1.638055099999999982e+02
7.870000000000000000e+02 3.345351999999999748e+01 1.639339200000000005e+02
7.880000000000000000e+02 3.339981000000000222e+01 1.640623300000000029e+02
7.890000000000000000e+02 3.334611000000000303e+01 1.641907400000000052e+02
7.900000000000000000e+02 3.329240000000000066e+01 1.643191500000000076e+02
7.910000000000000000e+02 3.323868999999999829e+01 1.644475600000000099e+02
7.920000000000000000e+02 3.318498999999999910e+01 1.645759700000000123e+02
7.930000000000000000e+02 3.313127999999999673e+01 1.647081000000000017e+02
7.940000000000000000e+02 3.307737000000000194e+01 1.648451000000000022e+02
7.950000000000000000e+02 3.302118999999999716e+01 1.649821000000000026e+02
7.960000000000000000e+02 3.296500999999999948e+01 1.651191100000000063e+02
7.970000000000000000e+02 3.290883000000000180e+01 1.652561100000000067e+02
7.980000000000000000e+02 3.285264999999999702e+01 1.653931100000000072e+02
7.990000000000000000e+02 3.279646999999999935e+01 1.655301200000000108e+02
8.000000000000000000e+02 3.274029000000000167e+01 1.656671200000000113e+02
8.010000000000000000e+02 3.268410999999999689e+01 1.657993400000000008e+02
8.020000000000000000e+02 3.262792999999999921e+01 1.659308800000000019e+02
8.030000000000000000e+02 3.257175000000000153e+01 1.660624099999999999e+02
8.040000000000000000e+02 3.251556999999999675e+01 1.661939500000000010e+02
8.050000000000000000e+02 3.245533999999999963e+01 1.663254900000000021e+02
8.060000000000000000e+02 3.239397000000000304e+01 1.664570300000000032e+02
8.070000000000000000e+02 3.233259999999999934e+01 1.665885600000000011e+02
8.080000000000000000e+02 3.227121999999999957e+01 1.667200799999999958e+02
8.090000000000000000e+02 3.220985000000000298e+01 1.668514999999999873e+02
8.100000000000000000e+02 3.214847999999999928e+01 1.669829100000000039e+02
8.110000000000000000e+02 3.208711000000000269e+01 1.671143199999999922e+02
8.120000000000000000e+02 3.202573000000000292e+01 1.672457400000000121e+02
8.130000000000000000e+02 3.196435999999999922e+01 1.673771500000000003e+02
8.140000000000000000e+02 3.190298999999999907e+01 1.675085599999999886e+02
8.150000000000000000e+02 3.184320999999999913e+01 1.676399800000000084e+02
8.160000000000000000e+02 3.178961999999999932e+01 1.677711600000000089e+02
8.170000000000000000e+02 3.173603999999999914e+01 1.679016200000000083e+02
8.180000000000000000e+02 3.168244999999999933e+01 1.680320900000000108e+02
8.200000000000000000e+02 3.162886999999999915e+01 1.681625500000000102e+02
8.210000000000000000e+02 3.157527999999999935e+01 1.682930200000000127e+02
8.220000000000000000e+02 3.152169999999999916e+01 1.684234899999999868e+02
8.230000000000000000e+02 3.146810999999999936e+01 1.685539499999999862e+02
8.240000000000000000e+02 3.141452999999999918e+01 1.686844199999999887e+02
8.250000000000000000e+02 3.136093999999999937e+01 1.688148300000000006e+02
8.260000000000000000e+02 3.130735999999999919e+01 1.689449600000000089e+02
8.270000000000000000e+02 3.125062000000000140e+01 1.690750899999999888e+02
8.280000000000000000e+02 3.118795000000000073e+01 1.692052300000000002e+02
8.290000000000000000e+02 3.112527000000000044e+01 1.693353600000000085e+02
8.300000000000000000e+02 3.106259999999999977e+01 1.694654899999999884e+02
8.310000000000000000e+02 3.099991999999999948e+01 1.695956199999999967e+02
8.320000000000000000e+02 3.093724999999999881e+01 1.697257600000000082e+02
8.330000000000000000e+02 3.087456999999999852e+01 1.698558899999999880e+02
8.340000000000000000e+02 3.081190000000000140e+01 1.699891100000000108e+02
8.350000000000000000e+02 3.074922000000000111e+01 1.701227100000000121e+02
8.360000000000000000e+02 3.068655000000000044e+01 1.702563100000000134e+02
8.370000000000000000e+02 3.062387999999999977e+01 1.703899099999999862e+02
8.380000000000000000e+02 3.056072999999999951e+01 1.705235099999999875e+02
8.390000000000000000e+02 3.049562999999999846e+01 1.706571099999999888e+02
8.400000000000000000e+02 3.043053000000000097e+01 1.707907099999999900e+02
8.410000000000000000e+02 3.036543999999999954e+01 1.709243099999999913e+02
8.420000000000000000e+02 3.030033999999999850e+01 1.710538599999999860e+02
8.430000000000000000e+02 3.023524000000000100e+01 1.711779600000000130e+02
8.440000000000000000e+02 3.017014999999999958e+01 1.713020600000000115e+02
8.450000000000000000e+02 3.010504999999999853e+01 1.714261700000000133e+02
8.460000000000000000e+02 3.003995000000000104e+01 1.715502700000000118e+02
8.470000000000000000e+02 2.997485999999999962e+01 1.716743700000000104e+02
8.480000000000000000e+02 2.990975999999999857e+01 1.717984800000000121e+02
8.490000000000000000e+02 2.984466000000000108e+01 1.719225800000000106e+02
8.500000000000000000e+02 2.978076000000000079e+01 1.720466800000000092e+02
8.510000000000000000e+02 2.971728999999999843e+01 1.721722000000000037e+02
8.520000000000000000e+02 2.965381000000000000e+01 1.722981499999999926e+02
8.530000000000000000e+02 2.959033000000000158e+01 1.724241100000000131e+02
8.540000000000000000e+02 2.952684999999999960e+01 1.725500700000000052e+02
8.550000000000000000e+02 2.946338000000000079e+01 1.726760299999999972e+02
8.560000000000000000e+02 2.939989999999999881e+01 1.728019899999999893e+02
8.570000000000000000e+02 2.933642000000000039e+01 1.729279500000000098e+02
8.580000000000000000e+02 2.927293999999999841e+01 1.730539100000000019e+02
8.590000000000000000e+02 2.920946999999999960e+01 1.731798699999999940e+02
8.600000000000000000e+02 2.914599000000000117e+01 1.733011899999999912e+02
8.610000000000000000e+02 2.908250999999999920e+01 1.734218999999999937e+02
8.620000000000000000e+02 2.901660000000000039e+01 1.735425999999999931e+02
8.630000000000000000e+02 2.895061000000000107e+01 1.736633099999999956e+02
8.640000000000000000e+02 2.888460999999999856e+01 1.737840099999999950e+02
8.650000000000000000e+02 2.881860999999999962e+01 1.739047199999999975e+02
8.660000000000000000e+02 2.875261000000000067e+01 1.740254199999999969e+02
8.670000000000000000e+02 2.868661000000000172e+01 1.741461199999999963e+02
8.680000000000000000e+02 2.862060999999999922e+01 1.742668299999999988e+02
8.690000000000000000e+02 2.855461000000000027e+01 1.743812399999999911e+02
8.700000000000000000e+02 2.848862000000000094e+01 1.744939699999999903e+02
8.710000000000000000e+02 2.842261999999999844e+01 1.746066899999999862e+02
8.720000000000000000e+02 2.835661999999999949e+01 1.747194200000000137e+02
8.730000000000000000e+02 2.829062000000000054e+01 1.748321500000000128e+02
8.740000000000000000e+02 2.824527000000000143e+01 1.749448700000000088e+02
8.750000000000000000e+02 2.820334000000000074e+01 1.750576000000000079e+02
8.760000000000000000e+02 2.816141000000000005e+01 1.751703200000000038e+02
8.770000000000000000e+02 2.811947999999999936e+01 1.752830500000000029e+02
8.780000000000000000e+02 2.807754999999999868e+01 1.753944700000000125e+02
8.790000000000000000e+02 2.803562000000000154e+01 1.755044300000000135e+02
8.800000000000000000e+02 2.799369000000000085e+01 1.756143899999999860e+02
8.810000000000000000e+02 2.795176000000000016e+01 1.757243400000000122e+02
8.820000000000000000e+02 2.790982999999999947e+01 1.758343000000000131e+02
8.830000000000000000e+02 2.786789999999999878e+01 1.759442600000000141e+02
8.840000000000000000e+02 2.782597000000000165e+01 1.760542199999999866e+02
8.850000000000000000e+02 2.778404000000000096e+01 1.761641700000000128e+02
8.860000000000000000e+02 2.773560000000000159e+01 1.762741300000000138e+02
8.870000000000000000e+02 2.767762000000000100e+01 1.763840899999999863e+02
8.880000000000000000e+02 2.761965000000000003e+01 1.764890499999999918e+02
8.890000000000000000e+02 2.756166999999999945e+01 1.765935800000000029e+02
8.900000000000000000e+02 2.750368999999999886e+01 1.766981100000000140e+02
8.910000000000000000e+02 2.744572000000000145e+01 1.768026399999999967e+02
8.920000000000000000e+02 2.738774000000000086e+01 1.769071700000000078e+02
8.930000000000000000e+02 2.732976999999999990e+01 1.770116999999999905e+02
8.940000000000000000e+02 2.727178999999999931e+01 1.771162300000000016e+02
8.950000000000000000e+02 2.721380999999999872e+01 1.772207699999999875e+02
8.960000000000000000e+02 2.715584000000000131e+01 1.773252999999999986e+02
8.970000000000000000e+02 2.709786000000000072e+01 1.774286700000000110e+02
8.980000000000000000e+02 2.703988000000000014e+01 1.775241599999999949e+02
8.990000000000000000e+02 2.700912999999999897e+01 1.776196500000000071e+02
9.000000000000000000e+02 2.699711999999999890e+01 1.777151399999999910e+02
