  -14.761  0.000E+00  0.000E+00  0.000E+00  0.000E+00  0.000E+00  0.000E+00  0.000E+00  0.000E+00  0.000E+00  0.000E+00  0.000E+00  0.000E+00
 -14.711  0.169E-02  0.169E-02  0.168E-02  0.168E-02  0.175E-05  0.175E-05  0.175E-05  0.175E-05  0.316E-05  0.316E-05  0.316E-05  0.316E-05
 -14.661  0.169E-02  0.169E-02  0.165E-02  0.165E-02  0.699E-05  0.698E-05  0.699E-05  0.698E-05  0.122E-04  0.122E-04  0.122E-04  0.122E-04
 -14.611  0.169E-02  0.169E-02  0.160E-02  0.160E-02  0.160E-04  0.160E-04  0.160E-04  0.160E-04  0.273E-04  0.273E-04  0.273E-04  0.273E-04
 -14.561  0.175E-02  0.175E-02  0.159E-02  0.159E-02  0.307E-04  0.307E-04  0.307E-04  0.307E-04  0.507E-04  0.506E-04  0.507E-04  0.506E-04
 -14.511  0.175E-02  0.175E-02  0.150E-02  0.150E-02  0.491E-04  0.491E-04  0.491E-04  0.491E-04  0.785E-04  0.785E-04  0.785E-04  0.785E-04
 -14.461  0.184E-02  0.184E-02  0.146E-02  0.146E-02  0.745E-04  0.745E-04  0.745E-04  0.745E-04  0.116E-03  0.116E-03  0.116E-03  0.116E-03
 -14.411  0.193E-02  0.193E-02  0.140E-02  0.140E-02  0.107E-03  0.107E-03  0.107E-03  0.107E-03  0.161E-03  0.161E-03  0.161E-03  0.161E-03
 -14.361  0.208E-02  0.208E-02  0.135E-02  0.135E-02  0.147E-03  0.147E-03  0.147E-03  0.147E-03  0.217E-03  0.217E-03  0.217E-03  0.217E-03
 -14.311  0.226E-02  0.226E-02  0.130E-02  0.130E-02  0.198E-03  0.198E-03  0.198E-03  0.198E-03  0.283E-03  0.283E-03  0.283E-03  0.283E-03
 -14.261  0.252E-02  0.252E-02  0.126E-02  0.126E-02  0.263E-03  0.263E-03  0.263E-03  0.263E-03  0.365E-03  0.365E-03  0.365E-03  0.365E-03
 -14.211  0.280E-02  0.280E-02  0.121E-02  0.121E-02  0.339E-03  0.339E-03  0.339E-03  0.339E-03  0.457E-03  0.457E-03  0.457E-03  0.457E-03
 -14.161  0.318E-02  0.318E-02  0.116E-02  0.116E-02  0.435E-03  0.435E-03  0.435E-03  0.435E-03  0.572E-03  0.572E-03  0.572E-03  0.572E-03
 -14.111  0.363E-02  0.363E-02  0.112E-02  0.112E-02  0.551E-03  0.551E-03  0.551E-03  0.551E-03  0.704E-03  0.704E-03  0.704E-03  0.704E-03
 -14.061  0.420E-02  0.420E-02  0.108E-02  0.108E-02  0.696E-03  0.696E-03  0.696E-03  0.696E-03  0.864E-03  0.864E-03  0.864E-03  0.864E-03
 -14.011  0.488E-02  0.488E-02  0.104E-02  0.104E-02  0.870E-03  0.869E-03  0.870E-03  0.869E-03  0.105E-02  0.105E-02  0.105E-02  0.105E-02
 -13.961  0.574E-02  0.574E-02  0.997E-03  0.997E-03  0.109E-02  0.109E-02  0.109E-02  0.109E-02  0.128E-02  0.128E-02  0.128E-02  0.128E-02
 -13.911  0.678E-02  0.678E-02  0.953E-03  0.953E-03  0.136E-02  0.136E-02  0.136E-02  0.136E-02  0.155E-02  0.155E-02  0.155E-02  0.155E-02
 -13.861  0.810E-02  0.810E-02  0.918E-03  0.918E-03  0.170E-02  0.170E-02  0.170E-02  0.170E-02  0.189E-02  0.189E-02  0.189E-02  0.189E-02
 -13.811  0.974E-02  0.974E-02  0.877E-03  0.877E-03  0.213E-02  0.213E-02  0.213E-02  0.213E-02  0.230E-02  0.230E-02  0.230E-02  0.230E-02
 -13.761  0.117E-01  0.117E-01  0.832E-03  0.832E-03  0.265E-02  0.265E-02  0.265E-02  0.265E-02  0.280E-02  0.280E-02  0.280E-02  0.280E-02
 -13.711  0.145E-01  0.145E-01  0.803E-03  0.803E-03  0.339E-02  0.339E-02  0.339E-02  0.339E-02  0.347E-02  0.347E-02  0.347E-02  0.347E-02
 -13.661  0.179E-01  0.179E-01  0.756E-03  0.756E-03  0.429E-02  0.429E-02  0.429E-02  0.429E-02  0.427E-02  0.427E-02  0.427E-02  0.427E-02
 -13.611  0.228E-01  0.228E-01  0.730E-03  0.730E-03  0.560E-02  0.560E-02  0.560E-02  0.560E-02  0.542E-02  0.542E-02  0.542E-02  0.542E-02
 -13.561  0.292E-01  0.292E-01  0.687E-03  0.687E-03  0.734E-02  0.734E-02  0.734E-02  0.734E-02  0.690E-02  0.690E-02  0.690E-02  0.690E-02
 -13.511  0.389E-01  0.389E-01  0.662E-03  0.662E-03  0.999E-02  0.999E-02  0.999E-02  0.999E-02  0.913E-02  0.913E-02  0.913E-02  0.913E-02
 -13.461  0.540E-01  0.540E-01  0.629E-03  0.629E-03  0.141E-01  0.141E-01  0.141E-01  0.141E-01  0.125E-01  0.125E-01  0.125E-01  0.125E-01
 -13.411  0.830E-01  0.830E-01  0.634E-03  0.634E-03  0.222E-01  0.221E-01  0.222E-01  0.221E-01  0.190E-01  0.190E-01  0.190E-01  0.190E-01
 -13.361  0.430E+00  0.431E+00  0.161E-02  0.161E-02  0.118E+00  0.118E+00  0.118E+00  0.118E+00  0.968E-01  0.970E-01  0.968E-01  0.970E-01
 -13.311  0.101E+00  0.101E+00  0.363E-03  0.363E-03  0.276E-01  0.277E-01  0.276E-01  0.277E-01  0.228E-01  0.228E-01  0.228E-01  0.228E-01
 -13.261  0.818E-01  0.818E-01  0.189E-03  0.189E-03  0.224E-01  0.224E-01  0.224E-01  0.224E-01  0.184E-01  0.184E-01  0.184E-01  0.184E-01
 -13.211  0.646E-01  0.647E-01  0.541E-04  0.541E-04  0.179E-01  0.179E-01  0.179E-01  0.179E-01  0.144E-01  0.144E-01  0.144E-01  0.144E-01
 -13.161  0.522E+00  0.522E+00  0.175E-04  0.175E-04  0.148E+00  0.148E+00  0.148E+00  0.148E+00  0.113E+00  0.113E+00  0.113E+00  0.113E+00
 -13.111  0.516E+00  0.516E+00  0.107E-06  0.107E-06  0.150E+00  0.150E+00  0.150E+00  0.150E+00  0.108E+00  0.108E+00  0.108E+00  0.108E+00
 -13.061  0.275E+00  0.275E+00  0.888E-06  0.889E-06  0.820E-01  0.820E-01  0.820E-01  0.820E-01  0.555E-01  0.555E-01  0.555E-01  0.555E-01
 -13.011  0.000E+00  0.000E+00  0.000E+00  0.000E+00  0.000E+00  0.000E+00  0.000E+00  0.000E+00  0.000E+00  0.000E+00  0.000E+00  0.000E+00
 -12.961  0.000E+00  0.000E+00  0.000E+00  0.000E+00  0.000E+00  0.000E+00  0.000E+00  0.000E+00  0.000E+00  0.000E+00  0.000E+00  0.000E+00
 -12.911  0.000E+00  0.000E+00  0.000E+00  0.000E+00  0.000E+00  0.000E+00  0.000E+00  0.000E+00  0.000E+00  0.000E+00  0.000E+00  0.000E+00
 -12.861  0.000E+00  0.000E+00  0.000E+00  0.000E+00  0.000E+00  0.000E+00  0.000E+00  0.000E+00  0.000E+00  0.000E+00  0.000E+00  0.000E+00
 -12.811  0.000E+00  0.000E+00  0.000E+00  0.000E+00  0.000E+00  0.000E+00  0.000E+00  0.000E+00  0.000E+00  0.000E+00  0.000E+00  0.000E+00
 -12.761  0.000E+00  0.000E+00  0.000E+00  0.000E+00  0.000E+00  0.000E+00  0.000E+00  0.000E+00  0.000E+00  0.000E+00  0.000E+00  0.000E+00
 -12.711  0.000E+00  0.000E+00  0.000E+00  0.000E+00  0.000E+00  0.000E+00  0.000E+00  0.000E+00  0.000E+00  0.000E+00  0.000E+00  0.000E+00
 -12.661  0.000E+00  0.000E+00  0.000E+00  0.000E+00  0.000E+00  0.000E+00  0.000E+00  0.000E+00  0.000E+00  0.000E+00  0.000E+00  0.000E+00
 -12.611  0.000E+00  0.000E+00  0.000E+00  0.000E+00  0.000E+00  0.000E+00  0.000E+00  0.000E+00  0.000E+00  0.000E+00  0.000E+00  0.000E+00
 -12.561  0.000E+00  0.000E+00  0.000E+00  0.000E+00  0.000E+00  0.000E+00  0.000E+00  0.000E+00  0.000E+00  0.000E+00  0.000E+00  0.000E+00
 -12.511  0.000E+00  0.000E+00  0.000E+00  0.000E+00  0.000E+00  0.000E+00  0.000E+00  0.000E+00  0.000E+00  0.000E+00  0.000E+00  0.000E+00
 -12.461  0.000E+00  0.000E+00  0.000E+00  0.000E+00  0.000E+00  0.000E+00  0.000E+00  0.000E+00  0.000E+00  0.000E+00  0.000E+00  0.000E+00
 -12.411  0.000E+00  0.000E+00  0.000E+00  0.000E+00  0.000E+00  0.000E+00  0.000E+00  0.000E+00  0.000E+00  0.000E+00  0.000E+00  0.000E+00
 -12.361  0.000E+00  0.000E+00  0.000E+00  0.000E+00  0.000E+00  0.000E+00  0.000E+00  0.000E+00  0.000E+00  0.000E+00  0.000E+00  0.000E+00
 -12.311  0.000E+00  0.000E+00  0.000E+00  0.000E+00  0.000E+00  0.000E+00  0.000E+00  0.000E+00  0.000E+00  0.000E+00  0.000E+00  0.000E+00
 -12.261  0.000E+00  0.000E+00  0.000E+00  0.000E+00  0.000E+00  0.000E+00  0.000E+00  0.000E+00  0.000E+00  0.000E+00  0.000E+00  0.000E+00
 -12.211  0.000E+00  0.000E+00  0.000E+00  0.000E+00  0.000E+00  0.000E+00  0.000E+00  0.000E+00  0.000E+00  0.000E+00  0.000E+00  0.000E+00
 -12.161  0.000E+00  0.000E+00  0.000E+00  0.000E+00  0.000E+00  0.000E+00  0.000E+00  0.000E+00  0.000E+00  0.000E+00  0.000E+00  0.000E+00
 -12.111  0.000E+00  0.000E+00  0.000E+00  0.000E+00  0.000E+00  0.000E+00  0.000E+00  0.000E+00  0.000E+00  0.000E+00  0.000E+00  0.000E+00
 -12.061  0.000E+00  0.000E+00  0.000E+00  0.000E+00  0.000E+00  0.000E+00  0.000E+00  0.000E+00  0.000E+00  0.000E+00  0.000E+00  0.000E+00
 -12.011  0.000E+00  0.000E+00  0.000E+00  0.000E+00  0.000E+00  0.000E+00  0.000E+00  0.000E+00  0.000E+00  0.000E+00  0.000E+00  0.000E+00
 -11.961  0.000E+00  0.000E+00  0.000E+00  0.000E+00  0.000E+00  0.000E+00  0.000E+00  0.000E+00  0.000E+00  0.000E+00  0.000E+00  0.000E+00
 -11.911  0.000E+00  0.000E+00  0.000E+00  0.000E+00  0.000E+00  0.000E+00  0.000E+00  0.000E+00  0.000E+00  0.000E+00  0.000E+00  0.000E+00
 -11.861  0.000E+00  0.000E+00  0.000E+00  0.000E+00  0.000E+00  0.000E+00  0.000E+00  0.000E+00  0.000E+00  0.000E+00  0.000E+00  0.000E+00
 -11.811  0.000E+00  0.000E+00  0.000E+00  0.000E+00  0.000E+00  0.000E+00  0.000E+00  0.000E+00  0.000E+00  0.000E+00  0.000E+00  0.000E+00
 -11.761  0.000E+00  0.000E+00  0.000E+00  0.000E+00  0.000E+00  0.000E+00  0.000E+00  0.000E+00  0.000E+00  0.000E+00  0.000E+00  0.000E+00
 -11.711  0.000E+00  0.000E+00  0.000E+00  0.000E+00  0.000E+00  0.000E+00  0.000E+00  0.000E+00  0.000E+00  0.000E+00  0.000E+00  0.000E+00
 -11.661  0.000E+00  0.000E+00  0.000E+00  0.000E+00  0.000E+00  0.000E+00  0.000E+00  0.000E+00  0.000E+00  0.000E+00  0.000E+00  0.000E+00
 -11.611  0.000E+00  0.000E+00  0.000E+00  0.000E+00  0.000E+00  0.000E+00  0.000E+00  0.000E+00  0.000E+00  0.000E+00  0.000E+00  0.000E+00
 -11.561  0.000E+00  0.000E+00  0.000E+00  0.000E+00  0.000E+00  0.000E+00  0.000E+00  0.000E+00  0.000E+00  0.000E+00  0.000E+00  0.000E+00
 -11.511  0.000E+00  0.000E+00  0.000E+00  0.000E+00  0.000E+00  0.000E+00  0.000E+00  0.000E+00  0.000E+00  0.000E+00  0.000E+00  0.000E+00
 -11.461  0.000E+00  0.000E+00  0.000E+00  0.000E+00  0.000E+00  0.000E+00  0.000E+00  0.000E+00  0.000E+00  0.000E+00  0.000E+00  0.000E+00
 -11.411  0.000E+00  0.000E+00  0.000E+00  0.000E+00  0.000E+00  0.000E+00  0.000E+00  0.000E+00  0.000E+00  0.000E+00  0.000E+00  0.000E+00
 -11.361  0.000E+00  0.000E+00  0.000E+00  0.000E+00  0.000E+00  0.000E+00  0.000E+00  0.000E+00  0.000E+00  0.000E+00  0.000E+00  0.000E+00
 -11.311  0.000E+00  0.000E+00  0.000E+00  0.000E+00  0.000E+00  0.000E+00  0.000E+00  0.000E+00  0.000E+00  0.000E+00  0.000E+00  0.000E+00
 -11.261  0.000E+00  0.000E+00  0.000E+00  0.000E+00  0.000E+00  0.000E+00  0.000E+00  0.000E+00  0.000E+00  0.000E+00  0.000E+00  0.000E+00
 -11.211  0.000E+00  0.000E+00  0.000E+00  0.000E+00  0.000E+00  0.000E+00  0.000E+00  0.000E+00  0.000E+00  0.000E+00  0.000E+00  0.000E+00
 -11.161  0.000E+00  0.000E+00  0.000E+00  0.000E+00  0.000E+00  0.000E+00  0.000E+00  0.000E+00  0.000E+00  0.000E+00  0.000E+00  0.000E+00
 -11.111  0.000E+00  0.000E+00  0.000E+00  0.000E+00  0.000E+00  0.000E+00  0.000E+00  0.000E+00  0.000E+00  0.000E+00  0.000E+00  0.000E+00
 -11.061  0.000E+00  0.000E+00  0.000E+00  0.000E+00  0.000E+00  0.000E+00  0.000E+00  0.000E+00  0.000E+00  0.000E+00  0.000E+00  0.000E+00
 -11.011  0.000E+00  0.000E+00  0.000E+00  0.000E+00  0.000E+00  0.000E+00  0.000E+00  0.000E+00  0.000E+00  0.000E+00  0.000E+00  0.000E+00
 -10.961  0.000E+00  0.000E+00  0.000E+00  0.000E+00  0.000E+00  0.000E+00  0.000E+00  0.000E+00  0.000E+00  0.000E+00  0.000E+00  0.000E+00
 -10.911  0.000E+00  0.000E+00  0.000E+00  0.000E+00  0.000E+00  0.000E+00  0.000E+00  0.000E+00  0.000E+00  0.000E+00  0.000E+00  0.000E+00
 -10.861  0.000E+00  0.000E+00  0.000E+00  0.000E+00  0.000E+00  0.000E+00  0.000E+00  0.000E+00  0.000E+00  0.000E+00  0.000E+00  0.000E+00
 -10.811  0.000E+00  0.000E+00  0.000E+00  0.000E+00  0.000E+00  0.000E+00  0.000E+00  0.000E+00  0.000E+00  0.000E+00  0.000E+00  0.000E+00
 -10.761  0.000E+00  0.000E+00  0.000E+00  0.000E+00  0.000E+00  0.000E+00  0.000E+00  0.000E+00  0.000E+00  0.000E+00  0.000E+00  0.000E+00
 -10.711  0.000E+00  0.000E+00  0.000E+00  0.000E+00  0.000E+00  0.000E+00  0.000E+00  0.000E+00  0.000E+00  0.000E+00  0.000E+00  0.000E+00
 -10.661  0.000E+00  0.000E+00  0.000E+00  0.000E+00  0.000E+00  0.000E+00  0.000E+00  0.000E+00  0.000E+00  0.000E+00  0.000E+00  0.000E+00
 -10.611  0.000E+00  0.000E+00  0.000E+00  0.000E+00  0.000E+00  0.000E+00  0.000E+00  0.000E+00  0.000E+00  0.000E+00  0.000E+00  0.000E+00
 -10.561  0.000E+00  0.000E+00  0.000E+00  0.000E+00  0.000E+00  0.000E+00  0.000E+00  0.000E+00  0.000E+00  0.000E+00  0.000E+00  0.000E+00
 -10.511  0.000E+00  0.000E+00  0.000E+00  0.000E+00  0.000E+00  0.000E+00  0.000E+00  0.000E+00  0.000E+00  0.000E+00  0.000E+00  0.000E+00
 -10.461  0.000E+00  0.000E+00  0.000E+00  0.000E+00  0.000E+00  0.000E+00  0.000E+00  0.000E+00  0.000E+00  0.000E+00  0.000E+00  0.000E+00
 -10.411  0.000E+00  0.000E+00  0.000E+00  0.000E+00  0.000E+00  0.000E+00  0.000E+00  0.000E+00  0.000E+00  0.000E+00  0.000E+00  0.000E+00
 -10.361  0.000E+00  0.000E+00  0.000E+00  0.000E+00  0.000E+00  0.000E+00  0.000E+00  0.000E+00  0.000E+00  0.000E+00  0.000E+00  0.000E+00
 -10.311  0.000E+00  0.000E+00  0.000E+00  0.000E+00  0.000E+00  0.000E+00  0.000E+00  0.000E+00  0.000E+00  0.000E+00  0.000E+00  0.000E+00
 -10.261  0.000E+00  0.000E+00  0.000E+00  0.000E+00  0.000E+00  0.000E+00  0.000E+00  0.000E+00  0.000E+00  0.000E+00  0.000E+00  0.000E+00
 -10.211  0.000E+00  0.000E+00  0.000E+00  0.000E+00  0.000E+00  0.000E+00  0.000E+00  0.000E+00  0.000E+00  0.000E+00  0.000E+00  0.000E+00
 -10.161  0.000E+00  0.000E+00  0.000E+00  0.000E+00  0.000E+00  0.000E+00  0.000E+00  0.000E+00  0.000E+00  0.000E+00  0.000E+00  0.000E+00
 -10.111  0.000E+00  0.000E+00  0.000E+00  0.000E+00  0.000E+00  0.000E+00  0.000E+00  0.000E+00  0.000E+00  0.000E+00  0.000E+00  0.000E+00
 -10.061  0.000E+00  0.000E+00  0.000E+00  0.000E+00  0.000E+00  0.000E+00  0.000E+00  0.000E+00  0.000E+00  0.000E+00  0.000E+00  0.000E+00
 -10.011  0.000E+00  0.000E+00  0.000E+00  0.000E+00  0.000E+00  0.000E+00  0.000E+00  0.000E+00  0.000E+00  0.000E+00  0.000E+00  0.000E+00
  -9.961  0.000E+00  0.000E+00  0.000E+00  0.000E+00  0.000E+00  0.000E+00  0.000E+00  0.000E+00  0.000E+00  0.000E+00  0.000E+00  0.000E+00
  -9.911  0.000E+00  0.000E+00  0.000E+00  0.000E+00  0.000E+00  0.000E+00  0.000E+00  0.000E+00  0.000E+00  0.000E+00  0.000E+00  0.000E+00
  -9.861  0.000E+00  0.000E+00  0.000E+00  0.000E+00  0.000E+00  0.000E+00  0.000E+00  0.000E+00  0.000E+00  0.000E+00  0.000E+00  0.000E+00
  -9.811  0.000E+00  0.000E+00  0.000E+00  0.000E+00  0.000E+00  0.000E+00  0.000E+00  0.000E+00  0.000E+00  0.000E+00  0.000E+00  0.000E+00
  -9.761  0.000E+00  0.000E+00  0.000E+00  0.000E+00  0.000E+00  0.000E+00  0.000E+00  0.000E+00  0.000E+00  0.000E+00  0.000E+00  0.000E+00
  -9.711  0.000E+00  0.000E+00  0.000E+00  0.000E+00  0.000E+00  0.000E+00  0.000E+00  0.000E+00  0.000E+00  0.000E+00  0.000E+00  0.000E+00
  -9.661  0.000E+00  0.000E+00  0.000E+00  0.000E+00  0.000E+00  0.000E+00  0.000E+00  0.000E+00  0.000E+00  0.000E+00  0.000E+00  0.000E+00
  -9.611  0.000E+00  0.000E+00  0.000E+00  0.000E+00  0.000E+00  0.000E+00  0.000E+00  0.000E+00  0.000E+00  0.000E+00  0.000E+00  0.000E+00
  -9.561  0.000E+00  0.000E+00  0.000E+00  0.000E+00  0.000E+00  0.000E+00  0.000E+00  0.000E+00  0.000E+00  0.000E+00  0.000E+00  0.000E+00
  -9.511  0.000E+00  0.000E+00  0.000E+00  0.000E+00  0.000E+00  0.000E+00  0.000E+00  0.000E+00  0.000E+00  0.000E+00  0.000E+00  0.000E+00
  -9.461  0.000E+00  0.000E+00  0.000E+00  0.000E+00  0.000E+00  0.000E+00  0.000E+00  0.000E+00  0.000E+00  0.000E+00  0.000E+00  0.000E+00
  -9.411  0.000E+00  0.000E+00  0.000E+00  0.000E+00  0.000E+00  0.000E+00  0.000E+00  0.000E+00  0.000E+00  0.000E+00  0.000E+00  0.000E+00
  -9.361  0.000E+00  0.000E+00  0.000E+00  0.000E+00  0.000E+00  0.000E+00  0.000E+00  0.000E+00  0.000E+00  0.000E+00  0.000E+00  0.000E+00
  -9.311  0.000E+00  0.000E+00  0.000E+00  0.000E+00  0.000E+00  0.000E+00  0.000E+00  0.000E+00  0.000E+00  0.000E+00  0.000E+00  0.000E+00
  -9.261  0.000E+00  0.000E+00  0.000E+00  0.000E+00  0.000E+00  0.000E+00  0.000E+00  0.000E+00  0.000E+00  0.000E+00  0.000E+00  0.000E+00
  -9.211  0.000E+00  0.000E+00  0.000E+00  0.000E+00  0.000E+00  0.000E+00  0.000E+00  0.000E+00  0.000E+00  0.000E+00  0.000E+00  0.000E+00
  -9.161  0.000E+00  0.000E+00  0.000E+00  0.000E+00  0.000E+00  0.000E+00  0.000E+00  0.000E+00  0.000E+00  0.000E+00  0.000E+00  0.000E+00
  -9.111  0.000E+00  0.000E+00  0.000E+00  0.000E+00  0.000E+00  0.000E+00  0.000E+00  0.000E+00  0.000E+00  0.000E+00  0.000E+00  0.000E+00
  -9.061  0.000E+00  0.000E+00  0.000E+00  0.000E+00  0.000E+00  0.000E+00  0.000E+00  0.000E+00  0.000E+00  0.000E+00  0.000E+00  0.000E+00
  -9.011  0.000E+00  0.000E+00  0.000E+00  0.000E+00  0.000E+00  0.000E+00  0.000E+00  0.000E+00  0.000E+00  0.000E+00  0.000E+00  0.000E+00
  -8.961  0.000E+00  0.000E+00  0.000E+00  0.000E+00  0.000E+00  0.000E+00  0.000E+00  0.000E+00  0.000E+00  0.000E+00  0.000E+00  0.000E+00
  -8.911  0.000E+00  0.000E+00  0.000E+00  0.000E+00  0.000E+00  0.000E+00  0.000E+00  0.000E+00  0.000E+00  0.000E+00  0.000E+00  0.000E+00
  -8.861  0.000E+00  0.000E+00  0.000E+00  0.000E+00  0.000E+00  0.000E+00  0.000E+00  0.000E+00  0.000E+00  0.000E+00  0.000E+00  0.000E+00
  -8.811  0.000E+00  0.000E+00  0.000E+00  0.000E+00  0.000E+00  0.000E+00  0.000E+00  0.000E+00  0.000E+00  0.000E+00  0.000E+00  0.000E+00
  -8.761  0.000E+00  0.000E+00  0.000E+00  0.000E+00  0.000E+00  0.000E+00  0.000E+00  0.000E+00  0.000E+00  0.000E+00  0.000E+00  0.000E+00
  -8.711  0.000E+00  0.000E+00  0.000E+00  0.000E+00  0.000E+00  0.000E+00  0.000E+00  0.000E+00  0.000E+00  0.000E+00  0.000E+00  0.000E+00
  -8.661  0.000E+00  0.000E+00  0.000E+00  0.000E+00  0.000E+00  0.000E+00  0.000E+00  0.000E+00  0.000E+00  0.000E+00  0.000E+00  0.000E+00
  -8.611  0.000E+00  0.000E+00  0.000E+00  0.000E+00  0.000E+00  0.000E+00  0.000E+00  0.000E+00  0.000E+00  0.000E+00  0.000E+00  0.000E+00
  -8.561  0.000E+00  0.000E+00  0.000E+00  0.000E+00  0.000E+00  0.000E+00  0.000E+00  0.000E+00  0.000E+00  0.000E+00  0.000E+00  0.000E+00
  -8.511  0.000E+00  0.000E+00  0.000E+00  0.000E+00  0.000E+00  0.000E+00  0.000E+00  0.000E+00  0.000E+00  0.000E+00  0.000E+00  0.000E+00
  -8.461  0.000E+00  0.000E+00  0.000E+00  0.000E+00  0.000E+00  0.000E+00  0.000E+00  0.000E+00  0.000E+00  0.000E+00  0.000E+00  0.000E+00
  -8.411  0.000E+00  0.000E+00  0.000E+00  0.000E+00  0.000E+00  0.000E+00  0.000E+00  0.000E+00  0.000E+00  0.000E+00  0.000E+00  0.000E+00
  -8.361  0.000E+00  0.000E+00  0.000E+00  0.000E+00  0.000E+00  0.000E+00  0.000E+00  0.000E+00  0.000E+00  0.000E+00  0.000E+00  0.000E+00
  -8.311  0.000E+00  0.000E+00  0.000E+00  0.000E+00  0.000E+00  0.000E+00  0.000E+00  0.000E+00  0.000E+00  0.000E+00  0.000E+00  0.000E+00
  -8.261  0.000E+00  0.000E+00  0.000E+00  0.000E+00  0.000E+00  0.000E+00  0.000E+00  0.000E+00  0.000E+00  0.000E+00  0.000E+00  0.000E+00
  -8.211  0.000E+00  0.000E+00  0.000E+00  0.000E+00  0.000E+00  0.000E+00  0.000E+00  0.000E+00  0.000E+00  0.000E+00  0.000E+00  0.000E+00
  -8.161  0.000E+00  0.000E+00  0.000E+00  0.000E+00  0.000E+00  0.000E+00  0.000E+00  0.000E+00  0.000E+00  0.000E+00  0.000E+00  0.000E+00
  -8.111  0.000E+00  0.000E+00  0.000E+00  0.000E+00  0.000E+00  0.000E+00  0.000E+00  0.000E+00  0.000E+00  0.000E+00  0.000E+00  0.000E+00
  -8.061  0.000E+00  0.000E+00  0.000E+00  0.000E+00  0.000E+00  0.000E+00  0.000E+00  0.000E+00  0.000E+00  0.000E+00  0.000E+00  0.000E+00
  -8.011  0.000E+00  0.000E+00  0.000E+00  0.000E+00  0.000E+00  0.000E+00  0.000E+00  0.000E+00  0.000E+00  0.000E+00  0.000E+00  0.000E+00
  -7.961  0.000E+00  0.000E+00  0.000E+00  0.000E+00  0.000E+00  0.000E+00  0.000E+00  0.000E+00  0.000E+00  0.000E+00  0.000E+00  0.000E+00
  -7.911  0.000E+00  0.000E+00  0.000E+00  0.000E+00  0.000E+00  0.000E+00  0.000E+00  0.000E+00  0.000E+00  0.000E+00  0.000E+00  0.000E+00
  -7.861  0.000E+00  0.000E+00  0.000E+00  0.000E+00  0.000E+00  0.000E+00  0.000E+00  0.000E+00  0.000E+00  0.000E+00  0.000E+00  0.000E+00
  -7.811  0.000E+00  0.000E+00  0.000E+00  0.000E+00  0.000E+00  0.000E+00  0.000E+00  0.000E+00  0.000E+00  0.000E+00  0.000E+00  0.000E+00
  -7.761  0.000E+00  0.000E+00  0.000E+00  0.000E+00  0.000E+00  0.000E+00  0.000E+00  0.000E+00  0.000E+00  0.000E+00  0.000E+00  0.000E+00
  -7.711  0.000E+00  0.000E+00  0.000E+00  0.000E+00  0.000E+00  0.000E+00  0.000E+00  0.000E+00  0.000E+00  0.000E+00  0.000E+00  0.000E+00
  -7.661  0.000E+00  0.000E+00  0.000E+00  0.000E+00  0.000E+00  0.000E+00  0.000E+00  0.000E+00  0.000E+00  0.000E+00  0.000E+00  0.000E+00
  -7.611  0.000E+00  0.000E+00  0.000E+00  0.000E+00  0.000E+00  0.000E+00  0.000E+00  0.000E+00  0.000E+00  0.000E+00  0.000E+00  0.000E+00
  -7.561  0.000E+00  0.000E+00  0.000E+00  0.000E+00  0.000E+00  0.000E+00  0.000E+00  0.000E+00  0.000E+00  0.000E+00  0.000E+00  0.000E+00
  -7.511  0.000E+00  0.000E+00  0.000E+00  0.000E+00  0.000E+00  0.000E+00  0.000E+00  0.000E+00  0.000E+00  0.000E+00  0.000E+00  0.000E+00
  -7.461  0.000E+00  0.000E+00  0.000E+00  0.000E+00  0.000E+00  0.000E+00  0.000E+00  0.000E+00  0.000E+00  0.000E+00  0.000E+00  0.000E+00
  -7.411  0.000E+00  0.000E+00  0.000E+00  0.000E+00  0.000E+00  0.000E+00  0.000E+00  0.000E+00  0.000E+00  0.000E+00  0.000E+00  0.000E+00
  -7.361  0.000E+00  0.000E+00  0.000E+00  0.000E+00  0.000E+00  0.000E+00  0.000E+00  0.000E+00  0.000E+00  0.000E+00  0.000E+00  0.000E+00
  -7.311  0.000E+00  0.000E+00  0.000E+00  0.000E+00  0.000E+00  0.000E+00  0.000E+00  0.000E+00  0.000E+00  0.000E+00  0.000E+00  0.000E+00
  -7.261  0.000E+00  0.000E+00  0.000E+00  0.000E+00  0.000E+00  0.000E+00  0.000E+00  0.000E+00  0.000E+00  0.000E+00  0.000E+00  0.000E+00
  -7.211  0.000E+00  0.000E+00  0.000E+00  0.000E+00  0.000E+00  0.000E+00  0.000E+00  0.000E+00  0.000E+00  0.000E+00  0.000E+00  0.000E+00
  -7.161  0.000E+00  0.000E+00  0.000E+00  0.000E+00  0.000E+00  0.000E+00  0.000E+00  0.000E+00  0.000E+00  0.000E+00  0.000E+00  0.000E+00
  -7.111  0.000E+00  0.000E+00  0.000E+00  0.000E+00  0.000E+00  0.000E+00  0.000E+00  0.000E+00  0.000E+00  0.000E+00  0.000E+00  0.000E+00
  -7.061  0.000E+00  0.000E+00  0.000E+00  0.000E+00  0.000E+00  0.000E+00  0.000E+00  0.000E+00  0.000E+00  0.000E+00  0.000E+00  0.000E+00
  -7.011  0.000E+00  0.000E+00  0.000E+00  0.000E+00  0.000E+00  0.000E+00  0.000E+00  0.000E+00  0.000E+00  0.000E+00  0.000E+00  0.000E+00
  -6.961  0.000E+00  0.000E+00  0.000E+00  0.000E+00  0.000E+00  0.000E+00  0.000E+00  0.000E+00  0.000E+00  0.000E+00  0.000E+00  0.000E+00
  -6.911  0.000E+00  0.000E+00  0.000E+00  0.000E+00  0.000E+00  0.000E+00  0.000E+00  0.000E+00  0.000E+00  0.000E+00  0.000E+00  0.000E+00
  -6.861  0.000E+00  0.000E+00  0.000E+00  0.000E+00  0.000E+00  0.000E+00  0.000E+00  0.000E+00  0.000E+00  0.000E+00  0.000E+00  0.000E+00
  -6.811  0.114E+00  0.114E+00  0.196E-03  0.196E-03  0.364E-01  0.364E-01  0.364E-01  0.364E-01  0.204E-01  0.204E-01  0.204E-01  0.204E-01
  -6.761  0.132E+00  0.132E+00  0.208E-03  0.208E-03  0.419E-01  0.419E-01  0.419E-01  0.419E-01  0.238E-01  0.238E-01  0.238E-01  0.238E-01
  -6.711  0.126E+00  0.126E+00  0.191E-03  0.191E-03  0.399E-01  0.399E-01  0.399E-01  0.399E-01  0.229E-01  0.229E-01  0.229E-01  0.229E-01
  -6.661  0.139E+00  0.139E+00  0.219E-03  0.219E-03  0.439E-01  0.439E-01  0.439E-01  0.439E-01  0.254E-01  0.254E-01  0.254E-01  0.254E-01
  -6.611  0.133E+00  0.133E+00  0.242E-03  0.242E-03  0.420E-01  0.420E-01  0.420E-01  0.420E-01  0.245E-01  0.245E-01  0.245E-01  0.245E-01
  -6.561  0.141E+00  0.141E+00  0.306E-03  0.306E-03  0.443E-01  0.443E-01  0.443E-01  0.443E-01  0.261E-01  0.261E-01  0.261E-01  0.261E-01
  -6.511  0.143E+00  0.143E+00  0.399E-03  0.399E-03  0.449E-01  0.449E-01  0.449E-01  0.449E-01  0.266E-01  0.266E-01  0.266E-01  0.266E-01
  -6.461  0.148E+00  0.148E+00  0.529E-03  0.529E-03  0.465E-01  0.465E-01  0.465E-01  0.465E-01  0.274E-01  0.274E-01  0.274E-01  0.274E-01
  -6.411  0.156E+00  0.156E+00  0.716E-03  0.716E-03  0.491E-01  0.491E-01  0.491E-01  0.491E-01  0.287E-01  0.287E-01  0.287E-01  0.287E-01
  -6.361  0.164E+00  0.164E+00  0.981E-03  0.981E-03  0.517E-01  0.517E-01  0.517E-01  0.517E-01  0.297E-01  0.297E-01  0.297E-01  0.297E-01
  -6.311  0.176E+00  0.176E+00  0.133E-02  0.133E-02  0.564E-01  0.564E-01  0.564E-01  0.564E-01  0.308E-01  0.308E-01  0.308E-01  0.308E-01
  -6.261  0.192E+00  0.192E+00  0.191E-02  0.191E-02  0.631E-01  0.631E-01  0.631E-01  0.631E-01  0.321E-01  0.321E-01  0.321E-01  0.321E-01
  -6.211  0.240E+00  0.240E+00  0.283E-02  0.283E-02  0.848E-01  0.848E-01  0.848E-01  0.848E-01  0.338E-01  0.338E-01  0.338E-01  0.338E-01
  -6.161  0.243E+00  0.243E+00  0.371E-02  0.371E-02  0.856E-01  0.856E-01  0.856E-01  0.856E-01  0.338E-01  0.338E-01  0.338E-01  0.338E-01
  -6.111  0.196E+00  0.196E+00  0.392E-02  0.392E-02  0.601E-01  0.601E-01  0.601E-01  0.601E-01  0.361E-01  0.361E-01  0.361E-01  0.361E-01
  -6.061  0.176E+00  0.176E+00  0.394E-02  0.394E-02  0.450E-01  0.450E-01  0.450E-01  0.450E-01  0.409E-01  0.409E-01  0.409E-01  0.409E-01
  -6.011  0.188E+00  0.188E+00  0.394E-02  0.394E-02  0.428E-01  0.428E-01  0.428E-01  0.428E-01  0.492E-01  0.492E-01  0.492E-01  0.492E-01
  -5.961  0.209E+00  0.209E+00  0.552E-02  0.552E-02  0.375E-01  0.375E-01  0.375E-01  0.375E-01  0.641E-01  0.641E-01  0.641E-01  0.641E-01
  -5.911  0.292E+00  0.292E+00  0.912E-02  0.912E-02  0.364E-01  0.364E-01  0.364E-01  0.364E-01  0.105E+00  0.105E+00  0.105E+00  0.105E+00
  -5.861  0.212E+01  0.212E+01  0.279E-01  0.279E-01  0.143E+00  0.143E+00  0.143E+00  0.143E+00  0.903E+00  0.903E+00  0.903E+00  0.903E+00
  -5.811  0.116E+01  0.116E+01  0.220E+00  0.220E+00  0.945E-01  0.945E-01  0.945E-01  0.945E-01  0.375E+00  0.375E+00  0.375E+00  0.375E+00
  -5.761  0.881E+00  0.881E+00  0.150E+00  0.150E+00  0.103E+00  0.103E+00  0.103E+00  0.103E+00  0.263E+00  0.263E+00  0.263E+00  0.263E+00
  -5.711  0.653E+00  0.653E+00  0.151E+00  0.151E+00  0.903E-01  0.903E-01  0.903E-01  0.903E-01  0.161E+00  0.161E+00  0.161E+00  0.161E+00
  -5.661  0.107E+01  0.107E+01  0.155E+00  0.155E+00  0.182E+00  0.182E+00  0.182E+00  0.182E+00  0.276E+00  0.277E+00  0.276E+00  0.277E+00
  -5.611  0.330E+01  0.330E+01  0.165E+00  0.165E+00  0.988E+00  0.989E+00  0.988E+00  0.989E+00  0.578E+00  0.578E+00  0.578E+00  0.578E+00
  -5.561  0.257E+01  0.257E+01  0.170E+00  0.170E+00  0.847E+00  0.846E+00  0.847E+00  0.846E+00  0.352E+00  0.352E+00  0.352E+00  0.352E+00
  -5.511  0.176E+01  0.176E+01  0.181E+00  0.181E+00  0.590E+00  0.590E+00  0.590E+00  0.590E+00  0.197E+00  0.197E+00  0.197E+00  0.197E+00
  -5.461  0.163E+01  0.163E+01  0.189E+00  0.189E+00  0.565E+00  0.565E+00  0.565E+00  0.565E+00  0.157E+00  0.157E+00  0.157E+00  0.157E+00
  -5.411  0.250E+01  0.250E+01  0.215E+00  0.215E+00  0.940E+00  0.939E+00  0.940E+00  0.939E+00  0.204E+00  0.203E+00  0.204E+00  0.203E+00
  -5.361  0.480E+00  0.480E+00  0.285E+00  0.285E+00  0.684E-01  0.684E-01  0.684E-01  0.684E-01  0.290E-01  0.290E-01  0.290E-01  0.290E-01
  -5.311  0.686E+00  0.686E+00  0.157E+00  0.157E+00  0.126E+00  0.126E+00  0.126E+00  0.126E+00  0.139E+00  0.139E+00  0.139E+00  0.139E+00
  -5.261  0.609E+00  0.609E+00  0.626E-01  0.626E-01  0.109E+00  0.109E+00  0.109E+00  0.109E+00  0.164E+00  0.164E+00  0.164E+00  0.164E+00
  -5.211  0.612E+00  0.612E+00  0.276E-01  0.276E-01  0.118E+00  0.118E+00  0.118E+00  0.118E+00  0.174E+00  0.174E+00  0.174E+00  0.174E+00
  -5.161  0.723E+00  0.723E+00  0.133E-01  0.133E-01  0.148E+00  0.148E+00  0.148E+00  0.148E+00  0.207E+00  0.207E+00  0.207E+00  0.207E+00
  -5.111  0.464E+00  0.464E+00  0.133E-01  0.133E-01  0.801E-01  0.801E-01  0.801E-01  0.801E-01  0.145E+00  0.145E+00  0.145E+00  0.145E+00
  -5.061  0.359E+00  0.359E+00  0.178E-01  0.178E-01  0.513E-01  0.512E-01  0.513E-01  0.512E-01  0.120E+00  0.120E+00  0.120E+00  0.120E+00
  -5.011  0.335E+00  0.335E+00  0.246E-01  0.246E-01  0.388E-01  0.388E-01  0.388E-01  0.388E-01  0.116E+00  0.116E+00  0.116E+00  0.116E+00
  -4.961  0.295E+00  0.295E+00  0.309E-01  0.309E-01  0.270E-01  0.270E-01  0.270E-01  0.270E-01  0.105E+00  0.105E+00  0.105E+00  0.105E+00
  -4.911  0.291E+00  0.291E+00  0.408E-01  0.408E-01  0.203E-01  0.203E-01  0.203E-01  0.203E-01  0.105E+00  0.105E+00  0.105E+00  0.105E+00
  -4.861  0.275E+00  0.275E+00  0.495E-01  0.495E-01  0.136E-01  0.136E-01  0.136E-01  0.136E-01  0.991E-01  0.991E-01  0.991E-01  0.991E-01
  -4.811  0.289E+00  0.289E+00  0.649E-01  0.649E-01  0.943E-02  0.943E-02  0.943E-02  0.943E-02  0.103E+00  0.103E+00  0.103E+00  0.103E+00
  -4.761  0.340E+00  0.340E+00  0.939E-01  0.939E-01  0.659E-02  0.659E-02  0.659E-02  0.659E-02  0.116E+00  0.116E+00  0.116E+00  0.116E+00
  -4.711  0.212E+01  0.211E+01  0.681E+00  0.678E+00  0.163E-01  0.162E-01  0.163E-01  0.162E-01  0.704E+00  0.700E+00  0.704E+00  0.700E+00
  -4.661  0.570E+00  0.570E+00  0.416E+00  0.417E+00  0.744E-01  0.744E-01  0.744E-01  0.744E-01  0.219E-02  0.219E-02  0.219E-02  0.219E-02
  -4.611  0.637E+00  0.637E+00  0.462E+00  0.462E+00  0.827E-01  0.827E-01  0.827E-01  0.827E-01  0.524E-02  0.524E-02  0.524E-02  0.524E-02
  -4.561  0.806E+00  0.806E+00  0.562E+00  0.562E+00  0.109E+00  0.109E+00  0.109E+00  0.109E+00  0.132E-01  0.132E-01  0.132E-01  0.132E-01
  -4.511  0.111E+01  0.111E+01  0.710E+00  0.710E+00  0.167E+00  0.167E+00  0.167E+00  0.167E+00  0.342E-01  0.342E-01  0.342E-01  0.342E-01
  -4.461  0.114E+01  0.114E+01  0.584E+00  0.584E+00  0.183E+00  0.183E+00  0.183E+00  0.183E+00  0.951E-01  0.951E-01  0.951E-01  0.951E-01
  -4.411  0.179E+01  0.179E+01  0.105E+01  0.105E+01  0.182E+00  0.182E+00  0.182E+00  0.182E+00  0.190E+00  0.190E+00  0.190E+00  0.190E+00
  -4.361  0.166E+01  0.166E+01  0.642E+00  0.642E+00  0.251E+00  0.251E+00  0.251E+00  0.251E+00  0.259E+00  0.259E+00  0.259E+00  0.259E+00
  -4.311  0.167E+01  0.167E+01  0.463E+00  0.463E+00  0.254E+00  0.254E+00  0.254E+00  0.254E+00  0.351E+00  0.351E+00  0.351E+00  0.351E+00
  -4.261  0.221E+01  0.220E+01  0.333E+00  0.332E+00  0.326E+00  0.324E+00  0.326E+00  0.324E+00  0.613E+00  0.610E+00  0.613E+00  0.610E+00
  -4.211  0.667E+00  0.667E+00  0.864E-01  0.864E-01  0.235E+00  0.235E+00  0.235E+00  0.235E+00  0.554E-01  0.554E-01  0.554E-01  0.554E-01
  -4.161  0.615E+00  0.615E+00  0.625E-01  0.625E-01  0.224E+00  0.224E+00  0.224E+00  0.224E+00  0.523E-01  0.523E-01  0.523E-01  0.523E-01
  -4.111  0.630E+00  0.630E+00  0.517E-01  0.517E-01  0.227E+00  0.227E+00  0.227E+00  0.227E+00  0.621E-01  0.621E-01  0.621E-01  0.621E-01
  -4.061  0.702E+00  0.702E+00  0.473E-01  0.473E-01  0.246E+00  0.246E+00  0.246E+00  0.246E+00  0.814E-01  0.814E-01  0.814E-01  0.814E-01
  -4.011  0.785E+00  0.785E+00  0.401E-01  0.401E-01  0.271E+00  0.271E+00  0.271E+00  0.271E+00  0.102E+00  0.102E+00  0.102E+00  0.102E+00
  -3.961  0.921E+00  0.921E+00  0.349E-01  0.349E-01  0.306E+00  0.306E+00  0.306E+00  0.306E+00  0.137E+00  0.137E+00  0.137E+00  0.137E+00
  -3.911  0.108E+01  0.108E+01  0.273E-01  0.273E-01  0.346E+00  0.346E+00  0.346E+00  0.346E+00  0.181E+00  0.181E+00  0.181E+00  0.181E+00
  -3.861  0.165E+01  0.165E+01  0.200E-01  0.200E-01  0.497E+00  0.497E+00  0.497E+00  0.497E+00  0.320E+00  0.319E+00  0.320E+00  0.319E+00
  -3.811  0.112E+01  0.112E+01  0.130E-01  0.130E-01  0.354E+00  0.354E+00  0.354E+00  0.354E+00  0.200E+00  0.200E+00  0.200E+00  0.200E+00
  -3.761  0.103E+01  0.103E+01  0.856E-02  0.856E-02  0.330E+00  0.330E+00  0.330E+00  0.330E+00  0.181E+00  0.181E+00  0.181E+00  0.181E+00
  -3.711  0.986E+00  0.986E+00  0.509E-02  0.509E-02  0.322E+00  0.322E+00  0.322E+00  0.322E+00  0.168E+00  0.168E+00  0.168E+00  0.168E+00
  -3.661  0.849E+00  0.849E+00  0.305E-02  0.305E-02  0.277E+00  0.277E+00  0.277E+00  0.277E+00  0.146E+00  0.146E+00  0.146E+00  0.146E+00
  -3.611  0.191E+00  0.191E+00  0.242E-02  0.242E-02  0.420E-01  0.420E-01  0.420E-01  0.420E-01  0.522E-01  0.522E-01  0.522E-01  0.522E-01
  -3.561  0.177E+00  0.177E+00  0.218E-02  0.218E-02  0.373E-01  0.373E-01  0.373E-01  0.373E-01  0.501E-01  0.501E-01  0.501E-01  0.501E-01
  -3.511  0.158E+00  0.158E+00  0.203E-02  0.203E-02  0.324E-01  0.324E-01  0.324E-01  0.324E-01  0.456E-01  0.456E-01  0.456E-01  0.456E-01
  -3.461  0.144E+00  0.144E+00  0.213E-02  0.213E-02  0.286E-01  0.286E-01  0.286E-01  0.286E-01  0.425E-01  0.425E-01  0.425E-01  0.425E-01
  -3.411  0.137E+00  0.137E+00  0.242E-02  0.242E-02  0.258E-01  0.258E-01  0.258E-01  0.258E-01  0.413E-01  0.413E-01  0.413E-01  0.413E-01
  -3.361  0.130E+00  0.130E+00  0.340E-02  0.340E-02  0.230E-01  0.230E-01  0.230E-01  0.230E-01  0.401E-01  0.401E-01  0.401E-01  0.401E-01
  -3.311  0.603E+00  0.603E+00  0.469E+00  0.469E+00  0.196E-01  0.196E-01  0.196E-01  0.196E-01  0.474E-01  0.474E-01  0.474E-01  0.474E-01
  -3.261  0.691E+00  0.691E+00  0.525E+00  0.525E+00  0.169E-01  0.169E-01  0.169E-01  0.169E-01  0.662E-01  0.662E-01  0.662E-01  0.662E-01
  -3.211  0.882E+00  0.882E+00  0.641E+00  0.641E+00  0.165E-01  0.165E-01  0.165E-01  0.165E-01  0.104E+00  0.104E+00  0.104E+00  0.104E+00
  -3.161  0.995E+00  0.995E+00  0.681E+00  0.681E+00  0.149E-01  0.149E-01  0.149E-01  0.149E-01  0.142E+00  0.142E+00  0.142E+00  0.142E+00
  -3.111  0.193E+01  0.193E+01  0.946E+00  0.946E+00  0.910E-01  0.910E-01  0.910E-01  0.910E-01  0.402E+00  0.402E+00  0.402E+00  0.402E+00
  -3.061  0.619E+01  0.619E+01  0.120E+01  0.120E+01  0.888E+00  0.888E+00  0.888E+00  0.888E+00  0.161E+01  0.161E+01  0.161E+01  0.161E+01
  -3.011  0.240E+01  0.240E+01  0.516E+00  0.516E+00  0.361E+00  0.361E+00  0.361E+00  0.361E+00  0.578E+00  0.578E+00  0.578E+00  0.578E+00
  -2.961  0.883E+00  0.883E+00  0.210E+00  0.210E+00  0.143E+00  0.143E+00  0.143E+00  0.143E+00  0.193E+00  0.193E+00  0.193E+00  0.193E+00
  -2.911  0.794E+00  0.794E+00  0.228E+00  0.228E+00  0.140E+00  0.140E+00  0.140E+00  0.140E+00  0.144E+00  0.144E+00  0.144E+00  0.144E+00
  -2.861  0.569E+00  0.569E+00  0.198E+00  0.198E+00  0.841E-01  0.841E-01  0.841E-01  0.841E-01  0.102E+00  0.102E+00  0.102E+00  0.102E+00
  -2.811  0.415E+00  0.415E+00  0.173E+00  0.173E+00  0.463E-01  0.463E-01  0.463E-01  0.463E-01  0.745E-01  0.745E-01  0.745E-01  0.745E-01
  -2.761  0.354E+00  0.354E+00  0.162E+00  0.162E+00  0.317E-01  0.317E-01  0.317E-01  0.317E-01  0.640E-01  0.640E-01  0.640E-01  0.640E-01
  -2.711  0.311E+00  0.311E+00  0.152E+00  0.152E+00  0.245E-01  0.245E-01  0.245E-01  0.245E-01  0.548E-01  0.548E-01  0.548E-01  0.548E-01
  -2.661  0.276E+00  0.276E+00  0.138E+00  0.138E+00  0.189E-01  0.189E-01  0.189E-01  0.189E-01  0.503E-01  0.503E-01  0.503E-01  0.503E-01
  -2.611  0.261E+00  0.261E+00  0.131E+00  0.131E+00  0.165E-01  0.165E-01  0.165E-01  0.165E-01  0.484E-01  0.484E-01  0.484E-01  0.484E-01
  -2.561  0.249E+00  0.249E+00  0.124E+00  0.124E+00  0.159E-01  0.159E-01  0.159E-01  0.159E-01  0.467E-01  0.467E-01  0.467E-01  0.467E-01
  -2.511  0.243E+00  0.243E+00  0.116E+00  0.116E+00  0.167E-01  0.167E-01  0.167E-01  0.167E-01  0.470E-01  0.470E-01  0.470E-01  0.470E-01
  -2.461  0.243E+00  0.243E+00  0.111E+00  0.111E+00  0.179E-01  0.179E-01  0.179E-01  0.179E-01  0.479E-01  0.479E-01  0.479E-01  0.479E-01
  -2.411  0.245E+00  0.245E+00  0.108E+00  0.108E+00  0.189E-01  0.189E-01  0.189E-01  0.189E-01  0.499E-01  0.499E-01  0.499E-01  0.499E-01
  -2.361  0.247E+00  0.247E+00  0.107E+00  0.107E+00  0.198E-01  0.198E-01  0.198E-01  0.198E-01  0.502E-01  0.502E-01  0.502E-01  0.502E-01
  -2.311  0.279E+00  0.279E+00  0.114E+00  0.114E+00  0.272E-01  0.272E-01  0.272E-01  0.272E-01  0.552E-01  0.552E-01  0.552E-01  0.552E-01
  -2.261  0.341E+00  0.341E+00  0.138E+00  0.138E+00  0.382E-01  0.382E-01  0.382E-01  0.382E-01  0.633E-01  0.633E-01  0.633E-01  0.633E-01
  -2.211  0.990E+00  0.991E+00  0.452E+00  0.452E+00  0.133E+00  0.133E+00  0.133E+00  0.133E+00  0.137E+00  0.137E+00  0.137E+00  0.137E+00
  -2.161  0.633E+00  0.633E+00  0.256E+00  0.256E+00  0.740E-01  0.741E-01  0.740E-01  0.741E-01  0.115E+00  0.115E+00  0.115E+00  0.115E+00
  -2.111  0.610E+00  0.610E+00  0.248E+00  0.248E+00  0.637E-01  0.637E-01  0.637E-01  0.637E-01  0.118E+00  0.118E+00  0.118E+00  0.118E+00
  -2.061  0.527E+00  0.527E+00  0.150E+00  0.150E+00  0.637E-01  0.637E-01  0.637E-01  0.637E-01  0.125E+00  0.125E+00  0.125E+00  0.125E+00
  -2.011  0.562E+00  0.562E+00  0.144E+00  0.144E+00  0.713E-01  0.712E-01  0.713E-01  0.712E-01  0.138E+00  0.138E+00  0.138E+00  0.138E+00
  -1.961  0.446E+00  0.446E+00  0.138E+00  0.138E+00  0.517E-01  0.517E-01  0.517E-01  0.517E-01  0.102E+00  0.102E+00  0.102E+00  0.102E+00
  -1.911  0.372E+00  0.372E+00  0.127E+00  0.127E+00  0.402E-01  0.402E-01  0.402E-01  0.402E-01  0.824E-01  0.824E-01  0.824E-01  0.824E-01
  -1.861  0.347E+00  0.347E+00  0.126E+00  0.126E+00  0.361E-01  0.360E-01  0.361E-01  0.360E-01  0.745E-01  0.745E-01  0.745E-01  0.745E-01
  -1.811  0.362E+00  0.362E+00  0.124E+00  0.124E+00  0.397E-01  0.397E-01  0.397E-01  0.397E-01  0.791E-01  0.791E-01  0.791E-01  0.791E-01
  -1.761  0.452E+00  0.452E+00  0.122E+00  0.122E+00  0.622E-01  0.622E-01  0.622E-01  0.622E-01  0.103E+00  0.103E+00  0.103E+00  0.103E+00
  -1.711  0.596E+00  0.596E+00  0.121E+00  0.121E+00  0.967E-01  0.967E-01  0.967E-01  0.967E-01  0.140E+00  0.140E+00  0.140E+00  0.140E+00
  -1.661  0.484E+00  0.484E+00  0.120E+00  0.120E+00  0.697E-01  0.697E-01  0.697E-01  0.697E-01  0.112E+00  0.112E+00  0.112E+00  0.112E+00
  -1.611  0.450E+00  0.450E+00  0.119E+00  0.119E+00  0.620E-01  0.620E-01  0.620E-01  0.620E-01  0.104E+00  0.104E+00  0.104E+00  0.104E+00
  -1.561  0.429E+00  0.429E+00  0.122E+00  0.122E+00  0.562E-01  0.562E-01  0.562E-01  0.562E-01  0.970E-01  0.970E-01  0.970E-01  0.970E-01
  -1.511  0.407E+00  0.407E+00  0.122E+00  0.122E+00  0.516E-01  0.516E-01  0.516E-01  0.516E-01  0.910E-01  0.910E-01  0.910E-01  0.910E-01
  -1.461  0.397E+00  0.397E+00  0.122E+00  0.122E+00  0.499E-01  0.499E-01  0.499E-01  0.499E-01  0.875E-01  0.875E-01  0.875E-01  0.875E-01
  -1.411  0.383E+00  0.383E+00  0.125E+00  0.125E+00  0.463E-01  0.463E-01  0.463E-01  0.463E-01  0.828E-01  0.828E-01  0.828E-01  0.828E-01
  -1.361  0.374E+00  0.374E+00  0.126E+00  0.126E+00  0.442E-01  0.442E-01  0.442E-01  0.442E-01  0.796E-01  0.796E-01  0.796E-01  0.796E-01
  -1.311  0.365E+00  0.365E+00  0.127E+00  0.127E+00  0.421E-01  0.421E-01  0.421E-01  0.421E-01  0.771E-01  0.771E-01  0.771E-01  0.771E-01
  -1.261  0.368E+00  0.368E+00  0.133E+00  0.133E+00  0.418E-01  0.418E-01  0.418E-01  0.418E-01  0.754E-01  0.754E-01  0.754E-01  0.754E-01
  -1.211  0.355E+00  0.355E+00  0.134E+00  0.134E+00  0.396E-01  0.396E-01  0.396E-01  0.396E-01  0.710E-01  0.710E-01  0.710E-01  0.710E-01
  -1.161  0.365E+00  0.365E+00  0.146E+00  0.146E+00  0.389E-01  0.389E-01  0.389E-01  0.389E-01  0.706E-01  0.706E-01  0.706E-01  0.706E-01
  -1.111  0.405E+00  0.405E+00  0.171E+00  0.171E+00  0.402E-01  0.402E-01  0.402E-01  0.402E-01  0.768E-01  0.768E-01  0.768E-01  0.768E-01
  -1.061  0.175E+00  0.175E+00  0.186E-01  0.186E-01  0.328E-01  0.328E-01  0.328E-01  0.328E-01  0.456E-01  0.456E-01  0.456E-01  0.456E-01
  -1.011  0.309E+00  0.309E+00  0.159E+00  0.159E+00  0.350E-01  0.350E-01  0.350E-01  0.350E-01  0.398E-01  0.398E-01  0.398E-01  0.398E-01
  -0.961  0.346E+00  0.346E+00  0.109E+00  0.109E+00  0.409E-01  0.409E-01  0.409E-01  0.409E-01  0.779E-01  0.779E-01  0.779E-01  0.779E-01
  -0.911  0.227E+00  0.227E+00  0.386E-01  0.386E-01  0.340E-01  0.340E-01  0.340E-01  0.340E-01  0.604E-01  0.604E-01  0.604E-01  0.604E-01
  -0.861  0.000E+00  0.000E+00  0.000E+00  0.000E+00  0.000E+00  0.000E+00  0.000E+00  0.000E+00  0.000E+00  0.000E+00  0.000E+00  0.000E+00
  -0.811  0.000E+00  0.000E+00  0.000E+00  0.000E+00  0.000E+00  0.000E+00  0.000E+00  0.000E+00  0.000E+00  0.000E+00  0.000E+00  0.000E+00
  -0.761  0.000E+00  0.000E+00  0.000E+00  0.000E+00  0.000E+00  0.000E+00  0.000E+00  0.000E+00  0.000E+00  0.000E+00  0.000E+00  0.000E+00
  -0.711  0.000E+00  0.000E+00  0.000E+00  0.000E+00  0.000E+00  0.000E+00  0.000E+00  0.000E+00  0.000E+00  0.000E+00  0.000E+00  0.000E+00
  -0.661  0.000E+00  0.000E+00  0.000E+00  0.000E+00  0.000E+00  0.000E+00  0.000E+00  0.000E+00  0.000E+00  0.000E+00  0.000E+00  0.000E+00
  -0.611  0.000E+00  0.000E+00  0.000E+00  0.000E+00  0.000E+00  0.000E+00  0.000E+00  0.000E+00  0.000E+00  0.000E+00  0.000E+00  0.000E+00
  -0.561  0.000E+00  0.000E+00  0.000E+00  0.000E+00  0.000E+00  0.000E+00  0.000E+00  0.000E+00  0.000E+00  0.000E+00  0.000E+00  0.000E+00
  -0.511  0.000E+00  0.000E+00  0.000E+00  0.000E+00  0.000E+00  0.000E+00  0.000E+00  0.000E+00  0.000E+00  0.000E+00  0.000E+00  0.000E+00
  -0.461  0.000E+00  0.000E+00  0.000E+00  0.000E+00  0.000E+00  0.000E+00  0.000E+00  0.000E+00  0.000E+00  0.000E+00  0.000E+00  0.000E+00
  -0.411  0.000E+00  0.000E+00  0.000E+00  0.000E+00  0.000E+00  0.000E+00  0.000E+00  0.000E+00  0.000E+00  0.000E+00  0.000E+00  0.000E+00
  -0.361  0.000E+00  0.000E+00  0.000E+00  0.000E+00  0.000E+00  0.000E+00  0.000E+00  0.000E+00  0.000E+00  0.000E+00  0.000E+00  0.000E+00
  -0.311  0.000E+00  0.000E+00  0.000E+00  0.000E+00  0.000E+00  0.000E+00  0.000E+00  0.000E+00  0.000E+00  0.000E+00  0.000E+00  0.000E+00
  -0.261  0.000E+00  0.000E+00  0.000E+00  0.000E+00  0.000E+00  0.000E+00  0.000E+00  0.000E+00  0.000E+00  0.000E+00  0.000E+00  0.000E+00
  -0.211  0.000E+00  0.000E+00  0.000E+00  0.000E+00  0.000E+00  0.000E+00  0.000E+00  0.000E+00  0.000E+00  0.000E+00  0.000E+00  0.000E+00
  -0.161  0.000E+00  0.000E+00  0.000E+00  0.000E+00  0.000E+00  0.000E+00  0.000E+00  0.000E+00  0.000E+00  0.000E+00  0.000E+00  0.000E+00
  -0.111  0.000E+00  0.000E+00  0.000E+00  0.000E+00  0.000E+00  0.000E+00  0.000E+00  0.000E+00  0.000E+00  0.000E+00  0.000E+00  0.000E+00
  -0.061  0.000E+00  0.000E+00  0.000E+00  0.000E+00  0.000E+00  0.000E+00  0.000E+00  0.000E+00  0.000E+00  0.000E+00  0.000E+00  0.000E+00
  -0.011  0.000E+00  0.000E+00  0.000E+00  0.000E+00  0.000E+00  0.000E+00  0.000E+00  0.000E+00  0.000E+00  0.000E+00  0.000E+00  0.000E+00
   0.039  0.000E+00  0.000E+00  0.000E+00  0.000E+00  0.000E+00  0.000E+00  0.000E+00  0.000E+00  0.000E+00  0.000E+00  0.000E+00  0.000E+00
   0.089  0.000E+00  0.000E+00  0.000E+00  0.000E+00  0.000E+00  0.000E+00  0.000E+00  0.000E+00  0.000E+00  0.000E+00  0.000E+00  0.000E+00
   0.139  0.000E+00  0.000E+00  0.000E+00  0.000E+00  0.000E+00  0.000E+00  0.000E+00  0.000E+00  0.000E+00  0.000E+00  0.000E+00  0.000E+00
   0.189  0.000E+00  0.000E+00  0.000E+00  0.000E+00  0.000E+00  0.000E+00  0.000E+00  0.000E+00  0.000E+00  0.000E+00  0.000E+00  0.000E+00
   0.239  0.000E+00  0.000E+00  0.000E+00  0.000E+00  0.000E+00  0.000E+00  0.000E+00  0.000E+00  0.000E+00  0.000E+00  0.000E+00  0.000E+00
   0.289  0.000E+00  0.000E+00  0.000E+00  0.000E+00  0.000E+00  0.000E+00  0.000E+00  0.000E+00  0.000E+00  0.000E+00  0.000E+00  0.000E+00
   0.339  0.000E+00  0.000E+00  0.000E+00  0.000E+00  0.000E+00  0.000E+00  0.000E+00  0.000E+00  0.000E+00  0.000E+00  0.000E+00  0.000E+00
   0.389  0.000E+00  0.000E+00  0.000E+00  0.000E+00  0.000E+00  0.000E+00  0.000E+00  0.000E+00  0.000E+00  0.000E+00  0.000E+00  0.000E+00
   0.439  0.000E+00  0.000E+00  0.000E+00  0.000E+00  0.000E+00  0.000E+00  0.000E+00  0.000E+00  0.000E+00  0.000E+00  0.000E+00  0.000E+00
   0.489  0.115E+00  0.115E+00  0.533E-02  0.533E-02  0.235E-01  0.235E-01  0.235E-01  0.235E-01  0.314E-01  0.314E-01  0.314E-01  0.314E-01
   0.539  0.176E+00  0.176E+00  0.748E-02  0.748E-02  0.372E-01  0.372E-01  0.372E-01  0.372E-01  0.472E-01  0.472E-01  0.472E-01  0.472E-01
   0.589  0.204E+00  0.204E+00  0.801E-02  0.801E-02  0.442E-01  0.442E-01  0.442E-01  0.442E-01  0.537E-01  0.537E-01  0.537E-01  0.537E-01
   0.639  0.225E+00  0.225E+00  0.803E-02  0.803E-02  0.505E-01  0.505E-01  0.505E-01  0.505E-01  0.581E-01  0.581E-01  0.581E-01  0.581E-01
   0.689  0.598E+00  0.598E+00  0.220E-01  0.220E-01  0.194E+00  0.194E+00  0.194E+00  0.194E+00  0.937E-01  0.937E-01  0.937E-01  0.937E-01
   0.739  0.690E+00  0.690E+00  0.216E-01  0.216E-01  0.222E+00  0.222E+00  0.222E+00  0.222E+00  0.113E+00  0.113E+00  0.113E+00  0.113E+00
   0.789  0.114E+01  0.114E+01  0.387E-01  0.387E-01  0.374E+00  0.374E+00  0.374E+00  0.374E+00  0.175E+00  0.175E+00  0.175E+00  0.175E+00
   0.839  0.488E+00  0.488E+00  0.156E-01  0.156E-01  0.159E+00  0.159E+00  0.159E+00  0.159E+00  0.773E-01  0.773E-01  0.773E-01  0.773E-01
   0.889  0.346E+00  0.346E+00  0.122E-01  0.122E-01  0.110E+00  0.110E+00  0.110E+00  0.110E+00  0.568E-01  0.568E-01  0.568E-01  0.568E-01
   0.939  0.304E+00  0.304E+00  0.105E-01  0.105E-01  0.936E-01  0.936E-01  0.936E-01  0.936E-01  0.529E-01  0.529E-01  0.529E-01  0.529E-01
   0.989  0.333E+00  0.333E+00  0.101E-01  0.101E-01  0.103E+00  0.103E+00  0.103E+00  0.103E+00  0.585E-01  0.585E-01  0.585E-01  0.585E-01
   1.039  0.365E+00  0.365E+00  0.102E-01  0.102E-01  0.113E+00  0.113E+00  0.113E+00  0.113E+00  0.641E-01  0.641E-01  0.641E-01  0.641E-01
   1.089  0.403E+00  0.403E+00  0.100E-01  0.100E-01  0.125E+00  0.125E+00  0.125E+00  0.125E+00  0.719E-01  0.719E-01  0.719E-01  0.719E-01
   1.139  0.442E+00  0.442E+00  0.104E-01  0.104E-01  0.136E+00  0.136E+00  0.136E+00  0.136E+00  0.796E-01  0.796E-01  0.796E-01  0.796E-01
   1.189  0.525E+00  0.525E+00  0.112E-01  0.112E-01  0.161E+00  0.161E+00  0.161E+00  0.161E+00  0.956E-01  0.956E-01  0.956E-01  0.956E-01
   1.239  0.626E+00  0.626E+00  0.127E-01  0.127E-01  0.191E+00  0.191E+00  0.191E+00  0.191E+00  0.116E+00  0.116E+00  0.116E+00  0.116E+00
   1.289  0.108E+01  0.108E+01  0.166E-01  0.166E-01  0.331E+00  0.331E+00  0.331E+00  0.331E+00  0.200E+00  0.200E+00  0.200E+00  0.200E+00
   1.339  0.687E+00  0.687E+00  0.202E-01  0.202E-01  0.204E+00  0.204E+00  0.204E+00  0.204E+00  0.129E+00  0.129E+00  0.129E+00  0.129E+00
   1.389  0.626E+00  0.626E+00  0.228E-01  0.228E-01  0.184E+00  0.184E+00  0.184E+00  0.184E+00  0.118E+00  0.118E+00  0.118E+00  0.118E+00
   1.439  0.661E+00  0.675E+00  0.288E-01  0.291E-01  0.190E+00  0.195E+00  0.190E+00  0.195E+00  0.127E+00  0.128E+00  0.127E+00  0.128E+00
   1.489  0.314E+00  0.314E+00  0.152E-02  0.152E-02  0.106E+00  0.106E+00  0.106E+00  0.106E+00  0.502E-01  0.502E-01  0.502E-01  0.502E-01
   1.539  0.329E+00  0.329E+00  0.996E-03  0.996E-03  0.112E+00  0.112E+00  0.112E+00  0.112E+00  0.515E-01  0.515E-01  0.515E-01  0.515E-01
   1.589  0.421E+00  0.421E+00  0.485E-03  0.485E-03  0.145E+00  0.145E+00  0.145E+00  0.145E+00  0.655E-01  0.655E-01  0.655E-01  0.655E-01
   1.639  0.474E+00  0.474E+00  0.266E-03  0.266E-03  0.164E+00  0.164E+00  0.164E+00  0.164E+00  0.726E-01  0.726E-01  0.726E-01  0.726E-01
   1.689  0.350E+00  0.350E+00  0.155E-03  0.155E-03  0.122E+00  0.122E+00  0.122E+00  0.122E+00  0.528E-01  0.528E-01  0.528E-01  0.528E-01
   1.739  0.341E+00  0.341E+00  0.860E-04  0.860E-04  0.124E+00  0.124E+00  0.124E+00  0.124E+00  0.462E-01  0.462E-01  0.462E-01  0.462E-01
   1.789  0.101E+00  0.101E+00  0.470E-04  0.470E-04  0.189E-01  0.189E-01  0.189E-01  0.189E-01  0.317E-01  0.317E-01  0.317E-01  0.317E-01
   1.839  0.857E-01  0.857E-01  0.282E-04  0.282E-04  0.151E-01  0.151E-01  0.151E-01  0.151E-01  0.277E-01  0.277E-01  0.277E-01  0.277E-01
   1.889  0.877E-01  0.877E-01  0.180E-04  0.180E-04  0.148E-01  0.148E-01  0.148E-01  0.148E-01  0.291E-01  0.291E-01  0.291E-01  0.291E-01
   1.939  0.746E-01  0.746E-01  0.612E-05  0.613E-05  0.119E-01  0.119E-01  0.119E-01  0.119E-01  0.254E-01  0.254E-01  0.254E-01  0.254E-01
   1.989  0.562E-01  0.562E-01  0.615E-06  0.616E-06  0.862E-02  0.862E-02  0.862E-02  0.862E-02  0.195E-01  0.195E-01  0.195E-01  0.195E-01
   2.039  0.000E+00  0.000E+00  0.000E+00  0.000E+00  0.000E+00  0.000E+00  0.000E+00  0.000E+00  0.000E+00  0.000E+00  0.000E+00  0.000E+00
   2.089  0.000E+00  0.000E+00  0.000E+00  0.000E+00  0.000E+00  0.000E+00  0.000E+00  0.000E+00  0.000E+00  0.000E+00  0.000E+00  0.000E+00
   2.139  0.000E+00  0.000E+00  0.000E+00  0.000E+00  0.000E+00  0.000E+00  0.000E+00  0.000E+00  0.000E+00  0.000E+00  0.000E+00  0.000E+00
   2.189  0.000E+00  0.000E+00  0.000E+00  0.000E+00  0.000E+00  0.000E+00  0.000E+00  0.000E+00  0.000E+00  0.000E+00  0.000E+00  0.000E+00
   2.239  0.000E+00  0.000E+00  0.000E+00  0.000E+00  0.000E+00  0.000E+00  0.000E+00  0.000E+00  0.000E+00  0.000E+00  0.000E+00  0.000E+00
   2.289  0.000E+00  0.000E+00  0.000E+00  0.000E+00  0.000E+00  0.000E+00  0.000E+00  0.000E+00  0.000E+00  0.000E+00  0.000E+00  0.000E+00
   2.339  0.000E+00  0.000E+00  0.000E+00  0.000E+00  0.000E+00  0.000E+00  0.000E+00  0.000E+00  0.000E+00  0.000E+00  0.000E+00  0.000E+00
   2.389  0.000E+00  0.000E+00  0.000E+00  0.000E+00  0.000E+00  0.000E+00  0.000E+00  0.000E+00  0.000E+00  0.000E+00  0.000E+00  0.000E+00
   2.439  0.000E+00  0.000E+00  0.000E+00  0.000E+00  0.000E+00  0.000E+00  0.000E+00  0.000E+00  0.000E+00  0.000E+00  0.000E+00  0.000E+00
   2.489  0.000E+00  0.000E+00  0.000E+00  0.000E+00  0.000E+00  0.000E+00  0.000E+00  0.000E+00  0.000E+00  0.000E+00  0.000E+00  0.000E+00
   2.539  0.000E+00  0.000E+00  0.000E+00  0.000E+00  0.000E+00  0.000E+00  0.000E+00  0.000E+00  0.000E+00  0.000E+00  0.000E+00  0.000E+00
   2.589  0.000E+00  0.000E+00  0.000E+00  0.000E+00  0.000E+00  0.000E+00  0.000E+00  0.000E+00  0.000E+00  0.000E+00  0.000E+00  0.000E+00
   2.639  0.000E+00  0.000E+00  0.000E+00  0.000E+00  0.000E+00  0.000E+00  0.000E+00  0.000E+00  0.000E+00  0.000E+00  0.000E+00  0.000E+00
   2.689  0.000E+00  0.000E+00  0.000E+00  0.000E+00  0.000E+00  0.000E+00  0.000E+00  0.000E+00  0.000E+00  0.000E+00  0.000E+00  0.000E+00
   2.739  0.000E+00  0.000E+00  0.000E+00  0.000E+00  0.000E+00  0.000E+00  0.000E+00  0.000E+00  0.000E+00  0.000E+00  0.000E+00  0.000E+00
   2.789  0.000E+00  0.000E+00  0.000E+00  0.000E+00  0.000E+00  0.000E+00  0.000E+00  0.000E+00  0.000E+00  0.000E+00  0.000E+00  0.000E+00
   2.839  0.000E+00  0.000E+00  0.000E+00  0.000E+00  0.000E+00  0.000E+00  0.000E+00  0.000E+00  0.000E+00  0.000E+00  0.000E+00  0.000E+00
   2.889  0.000E+00  0.000E+00  0.000E+00  0.000E+00  0.000E+00  0.000E+00  0.000E+00  0.000E+00  0.000E+00  0.000E+00  0.000E+00  0.000E+00
   2.939  0.000E+00  0.000E+00  0.000E+00  0.000E+00  0.000E+00  0.000E+00  0.000E+00  0.000E+00  0.000E+00  0.000E+00  0.000E+00  0.000E+00
   2.989  0.000E+00  0.000E+00  0.000E+00  0.000E+00  0.000E+00  0.000E+00  0.000E+00  0.000E+00  0.000E+00  0.000E+00  0.000E+00  0.000E+00
   3.039  0.000E+00  0.000E+00  0.000E+00  0.000E+00  0.000E+00  0.000E+00  0.000E+00  0.000E+00  0.000E+00  0.000E+00  0.000E+00  0.000E+00
   3.089  0.000E+00  0.000E+00  0.000E+00  0.000E+00  0.000E+00  0.000E+00  0.000E+00  0.000E+00  0.000E+00  0.000E+00  0.000E+00  0.000E+00
   3.139  0.000E+00  0.000E+00  0.000E+00  0.000E+00  0.000E+00  0.000E+00  0.000E+00  0.000E+00  0.000E+00  0.000E+00  0.000E+00  0.000E+00
   3.189  0.000E+00  0.000E+00  0.000E+00  0.000E+00  0.000E+00  0.000E+00  0.000E+00  0.000E+00  0.000E+00  0.000E+00  0.000E+00  0.000E+00
   3.239  0.000E+00  0.000E+00  0.000E+00  0.000E+00  0.000E+00  0.000E+00  0.000E+00  0.000E+00  0.000E+00  0.000E+00  0.000E+00  0.000E+00
   3.289  0.000E+00  0.000E+00  0.000E+00  0.000E+00  0.000E+00  0.000E+00  0.000E+00  0.000E+00  0.000E+00  0.000E+00  0.000E+00  0.000E+00
   3.339  0.000E+00  0.000E+00  0.000E+00  0.000E+00  0.000E+00  0.000E+00  0.000E+00  0.000E+00  0.000E+00  0.000E+00  0.000E+00  0.000E+00
   3.389  0.000E+00  0.000E+00  0.000E+00  0.000E+00  0.000E+00  0.000E+00  0.000E+00  0.000E+00  0.000E+00  0.000E+00  0.000E+00  0.000E+00
   3.439  0.000E+00  0.000E+00  0.000E+00  0.000E+00  0.000E+00  0.000E+00  0.000E+00  0.000E+00  0.000E+00  0.000E+00  0.000E+00  0.000E+00
   3.489  0.000E+00  0.000E+00  0.000E+00  0.000E+00  0.000E+00  0.000E+00  0.000E+00  0.000E+00  0.000E+00  0.000E+00  0.000E+00  0.000E+00
   3.539  0.000E+00  0.000E+00  0.000E+00  0.000E+00  0.000E+00  0.000E+00  0.000E+00  0.000E+00  0.000E+00  0.000E+00  0.000E+00  0.000E+00
   3.589  0.412E-03  0.412E-03  0.411E-03  0.411E-03  0.471E-06  0.471E-06  0.471E-06  0.471E-06  0.576E-07  0.576E-07  0.576E-07  0.576E-07
   3.639  0.349E-03  0.349E-03  0.343E-03  0.343E-03  0.284E-05  0.284E-05  0.284E-05  0.284E-05  0.310E-06  0.310E-06  0.310E-06  0.310E-06
   3.689  0.353E-03  0.353E-03  0.338E-03  0.338E-03  0.691E-05  0.691E-05  0.691E-05  0.691E-05  0.594E-06  0.594E-06  0.594E-06  0.594E-06
   3.739  0.285E-03  0.285E-03  0.261E-03  0.261E-03  0.113E-04  0.113E-04  0.113E-04  0.113E-04  0.779E-06  0.779E-06  0.779E-06  0.779E-06
   3.789  0.269E-03  0.269E-03  0.230E-03  0.230E-03  0.183E-04  0.183E-04  0.183E-04  0.183E-04  0.108E-05  0.108E-05  0.108E-05  0.108E-05
   3.839  0.175E-01  0.175E-01  0.265E-03  0.265E-03  0.247E-03  0.247E-03  0.247E-03  0.247E-03  0.836E-02  0.836E-02  0.836E-02  0.836E-02
   3.889  0.121E-01  0.121E-01  0.195E-03  0.195E-03  0.242E-03  0.242E-03  0.242E-03  0.242E-03  0.572E-02  0.572E-02  0.572E-02  0.572E-02
   3.939  0.122E-01  0.122E-01  0.168E-03  0.168E-03  0.299E-03  0.299E-03  0.299E-03  0.299E-03  0.572E-02  0.572E-02  0.572E-02  0.572E-02
   3.989  0.944E-02  0.944E-02  0.133E-03  0.133E-03  0.304E-03  0.304E-03  0.304E-03  0.304E-03  0.435E-02  0.435E-02  0.435E-02  0.435E-02
   4.039  0.894E-02  0.894E-02  0.117E-03  0.117E-03  0.337E-03  0.337E-03  0.337E-03  0.337E-03  0.408E-02  0.408E-02  0.408E-02  0.408E-02
   4.089  0.854E-02  0.854E-02  0.110E-03  0.110E-03  0.357E-03  0.357E-03  0.357E-03  0.357E-03  0.386E-02  0.386E-02  0.386E-02  0.386E-02
   4.139  0.773E-02  0.773E-02  0.107E-03  0.107E-03  0.380E-03  0.380E-03  0.380E-03  0.380E-03  0.343E-02  0.343E-02  0.343E-02  0.343E-02
   4.189  0.743E-02  0.743E-02  0.114E-03  0.114E-03  0.412E-03  0.412E-03  0.412E-03  0.412E-03  0.325E-02  0.325E-02  0.325E-02  0.325E-02
   4.239  0.724E-02  0.724E-02  0.127E-03  0.127E-03  0.441E-03  0.441E-03  0.441E-03  0.441E-03  0.311E-02  0.311E-02  0.311E-02  0.311E-02
   4.289  0.701E-02  0.701E-02  0.143E-03  0.143E-03  0.456E-03  0.456E-03  0.456E-03  0.456E-03  0.298E-02  0.298E-02  0.298E-02  0.298E-02
   4.339  0.682E-02  0.682E-02  0.170E-03  0.170E-03  0.481E-03  0.481E-03  0.481E-03  0.481E-03  0.284E-02  0.284E-02  0.284E-02  0.284E-02
   4.389  0.669E-02  0.669E-02  0.204E-03  0.204E-03  0.507E-03  0.507E-03  0.507E-03  0.507E-03  0.274E-02  0.274E-02  0.274E-02  0.274E-02
   4.439  0.663E-02  0.663E-02  0.243E-03  0.243E-03  0.534E-03  0.534E-03  0.534E-03  0.534E-03  0.266E-02  0.266E-02  0.266E-02  0.266E-02
   4.489  0.656E-02  0.656E-02  0.286E-03  0.286E-03  0.552E-03  0.552E-03  0.552E-03  0.552E-03  0.259E-02  0.259E-02  0.259E-02  0.259E-02
   4.539  0.660E-02  0.660E-02  0.344E-03  0.344E-03  0.584E-03  0.584E-03  0.584E-03  0.584E-03  0.254E-02  0.254E-02  0.254E-02  0.254E-02
   4.589  0.672E-02  0.672E-02  0.419E-03  0.419E-03  0.613E-03  0.613E-03  0.613E-03  0.613E-03  0.254E-02  0.254E-02  0.254E-02  0.254E-02
   4.639  0.681E-02  0.681E-02  0.527E-03  0.527E-03  0.634E-03  0.634E-03  0.634E-03  0.634E-03  0.251E-02  0.251E-02  0.251E-02  0.251E-02
   4.689  0.790E-02  0.790E-02  0.113E-02  0.113E-02  0.799E-03  0.799E-03  0.799E-03  0.799E-03  0.259E-02  0.259E-02  0.259E-02  0.259E-02
   4.739  0.674E-02  0.674E-02  0.516E-03  0.516E-03  0.619E-03  0.619E-03  0.619E-03  0.619E-03  0.249E-02  0.249E-02  0.249E-02  0.249E-02
   4.789  0.679E-02  0.679E-02  0.502E-03  0.502E-03  0.595E-03  0.595E-03  0.595E-03  0.595E-03  0.255E-02  0.255E-02  0.255E-02  0.255E-02
   4.839  0.705E-02  0.705E-02  0.515E-03  0.515E-03  0.596E-03  0.596E-03  0.596E-03  0.596E-03  0.267E-02  0.267E-02  0.267E-02  0.267E-02
   4.889  0.772E-02  0.772E-02  0.575E-03  0.575E-03  0.735E-03  0.736E-03  0.735E-03  0.736E-03  0.284E-02  0.284E-02  0.284E-02  0.284E-02
   4.939  0.917E-02  0.917E-02  0.838E-03  0.839E-03  0.110E-02  0.110E-02  0.110E-02  0.110E-02  0.307E-02  0.307E-02  0.307E-02  0.307E-02
   4.989  0.113E-01  0.113E-01  0.115E-02  0.115E-02  0.140E-02  0.140E-02  0.140E-02  0.140E-02  0.369E-02  0.369E-02  0.369E-02  0.369E-02
   5.039  0.115E-01  0.115E-01  0.105E-02  0.105E-02  0.123E-02  0.123E-02  0.123E-02  0.123E-02  0.401E-02  0.401E-02  0.401E-02  0.401E-02
   5.089  0.127E-01  0.127E-01  0.111E-02  0.111E-02  0.120E-02  0.120E-02  0.120E-02  0.120E-02  0.461E-02  0.461E-02  0.461E-02  0.461E-02
   5.139  0.955E-02  0.955E-02  0.158E-02  0.158E-02  0.933E-03  0.933E-03  0.933E-03  0.933E-03  0.305E-02  0.305E-02  0.305E-02  0.305E-02
   5.189  0.113E-01  0.113E-01  0.691E-03  0.691E-03  0.107E-02  0.107E-02  0.107E-02  0.107E-02  0.424E-02  0.424E-02  0.424E-02  0.424E-02
   5.239  0.211E-02  0.211E-02  0.124E-03  0.124E-03  0.417E-03  0.417E-03  0.417E-03  0.417E-03  0.578E-03  0.578E-03  0.578E-03  0.578E-03
   5.289  0.224E-02  0.224E-02  0.166E-03  0.166E-03  0.417E-03  0.417E-03  0.417E-03  0.417E-03  0.619E-03  0.619E-03  0.619E-03  0.619E-03
   5.339  0.189E-02  0.189E-02  0.118E-03  0.118E-03  0.357E-03  0.357E-03  0.357E-03  0.357E-03  0.528E-03  0.528E-03  0.528E-03  0.528E-03
   5.389  0.125E-02  0.125E-02  0.605E-04  0.605E-04  0.357E-03  0.357E-03  0.357E-03  0.357E-03  0.236E-03  0.236E-03  0.236E-03  0.236E-03
   5.439  0.149E-02  0.149E-02  0.610E-04  0.610E-04  0.435E-03  0.435E-03  0.435E-03  0.435E-03  0.282E-03  0.282E-03  0.282E-03  0.282E-03
   5.489  0.174E-02  0.174E-02  0.601E-04  0.601E-04  0.511E-03  0.511E-03  0.511E-03  0.511E-03  0.329E-03  0.329E-03  0.329E-03  0.329E-03
   5.539  0.211E-02  0.211E-02  0.574E-04  0.574E-04  0.618E-03  0.618E-03  0.618E-03  0.618E-03  0.408E-03  0.408E-03  0.408E-03  0.408E-03
   5.589  0.316E-02  0.316E-02  0.577E-04  0.577E-04  0.826E-03  0.826E-03  0.826E-03  0.826E-03  0.724E-03  0.724E-03  0.724E-03  0.724E-03
   5.639  0.548E-02  0.547E-02  0.488E-04  0.488E-04  0.128E-02  0.128E-02  0.128E-02  0.128E-02  0.143E-02  0.143E-02  0.143E-02  0.143E-02
   5.689  0.309E-02  0.309E-02  0.383E-04  0.383E-04  0.679E-03  0.679E-03  0.679E-03  0.679E-03  0.845E-03  0.845E-03  0.845E-03  0.845E-03
   5.739  0.312E-02  0.312E-02  0.338E-04  0.338E-04  0.623E-03  0.623E-03  0.623E-03  0.623E-03  0.920E-03  0.919E-03  0.920E-03  0.919E-03
   5.789  0.273E-02  0.273E-02  0.284E-04  0.284E-04  0.516E-03  0.516E-03  0.516E-03  0.516E-03  0.834E-03  0.834E-03  0.834E-03  0.834E-03
   5.839  0.282E-02  0.282E-02  0.250E-04  0.251E-04  0.510E-03  0.511E-03  0.510E-03  0.511E-03  0.887E-03  0.887E-03  0.887E-03  0.887E-03
   5.889  0.268E-02  0.268E-02  0.180E-04  0.180E-04  0.439E-03  0.439E-03  0.439E-03  0.439E-03  0.894E-03  0.893E-03  0.894E-03  0.893E-03
   5.939  0.258E-02  0.258E-02  0.130E-04  0.130E-04  0.366E-03  0.366E-03  0.366E-03  0.366E-03  0.917E-03  0.917E-03  0.917E-03  0.917E-03
   5.989  0.245E-02  0.245E-02  0.914E-05  0.914E-05  0.304E-03  0.304E-03  0.304E-03  0.304E-03  0.914E-03  0.914E-03  0.914E-03  0.914E-03
   6.039  0.219E-02  0.219E-02  0.654E-05  0.654E-05  0.259E-03  0.259E-03  0.259E-03  0.259E-03  0.832E-03  0.832E-03  0.832E-03  0.832E-03
   6.089  0.193E-02  0.193E-02  0.497E-05  0.497E-05  0.230E-03  0.230E-03  0.230E-03  0.230E-03  0.734E-03  0.734E-03  0.734E-03  0.734E-03
   6.139  0.150E-02  0.150E-02  0.321E-05  0.321E-05  0.207E-03  0.207E-03  0.207E-03  0.207E-03  0.539E-03  0.539E-03  0.539E-03  0.539E-03
   6.189  0.130E-02  0.130E-02  0.213E-05  0.213E-05  0.206E-03  0.207E-03  0.206E-03  0.207E-03  0.444E-03  0.444E-03  0.444E-03  0.444E-03
   6.239  0.954E-03  0.954E-03  0.166E-05  0.166E-05  0.180E-03  0.180E-03  0.180E-03  0.180E-03  0.297E-03  0.297E-03  0.297E-03  0.297E-03
   6.289  0.761E-03  0.761E-03  0.216E-05  0.216E-05  0.165E-03  0.165E-03  0.165E-03  0.165E-03  0.214E-03  0.214E-03  0.214E-03  0.214E-03
   6.339  0.661E-03  0.661E-03  0.280E-05  0.280E-05  0.162E-03  0.162E-03  0.162E-03  0.162E-03  0.167E-03  0.167E-03  0.167E-03  0.167E-03
   6.389  0.527E-03  0.527E-03  0.342E-05  0.342E-05  0.159E-03  0.159E-03  0.159E-03  0.159E-03  0.103E-03  0.103E-03  0.103E-03  0.103E-03
   6.439  0.489E-03  0.489E-03  0.418E-05  0.418E-05  0.164E-03  0.164E-03  0.164E-03  0.164E-03  0.783E-04  0.783E-04  0.783E-04  0.783E-04
   6.489  0.459E-03  0.459E-03  0.520E-05  0.520E-05  0.172E-03  0.172E-03  0.172E-03  0.172E-03  0.552E-04  0.552E-04  0.552E-04  0.552E-04
   6.539  0.425E-03  0.425E-03  0.576E-05  0.576E-05  0.173E-03  0.173E-03  0.173E-03  0.173E-03  0.368E-04  0.368E-04  0.368E-04  0.368E-04
   6.589  0.387E-03  0.387E-03  0.529E-05  0.529E-05  0.168E-03  0.168E-03  0.168E-03  0.168E-03  0.232E-04  0.232E-04  0.232E-04  0.232E-04
   6.639  0.393E-03  0.393E-03  0.554E-05  0.554E-05  0.175E-03  0.175E-03  0.175E-03  0.175E-03  0.187E-04  0.187E-04  0.187E-04  0.187E-04
   6.689  0.415E-03  0.415E-03  0.604E-05  0.604E-05  0.188E-03  0.188E-03  0.188E-03  0.188E-03  0.161E-04  0.161E-04  0.161E-04  0.161E-04
   6.739  0.443E-03  0.443E-03  0.662E-05  0.662E-05  0.204E-03  0.204E-03  0.204E-03  0.204E-03  0.142E-04  0.142E-04  0.142E-04  0.142E-04
   6.789  0.472E-03  0.472E-03  0.717E-05  0.717E-05  0.219E-03  0.219E-03  0.219E-03  0.219E-03  0.130E-04  0.130E-04  0.130E-04  0.130E-04
   6.839  0.486E-03  0.486E-03  0.685E-05  0.686E-05  0.226E-03  0.226E-03  0.226E-03  0.226E-03  0.143E-04  0.143E-04  0.143E-04  0.143E-04
   6.889  0.545E-03  0.545E-03  0.760E-05  0.760E-05  0.249E-03  0.249E-03  0.249E-03  0.249E-03  0.199E-04  0.199E-04  0.199E-04  0.199E-04
   6.939  0.575E-03  0.575E-03  0.779E-05  0.779E-05  0.260E-03  0.260E-03  0.260E-03  0.260E-03  0.238E-04  0.238E-04  0.238E-04  0.238E-04
   6.989  0.579E-03  0.579E-03  0.741E-05  0.741E-05  0.260E-03  0.260E-03  0.260E-03  0.260E-03  0.261E-04  0.261E-04  0.261E-04  0.261E-04
   7.039  0.556E-03  0.556E-03  0.646E-05  0.647E-05  0.248E-03  0.248E-03  0.248E-03  0.248E-03  0.268E-04  0.268E-04  0.268E-04  0.268E-04
   7.089  0.357E-03  0.357E-03  0.801E-06  0.802E-06  0.160E-03  0.160E-03  0.160E-03  0.160E-03  0.187E-04  0.187E-04  0.187E-04  0.187E-04
   7.139  0.275E-03  0.275E-03  0.446E-06  0.446E-06  0.122E-03  0.122E-03  0.122E-03  0.122E-03  0.149E-04  0.149E-04  0.149E-04  0.149E-04
   7.189  0.187E-03  0.187E-03  0.194E-06  0.194E-06  0.830E-04  0.830E-04  0.830E-04  0.830E-04  0.104E-04  0.104E-04  0.104E-04  0.104E-04
   7.239  0.932E-04  0.932E-04  0.453E-07  0.453E-07  0.413E-04  0.412E-04  0.413E-04  0.412E-04  0.534E-05  0.534E-05  0.534E-05  0.534E-05
   7.289  0.000E+00  0.000E+00  0.000E+00  0.000E+00  0.000E+00  0.000E+00  0.000E+00  0.000E+00  0.000E+00  0.000E+00  0.000E+00  0.000E+00
