-5.000000000000000000e+01 1.080269384820026733e-02 1.923086583621222770e-02 1.078158877409692018e-02 1.931445799095592858e-02
-4.500000000000000000e+01 1.080929826000526575e-02 1.927321612593515393e-02 1.078097026194527880e-02 1.931097757953747357e-02
-4.000000000000000000e+01 1.080139620876689917e-02 1.927542161383201738e-02 1.078563906033482012e-02 1.932606633252705736e-02
-3.500000000000000000e+01 1.080597335092828466e-02 1.929064684577802904e-02 1.079818368920574048e-02 1.935170787503530734e-02
-3.000000000000000000e+01 1.081335198571980842e-02 1.928093359550893046e-02 1.080416439991604277e-02 1.934817677936132713e-02
-2.500000000000000000e+01 1.082106843022824158e-02 1.932182447021299140e-02 1.080495091702075687e-02 1.936343873395367579e-02
-2.000000000000000000e+01 1.082108777124532115e-02 1.931714873065704108e-02 1.080897625317225365e-02 1.937876126418735384e-02
-1.500000000000000000e+01 1.082430386289594260e-02 1.930547233197425772e-02 1.081301033337813029e-02 1.938837719826907655e-02
-1.000000000000000000e+01 1.082416701821546819e-02 1.929950063977574348e-02 1.081993501756129024e-02 1.939235992107703199e-02
-5.000000000000000000e+00 1.083421157657647564e-02 1.930754541505731031e-02 1.085490149787146988e-02 1.942245005763612586e-02
0.000000000000000000e+00 1.083188170853770400e-02 1.929590443169309361e-02 1.096287586333547989e-02 1.953856791139509455e-02
5.000000000000000000e+00 1.084105163160074305e-02 1.930685067814144965e-02 1.100683776635029594e-02 1.954815198685386918e-02
1.000000000000000000e+01 1.085544993497201266e-02 1.933965513160287863e-02 1.105988813837246662e-02 1.954199621488442520e-02
1.500000000000000000e+01 1.094695125295482539e-02 1.942940037207568221e-02 1.111568473927694763e-02 1.954270560204334969e-02
2.000000000000000000e+01 1.115394441879894415e-02 1.952129068089195063e-02 1.111436540509669509e-02 1.953828595995816750e-02
2.500000000000000000e+01 1.111940888716692229e-02 1.957074465576456868e-02 1.111988658877447779e-02 1.953500634107653566e-02
3.000000000000000000e+01 1.111842390923145629e-02 1.956656685137841273e-02 1.111133038410356925e-02 1.951284256456475505e-02
3.500000000000000000e+01 1.111612537789995712e-02 1.955287494516942323e-02 1.111063143189583782e-02 1.951217371855168414e-02
4.000000000000000000e+01 1.111707905255994444e-02 1.954631993314421071e-02 1.112574115779825686e-02 1.954559468688401441e-02
4.500000000000000000e+01 1.112792715684049819e-02 1.955502513820298049e-02 1.112316046489784938e-02 1.954092621286925013e-02
5.000000000000000000e+01 1.111666207014715135e-02 1.955035390912165938e-02 1.112184050010208737e-02 1.953922385197145312e-02
