-50								0.006148662									0.006118926
-45								0.006147946									0.006118922
-40								0.006141068									0.006120588
-35								0.006142638									0.006127244
-30								0.00615018									0.006132722
-25								0.0061506									0.006131142
-20								0.0061513									0.00613224
-15								0.006155676									0.00613418
-10								0.006156436									0.006139342
-5								0.006163592									0.006163948
0								0.006163362									0.006236536
5								0.006169368									0.006271604
10								0.006176514									0.006316514
15								0.006239294									0.006362698
20								0.00639757									0.00636225
25								0.006361686									0.00636731
30								0.00636148									0.006363454
35								0.006361576									0.006362972
40								0.006363326									0.006370618
45								0.006371052									0.00636916
50								0.00636239									0.006368314
