-50			0.0210799	0.02115956
-45			0.0211233	0.02115598
-40			0.02112411	0.02117185
-35			0.0211401	0.02119963
-30			0.02113171	0.02119716
-25			0.02117385	0.02121252
-20			0.02116919	0.02122851
-15			0.02115811	0.02123881
-10			0.02115213	0.021244
-5			0.02116192	0.02128016
0			0.0211499	0.02141496
5			0.02116243	0.02143225
10			0.02119768	0.02143544
15			0.02130328	0.02144596
20			0.02143133	0.02144132
25			0.02147458	0.02143902
30			0.02147024	0.02141541
35			0.02145618	0.02141462
40			0.02144981	0.02145061
45			0.0214604	0.0214455
50			0.02145376	0.02144357 
