# E (eV)  ldosup(E)  ldosdw(E) pdosup(E)  pdosdw(E)  pdosup(E)  pdosdw(E)  pdosup(E)  pdosdw(E) 
 -15.157  0.000E+00  0.000E+00  0.000E+00  0.000E+00  0.000E+00  0.000E+00  0.000E+00  0.000E+00
 -15.107  0.702E-02  0.000E+00  0.353E-02  0.000E+00  0.108E-02  0.000E+00  0.241E-02  0.000E+00
 -15.057  0.771E-02  0.000E+00  0.348E-02  0.000E+00  0.145E-02  0.000E+00  0.278E-02  0.000E+00
 -15.007  0.824E-02  0.304E-02  0.341E-02  0.180E-02  0.177E-02  0.294E-03  0.307E-02  0.952E-03
 -14.957  0.890E-02  0.710E-02  0.342E-02  0.371E-02  0.209E-02  0.101E-02  0.339E-02  0.238E-02
 -14.907  0.997E-02  0.774E-02  0.359E-02  0.367E-02  0.253E-02  0.135E-02  0.385E-02  0.271E-02
 -14.857  0.126E-01  0.824E-02  0.425E-02  0.362E-02  0.359E-02  0.164E-02  0.480E-02  0.298E-02
 -14.807  0.109E-01  0.888E-02  0.363E-02  0.365E-02  0.263E-02  0.194E-02  0.461E-02  0.328E-02
 -14.757  0.522E-02  0.996E-02  0.168E-02  0.388E-02  0.136E-02  0.234E-02  0.218E-02  0.374E-02
 -14.707  0.224E-02  0.128E-01  0.697E-03  0.475E-02  0.612E-03  0.323E-02  0.930E-03  0.486E-02
 -14.657  0.000E+00  0.979E-02  0.000E+00  0.354E-02  0.000E+00  0.240E-02  0.000E+00  0.385E-02
 -14.607  0.221E-02  0.479E-02  0.666E-03  0.169E-02  0.590E-03  0.123E-02  0.953E-03  0.187E-02
 -14.557  0.451E-02  0.202E-02  0.133E-02  0.700E-03  0.123E-02  0.530E-03  0.195E-02  0.794E-03
 -14.507  0.858E-02  0.227E-03  0.250E-02  0.656E-04  0.234E-02  0.115E-03  0.374E-02  0.464E-04
 -14.457  0.810E-02  0.218E-02  0.231E-02  0.732E-03  0.226E-02  0.585E-03  0.354E-02  0.859E-03
 -14.407  0.602E-02  0.440E-02  0.167E-02  0.148E-02  0.170E-02  0.117E-02  0.264E-02  0.176E-02
 -14.357  0.493E-02  0.836E-02  0.134E-02  0.281E-02  0.140E-02  0.215E-02  0.219E-02  0.341E-02
 -14.307  0.413E-02  0.734E-02  0.110E-02  0.242E-02  0.118E-02  0.210E-02  0.185E-02  0.282E-02
 -14.257  0.350E-02  0.539E-02  0.918E-03  0.177E-02  0.992E-03  0.153E-02  0.159E-02  0.210E-02
 -14.207  0.295E-02  0.435E-02  0.762E-03  0.143E-02  0.822E-03  0.122E-02  0.136E-02  0.170E-02
 -14.157  0.244E-02  0.360E-02  0.624E-03  0.119E-02  0.660E-03  0.996E-03  0.116E-02  0.141E-02
 -14.107  0.198E-02  0.297E-02  0.503E-03  0.100E-02  0.507E-03  0.803E-03  0.975E-03  0.116E-02
 -14.057  0.152E-02  0.241E-02  0.383E-03  0.843E-03  0.346E-03  0.626E-03  0.790E-03  0.944E-03
 -14.007  0.989E-03  0.192E-02  0.250E-03  0.707E-03  0.169E-03  0.461E-03  0.570E-03  0.749E-03
 -13.957  0.000E+00  0.147E-02  0.000E+00  0.590E-03  0.000E+00  0.302E-03  0.000E+00  0.573E-03
 -13.907  0.000E+00  0.969E-03  0.000E+00  0.458E-03  0.000E+00  0.133E-03  0.000E+00  0.379E-03
 -13.857  0.000E+00  0.000E+00  0.000E+00  0.000E+00  0.000E+00  0.000E+00  0.000E+00  0.000E+00
 -13.807  0.246E-02  0.000E+00  0.228E-03  0.000E+00  0.811E-03  0.000E+00  0.143E-02  0.000E+00
 -13.757  0.158E-02  0.000E+00  0.359E-03  0.000E+00  0.465E-03  0.000E+00  0.758E-03  0.000E+00
 -13.707  0.352E-01  0.000E+00  0.102E-01  0.000E+00  0.162E-01  0.000E+00  0.878E-02  0.000E+00
 -13.657  0.824E-02  0.408E-02  0.475E-02  0.502E-03  0.260E-02  0.435E-03  0.890E-03  0.314E-02
 -13.607  0.460E-02  0.144E-01  0.199E-02  0.119E-02  0.137E-02  0.169E-02  0.123E-02  0.116E-01
 -13.557  0.215E-02  0.155E-01  0.937E-03  0.120E-02  0.432E-03  0.393E-02  0.779E-03  0.104E-01
 -13.507  0.817E-02  0.000E+00  0.333E-02  0.000E+00  0.193E-02  0.000E+00  0.291E-02  0.000E+00
 -13.457  0.126E-01  0.000E+00  0.710E-02  0.000E+00  0.336E-02  0.000E+00  0.212E-02  0.000E+00
 -13.407  0.366E-02  0.390E-01  0.294E-02  0.196E-01  0.240E-03  0.153E-01  0.482E-03  0.414E-02
 -13.357  0.000E+00  0.424E-02  0.000E+00  0.111E-02  0.000E+00  0.208E-02  0.000E+00  0.106E-02
 -13.307  0.000E+00  0.451E-02  0.000E+00  0.138E-02  0.000E+00  0.194E-02  0.000E+00  0.119E-02
 -13.257  0.000E+00  0.633E-02  0.000E+00  0.209E-02  0.000E+00  0.275E-02  0.000E+00  0.149E-02
 -13.207  0.000E+00  0.440E-02  0.000E+00  0.210E-02  0.000E+00  0.711E-03  0.000E+00  0.159E-02
 -13.157  0.000E+00  0.806E-02  0.000E+00  0.433E-02  0.000E+00  0.257E-02  0.000E+00  0.116E-02
 -13.107  0.000E+00  0.695E-02  0.000E+00  0.410E-02  0.000E+00  0.227E-02  0.000E+00  0.578E-03
 -13.057  0.000E+00  0.000E+00  0.000E+00  0.000E+00  0.000E+00  0.000E+00  0.000E+00  0.000E+00
 -13.007  0.000E+00  0.000E+00  0.000E+00  0.000E+00  0.000E+00  0.000E+00  0.000E+00  0.000E+00
 -12.957  0.000E+00  0.000E+00  0.000E+00  0.000E+00  0.000E+00  0.000E+00  0.000E+00  0.000E+00
 -12.907  0.000E+00  0.000E+00  0.000E+00  0.000E+00  0.000E+00  0.000E+00  0.000E+00  0.000E+00
 -12.857  0.000E+00  0.000E+00  0.000E+00  0.000E+00  0.000E+00  0.000E+00  0.000E+00  0.000E+00
 -12.807  0.000E+00  0.000E+00  0.000E+00  0.000E+00  0.000E+00  0.000E+00  0.000E+00  0.000E+00
 -12.757  0.000E+00  0.000E+00  0.000E+00  0.000E+00  0.000E+00  0.000E+00  0.000E+00  0.000E+00
 -12.707  0.000E+00  0.000E+00  0.000E+00  0.000E+00  0.000E+00  0.000E+00  0.000E+00  0.000E+00
 -12.657  0.000E+00  0.000E+00  0.000E+00  0.000E+00  0.000E+00  0.000E+00  0.000E+00  0.000E+00
 -12.607  0.000E+00  0.000E+00  0.000E+00  0.000E+00  0.000E+00  0.000E+00  0.000E+00  0.000E+00
 -12.557  0.000E+00  0.000E+00  0.000E+00  0.000E+00  0.000E+00  0.000E+00  0.000E+00  0.000E+00
 -12.507  0.000E+00  0.000E+00  0.000E+00  0.000E+00  0.000E+00  0.000E+00  0.000E+00  0.000E+00
 -12.457  0.000E+00  0.000E+00  0.000E+00  0.000E+00  0.000E+00  0.000E+00  0.000E+00  0.000E+00
 -12.407  0.000E+00  0.000E+00  0.000E+00  0.000E+00  0.000E+00  0.000E+00  0.000E+00  0.000E+00
 -12.357  0.000E+00  0.000E+00  0.000E+00  0.000E+00  0.000E+00  0.000E+00  0.000E+00  0.000E+00
 -12.307  0.000E+00  0.000E+00  0.000E+00  0.000E+00  0.000E+00  0.000E+00  0.000E+00  0.000E+00
 -12.257  0.000E+00  0.000E+00  0.000E+00  0.000E+00  0.000E+00  0.000E+00  0.000E+00  0.000E+00
 -12.207  0.000E+00  0.000E+00  0.000E+00  0.000E+00  0.000E+00  0.000E+00  0.000E+00  0.000E+00
 -12.157  0.000E+00  0.000E+00  0.000E+00  0.000E+00  0.000E+00  0.000E+00  0.000E+00  0.000E+00
 -12.107  0.000E+00  0.000E+00  0.000E+00  0.000E+00  0.000E+00  0.000E+00  0.000E+00  0.000E+00
 -12.057  0.000E+00  0.000E+00  0.000E+00  0.000E+00  0.000E+00  0.000E+00  0.000E+00  0.000E+00
 -12.007  0.000E+00  0.000E+00  0.000E+00  0.000E+00  0.000E+00  0.000E+00  0.000E+00  0.000E+00
 -11.957  0.000E+00  0.000E+00  0.000E+00  0.000E+00  0.000E+00  0.000E+00  0.000E+00  0.000E+00
 -11.907  0.000E+00  0.000E+00  0.000E+00  0.000E+00  0.000E+00  0.000E+00  0.000E+00  0.000E+00
 -11.857  0.000E+00  0.000E+00  0.000E+00  0.000E+00  0.000E+00  0.000E+00  0.000E+00  0.000E+00
 -11.807  0.000E+00  0.000E+00  0.000E+00  0.000E+00  0.000E+00  0.000E+00  0.000E+00  0.000E+00
 -11.757  0.000E+00  0.000E+00  0.000E+00  0.000E+00  0.000E+00  0.000E+00  0.000E+00  0.000E+00
 -11.707  0.000E+00  0.000E+00  0.000E+00  0.000E+00  0.000E+00  0.000E+00  0.000E+00  0.000E+00
 -11.657  0.000E+00  0.000E+00  0.000E+00  0.000E+00  0.000E+00  0.000E+00  0.000E+00  0.000E+00
 -11.607  0.000E+00  0.000E+00  0.000E+00  0.000E+00  0.000E+00  0.000E+00  0.000E+00  0.000E+00
 -11.557  0.000E+00  0.000E+00  0.000E+00  0.000E+00  0.000E+00  0.000E+00  0.000E+00  0.000E+00
 -11.507  0.000E+00  0.000E+00  0.000E+00  0.000E+00  0.000E+00  0.000E+00  0.000E+00  0.000E+00
 -11.457  0.000E+00  0.000E+00  0.000E+00  0.000E+00  0.000E+00  0.000E+00  0.000E+00  0.000E+00
 -11.407  0.000E+00  0.000E+00  0.000E+00  0.000E+00  0.000E+00  0.000E+00  0.000E+00  0.000E+00
 -11.357  0.000E+00  0.000E+00  0.000E+00  0.000E+00  0.000E+00  0.000E+00  0.000E+00  0.000E+00
 -11.307  0.000E+00  0.000E+00  0.000E+00  0.000E+00  0.000E+00  0.000E+00  0.000E+00  0.000E+00
 -11.257  0.000E+00  0.000E+00  0.000E+00  0.000E+00  0.000E+00  0.000E+00  0.000E+00  0.000E+00
 -11.207  0.000E+00  0.000E+00  0.000E+00  0.000E+00  0.000E+00  0.000E+00  0.000E+00  0.000E+00
 -11.157  0.000E+00  0.000E+00  0.000E+00  0.000E+00  0.000E+00  0.000E+00  0.000E+00  0.000E+00
 -11.107  0.000E+00  0.000E+00  0.000E+00  0.000E+00  0.000E+00  0.000E+00  0.000E+00  0.000E+00
 -11.057  0.000E+00  0.000E+00  0.000E+00  0.000E+00  0.000E+00  0.000E+00  0.000E+00  0.000E+00
 -11.007  0.000E+00  0.000E+00  0.000E+00  0.000E+00  0.000E+00  0.000E+00  0.000E+00  0.000E+00
 -10.957  0.000E+00  0.000E+00  0.000E+00  0.000E+00  0.000E+00  0.000E+00  0.000E+00  0.000E+00
 -10.907  0.000E+00  0.000E+00  0.000E+00  0.000E+00  0.000E+00  0.000E+00  0.000E+00  0.000E+00
 -10.857  0.000E+00  0.000E+00  0.000E+00  0.000E+00  0.000E+00  0.000E+00  0.000E+00  0.000E+00
 -10.807  0.000E+00  0.000E+00  0.000E+00  0.000E+00  0.000E+00  0.000E+00  0.000E+00  0.000E+00
 -10.757  0.000E+00  0.000E+00  0.000E+00  0.000E+00  0.000E+00  0.000E+00  0.000E+00  0.000E+00
 -10.707  0.000E+00  0.000E+00  0.000E+00  0.000E+00  0.000E+00  0.000E+00  0.000E+00  0.000E+00
 -10.657  0.000E+00  0.000E+00  0.000E+00  0.000E+00  0.000E+00  0.000E+00  0.000E+00  0.000E+00
 -10.607  0.000E+00  0.000E+00  0.000E+00  0.000E+00  0.000E+00  0.000E+00  0.000E+00  0.000E+00
 -10.557  0.000E+00  0.000E+00  0.000E+00  0.000E+00  0.000E+00  0.000E+00  0.000E+00  0.000E+00
 -10.507  0.000E+00  0.000E+00  0.000E+00  0.000E+00  0.000E+00  0.000E+00  0.000E+00  0.000E+00
 -10.457  0.000E+00  0.000E+00  0.000E+00  0.000E+00  0.000E+00  0.000E+00  0.000E+00  0.000E+00
 -10.407  0.000E+00  0.000E+00  0.000E+00  0.000E+00  0.000E+00  0.000E+00  0.000E+00  0.000E+00
 -10.357  0.000E+00  0.000E+00  0.000E+00  0.000E+00  0.000E+00  0.000E+00  0.000E+00  0.000E+00
 -10.307  0.000E+00  0.000E+00  0.000E+00  0.000E+00  0.000E+00  0.000E+00  0.000E+00  0.000E+00
 -10.257  0.000E+00  0.000E+00  0.000E+00  0.000E+00  0.000E+00  0.000E+00  0.000E+00  0.000E+00
 -10.207  0.000E+00  0.000E+00  0.000E+00  0.000E+00  0.000E+00  0.000E+00  0.000E+00  0.000E+00
 -10.157  0.000E+00  0.000E+00  0.000E+00  0.000E+00  0.000E+00  0.000E+00  0.000E+00  0.000E+00
 -10.107  0.000E+00  0.000E+00  0.000E+00  0.000E+00  0.000E+00  0.000E+00  0.000E+00  0.000E+00
 -10.057  0.000E+00  0.000E+00  0.000E+00  0.000E+00  0.000E+00  0.000E+00  0.000E+00  0.000E+00
 -10.007  0.000E+00  0.000E+00  0.000E+00  0.000E+00  0.000E+00  0.000E+00  0.000E+00  0.000E+00
  -9.957  0.000E+00  0.000E+00  0.000E+00  0.000E+00  0.000E+00  0.000E+00  0.000E+00  0.000E+00
  -9.907  0.000E+00  0.000E+00  0.000E+00  0.000E+00  0.000E+00  0.000E+00  0.000E+00  0.000E+00
  -9.857  0.000E+00  0.000E+00  0.000E+00  0.000E+00  0.000E+00  0.000E+00  0.000E+00  0.000E+00
  -9.807  0.000E+00  0.000E+00  0.000E+00  0.000E+00  0.000E+00  0.000E+00  0.000E+00  0.000E+00
  -9.757  0.000E+00  0.000E+00  0.000E+00  0.000E+00  0.000E+00  0.000E+00  0.000E+00  0.000E+00
  -9.707  0.000E+00  0.000E+00  0.000E+00  0.000E+00  0.000E+00  0.000E+00  0.000E+00  0.000E+00
  -9.657  0.000E+00  0.000E+00  0.000E+00  0.000E+00  0.000E+00  0.000E+00  0.000E+00  0.000E+00
  -9.607  0.000E+00  0.000E+00  0.000E+00  0.000E+00  0.000E+00  0.000E+00  0.000E+00  0.000E+00
  -9.557  0.000E+00  0.000E+00  0.000E+00  0.000E+00  0.000E+00  0.000E+00  0.000E+00  0.000E+00
  -9.507  0.000E+00  0.000E+00  0.000E+00  0.000E+00  0.000E+00  0.000E+00  0.000E+00  0.000E+00
  -9.457  0.000E+00  0.000E+00  0.000E+00  0.000E+00  0.000E+00  0.000E+00  0.000E+00  0.000E+00
  -9.407  0.000E+00  0.000E+00  0.000E+00  0.000E+00  0.000E+00  0.000E+00  0.000E+00  0.000E+00
  -9.357  0.000E+00  0.000E+00  0.000E+00  0.000E+00  0.000E+00  0.000E+00  0.000E+00  0.000E+00
  -9.307  0.000E+00  0.000E+00  0.000E+00  0.000E+00  0.000E+00  0.000E+00  0.000E+00  0.000E+00
  -9.257  0.000E+00  0.000E+00  0.000E+00  0.000E+00  0.000E+00  0.000E+00  0.000E+00  0.000E+00
  -9.207  0.000E+00  0.000E+00  0.000E+00  0.000E+00  0.000E+00  0.000E+00  0.000E+00  0.000E+00
  -9.157  0.000E+00  0.000E+00  0.000E+00  0.000E+00  0.000E+00  0.000E+00  0.000E+00  0.000E+00
  -9.107  0.000E+00  0.000E+00  0.000E+00  0.000E+00  0.000E+00  0.000E+00  0.000E+00  0.000E+00
  -9.057  0.000E+00  0.000E+00  0.000E+00  0.000E+00  0.000E+00  0.000E+00  0.000E+00  0.000E+00
  -9.007  0.000E+00  0.000E+00  0.000E+00  0.000E+00  0.000E+00  0.000E+00  0.000E+00  0.000E+00
  -8.957  0.000E+00  0.000E+00  0.000E+00  0.000E+00  0.000E+00  0.000E+00  0.000E+00  0.000E+00
  -8.907  0.000E+00  0.000E+00  0.000E+00  0.000E+00  0.000E+00  0.000E+00  0.000E+00  0.000E+00
  -8.857  0.000E+00  0.000E+00  0.000E+00  0.000E+00  0.000E+00  0.000E+00  0.000E+00  0.000E+00
  -8.807  0.000E+00  0.000E+00  0.000E+00  0.000E+00  0.000E+00  0.000E+00  0.000E+00  0.000E+00
  -8.757  0.000E+00  0.000E+00  0.000E+00  0.000E+00  0.000E+00  0.000E+00  0.000E+00  0.000E+00
  -8.707  0.000E+00  0.000E+00  0.000E+00  0.000E+00  0.000E+00  0.000E+00  0.000E+00  0.000E+00
  -8.657  0.000E+00  0.000E+00  0.000E+00  0.000E+00  0.000E+00  0.000E+00  0.000E+00  0.000E+00
  -8.607  0.000E+00  0.000E+00  0.000E+00  0.000E+00  0.000E+00  0.000E+00  0.000E+00  0.000E+00
  -8.557  0.000E+00  0.000E+00  0.000E+00  0.000E+00  0.000E+00  0.000E+00  0.000E+00  0.000E+00
  -8.507  0.000E+00  0.000E+00  0.000E+00  0.000E+00  0.000E+00  0.000E+00  0.000E+00  0.000E+00
  -8.457  0.000E+00  0.000E+00  0.000E+00  0.000E+00  0.000E+00  0.000E+00  0.000E+00  0.000E+00
  -8.407  0.000E+00  0.000E+00  0.000E+00  0.000E+00  0.000E+00  0.000E+00  0.000E+00  0.000E+00
  -8.357  0.000E+00  0.000E+00  0.000E+00  0.000E+00  0.000E+00  0.000E+00  0.000E+00  0.000E+00
  -8.307  0.000E+00  0.000E+00  0.000E+00  0.000E+00  0.000E+00  0.000E+00  0.000E+00  0.000E+00
  -8.257  0.000E+00  0.000E+00  0.000E+00  0.000E+00  0.000E+00  0.000E+00  0.000E+00  0.000E+00
  -8.207  0.000E+00  0.000E+00  0.000E+00  0.000E+00  0.000E+00  0.000E+00  0.000E+00  0.000E+00
  -8.157  0.000E+00  0.000E+00  0.000E+00  0.000E+00  0.000E+00  0.000E+00  0.000E+00  0.000E+00
  -8.107  0.000E+00  0.000E+00  0.000E+00  0.000E+00  0.000E+00  0.000E+00  0.000E+00  0.000E+00
  -8.057  0.000E+00  0.000E+00  0.000E+00  0.000E+00  0.000E+00  0.000E+00  0.000E+00  0.000E+00
  -8.007  0.000E+00  0.000E+00  0.000E+00  0.000E+00  0.000E+00  0.000E+00  0.000E+00  0.000E+00
  -7.957  0.000E+00  0.000E+00  0.000E+00  0.000E+00  0.000E+00  0.000E+00  0.000E+00  0.000E+00
  -7.907  0.000E+00  0.000E+00  0.000E+00  0.000E+00  0.000E+00  0.000E+00  0.000E+00  0.000E+00
  -7.857  0.000E+00  0.000E+00  0.000E+00  0.000E+00  0.000E+00  0.000E+00  0.000E+00  0.000E+00
  -7.807  0.000E+00  0.000E+00  0.000E+00  0.000E+00  0.000E+00  0.000E+00  0.000E+00  0.000E+00
  -7.757  0.000E+00  0.000E+00  0.000E+00  0.000E+00  0.000E+00  0.000E+00  0.000E+00  0.000E+00
  -7.707  0.000E+00  0.000E+00  0.000E+00  0.000E+00  0.000E+00  0.000E+00  0.000E+00  0.000E+00
  -7.657  0.000E+00  0.000E+00  0.000E+00  0.000E+00  0.000E+00  0.000E+00  0.000E+00  0.000E+00
  -7.607  0.000E+00  0.000E+00  0.000E+00  0.000E+00  0.000E+00  0.000E+00  0.000E+00  0.000E+00
  -7.557  0.000E+00  0.000E+00  0.000E+00  0.000E+00  0.000E+00  0.000E+00  0.000E+00  0.000E+00
  -7.507  0.000E+00  0.000E+00  0.000E+00  0.000E+00  0.000E+00  0.000E+00  0.000E+00  0.000E+00
  -7.457  0.000E+00  0.000E+00  0.000E+00  0.000E+00  0.000E+00  0.000E+00  0.000E+00  0.000E+00
  -7.407  0.000E+00  0.000E+00  0.000E+00  0.000E+00  0.000E+00  0.000E+00  0.000E+00  0.000E+00
  -7.357  0.000E+00  0.000E+00  0.000E+00  0.000E+00  0.000E+00  0.000E+00  0.000E+00  0.000E+00
  -7.307  0.000E+00  0.000E+00  0.000E+00  0.000E+00  0.000E+00  0.000E+00  0.000E+00  0.000E+00
  -7.257  0.000E+00  0.000E+00  0.000E+00  0.000E+00  0.000E+00  0.000E+00  0.000E+00  0.000E+00
  -7.207  0.000E+00  0.000E+00  0.000E+00  0.000E+00  0.000E+00  0.000E+00  0.000E+00  0.000E+00
  -7.157  0.000E+00  0.000E+00  0.000E+00  0.000E+00  0.000E+00  0.000E+00  0.000E+00  0.000E+00
  -7.107  0.000E+00  0.000E+00  0.000E+00  0.000E+00  0.000E+00  0.000E+00  0.000E+00  0.000E+00
  -7.057  0.914E-01  0.000E+00  0.796E-02  0.000E+00  0.605E-01  0.000E+00  0.229E-01  0.000E+00
  -7.007  0.939E-01  0.837E-01  0.799E-02  0.775E-02  0.618E-01  0.534E-01  0.241E-01  0.225E-01
  -6.957  0.994E-01  0.852E-01  0.847E-02  0.811E-02  0.654E-01  0.543E-01  0.255E-01  0.228E-01
  -6.907  0.104E+00  0.896E-01  0.886E-02  0.863E-02  0.686E-01  0.570E-01  0.267E-01  0.240E-01
  -6.857  0.112E+00  0.928E-01  0.944E-02  0.900E-02  0.742E-01  0.590E-01  0.288E-01  0.248E-01
  -6.807  0.190E+00  0.991E-01  0.231E-01  0.965E-02  0.939E-01  0.630E-01  0.727E-01  0.264E-01
  -6.757  0.217E+00  0.109E+00  0.262E-01  0.106E-01  0.111E+00  0.698E-01  0.790E-01  0.291E-01
  -6.707  0.341E+00  0.187E+00  0.279E-01  0.294E-01  0.200E+00  0.919E-01  0.112E+00  0.653E-01
  -6.657  0.202E+00  0.311E+00  0.264E-01  0.325E-01  0.989E-01  0.180E+00  0.763E-01  0.993E-01
  -6.607  0.177E+00  0.175E+00  0.270E-01  0.300E-01  0.806E-01  0.819E-01  0.691E-01  0.626E-01
  -6.557  0.167E+00  0.155E+00  0.308E-01  0.321E-01  0.682E-01  0.651E-01  0.682E-01  0.580E-01
  -6.507  0.163E+00  0.139E+00  0.356E-01  0.335E-01  0.608E-01  0.537E-01  0.667E-01  0.522E-01
  -6.457  0.179E+00  0.140E+00  0.474E-01  0.406E-01  0.583E-01  0.458E-01  0.734E-01  0.535E-01
  -6.407  0.151E+00  0.150E+00  0.555E-01  0.519E-01  0.396E-01  0.422E-01  0.560E-01  0.559E-01
  -6.357  0.450E+00  0.147E+00  0.928E-01  0.650E-01  0.242E+00  0.318E-01  0.115E+00  0.503E-01
  -6.307  0.446E+00  0.423E+00  0.767E-01  0.796E-01  0.255E+00  0.235E+00  0.115E+00  0.109E+00
  -6.257  0.417E+00  0.467E+00  0.636E-01  0.674E-01  0.238E+00  0.279E+00  0.116E+00  0.120E+00
  -6.207  0.268E+00  0.382E+00  0.483E-01  0.560E-01  0.135E+00  0.227E+00  0.853E-01  0.990E-01
  -6.157  0.373E+00  0.247E+00  0.810E-01  0.420E-01  0.155E+00  0.137E+00  0.137E+00  0.684E-01
  -6.107  0.169E+00  0.234E+00  0.418E-02  0.411E-01  0.128E+00  0.123E+00  0.370E-01  0.705E-01
  -6.057  0.271E+00  0.364E+00  0.420E-01  0.389E-01  0.172E+00  0.217E+00  0.572E-01  0.108E+00
  -6.007  0.419E+00  0.105E+00  0.119E+00  0.213E-02  0.187E+00  0.793E-01  0.114E+00  0.238E-01
  -5.957  0.560E+00  0.369E+00  0.155E+00  0.864E-01  0.260E+00  0.195E+00  0.146E+00  0.872E-01
  -5.907  0.543E+00  0.356E+00  0.187E+00  0.835E-01  0.167E+00  0.183E+00  0.189E+00  0.897E-01
  -5.857  0.449E+00  0.277E+00  0.125E+00  0.810E-01  0.186E+00  0.111E+00  0.139E+00  0.848E-01
  -5.807  0.188E+00  0.539E+00  0.686E-01  0.179E+00  0.738E-01  0.210E+00  0.451E-01  0.151E+00
  -5.757  0.702E+00  0.611E+00  0.351E+00  0.209E+00  0.160E+00  0.209E+00  0.191E+00  0.193E+00
  -5.707  0.676E+00  0.212E+00  0.296E+00  0.758E-01  0.201E+00  0.730E-01  0.179E+00  0.636E-01
  -5.657  0.131E+00  0.198E+00  0.707E-01  0.858E-01  0.346E-01  0.730E-01  0.258E-01  0.391E-01
  -5.607  0.312E+00  0.338E+00  0.129E+00  0.118E+00  0.793E-01  0.129E+00  0.104E+00  0.918E-01
  -5.557  0.245E+00  0.418E+00  0.925E-01  0.201E+00  0.729E-01  0.920E-01  0.794E-01  0.126E+00
  -5.507  0.208E+00  0.987E-01  0.785E-01  0.615E-01  0.651E-01  0.187E-01  0.645E-01  0.184E-01
  -5.457  0.195E+00  0.315E+00  0.820E-01  0.143E+00  0.500E-01  0.800E-01  0.626E-01  0.925E-01
  -5.407  0.439E+00  0.202E+00  0.184E+00  0.671E-01  0.124E+00  0.809E-01  0.131E+00  0.539E-01
  -5.357  0.301E+00  0.100E+00  0.102E+00  0.252E-01  0.108E+00  0.420E-01  0.902E-01  0.330E-01
  -5.307  0.150E+00  0.257E+00  0.267E-01  0.904E-01  0.696E-01  0.947E-01  0.535E-01  0.723E-01
  -5.257  0.205E+00  0.270E+00  0.502E-01  0.921E-01  0.786E-01  0.899E-01  0.763E-01  0.877E-01
  -5.207  0.564E+00  0.242E+00  0.247E+00  0.834E-01  0.156E+00  0.912E-01  0.161E+00  0.675E-01
  -5.157  0.477E+00  0.212E+00  0.218E+00  0.535E-01  0.114E+00  0.802E-01  0.145E+00  0.781E-01
  -5.107  0.229E+00  0.504E+00  0.101E+00  0.240E+00  0.610E-01  0.153E+00  0.668E-01  0.111E+00
  -5.057  0.188E+00  0.284E+00  0.800E-01  0.119E+00  0.504E-01  0.873E-01  0.574E-01  0.781E-01
  -5.007  0.176E+00  0.254E+00  0.691E-01  0.126E+00  0.523E-01  0.542E-01  0.541E-01  0.734E-01
  -4.957  0.258E+00  0.191E+00  0.117E+00  0.848E-01  0.714E-01  0.503E-01  0.701E-01  0.557E-01
  -4.907  0.792E+00  0.235E+00  0.271E+00  0.112E+00  0.267E+00  0.574E-01  0.254E+00  0.651E-01
  -4.857  0.250E+00  0.264E+00  0.137E+00  0.119E+00  0.557E-01  0.744E-01  0.568E-01  0.712E-01
  -4.807  0.182E+00  0.279E+00  0.999E-01  0.128E+00  0.491E-01  0.843E-01  0.326E-01  0.670E-01
  -4.757  0.178E+00  0.216E+00  0.997E-01  0.102E+00  0.450E-01  0.649E-01  0.337E-01  0.490E-01
  -4.707  0.271E+00  0.173E+00  0.176E+00  0.811E-01  0.485E-01  0.499E-01  0.463E-01  0.416E-01
  -4.657  0.164E+00  0.168E+00  0.852E-01  0.836E-01  0.385E-01  0.448E-01  0.401E-01  0.399E-01
  -4.607  0.145E+00  0.182E+00  0.687E-01  0.108E+00  0.353E-01  0.402E-01  0.415E-01  0.337E-01
  -4.557  0.216E+00  0.156E+00  0.975E-01  0.866E-01  0.459E-01  0.350E-01  0.724E-01  0.341E-01
  -4.507  0.321E+00  0.136E+00  0.774E-01  0.663E-01  0.109E+00  0.322E-01  0.135E+00  0.374E-01
  -4.457  0.165E+00  0.268E+00  0.324E-01  0.765E-01  0.559E-01  0.811E-01  0.769E-01  0.110E+00
  -4.407  0.104E+00  0.304E+00  0.306E-01  0.588E-01  0.423E-01  0.126E+00  0.309E-01  0.119E+00
  -4.357  0.867E-01  0.114E+00  0.301E-01  0.313E-01  0.360E-01  0.439E-01  0.206E-01  0.393E-01
  -4.307  0.225E+00  0.812E-01  0.974E-01  0.301E-01  0.817E-01  0.319E-01  0.459E-01  0.192E-01
  -4.257  0.138E+00  0.197E+00  0.692E-01  0.810E-01  0.422E-01  0.772E-01  0.268E-01  0.386E-01
  -4.207  0.127E+00  0.143E+00  0.495E-01  0.727E-01  0.511E-01  0.444E-01  0.261E-01  0.261E-01
  -4.157  0.150E+00  0.177E+00  0.536E-01  0.898E-01  0.621E-01  0.535E-01  0.340E-01  0.334E-01
  -4.107  0.157E+00  0.121E+00  0.587E-01  0.466E-01  0.651E-01  0.505E-01  0.336E-01  0.241E-01
  -4.057  0.177E+00  0.149E+00  0.670E-01  0.571E-01  0.671E-01  0.592E-01  0.429E-01  0.327E-01
  -4.007  0.144E+00  0.156E+00  0.359E-01  0.672E-01  0.714E-01  0.549E-01  0.364E-01  0.339E-01
  -3.957  0.190E+00  0.110E+00  0.340E-01  0.366E-01  0.105E+00  0.486E-01  0.519E-01  0.247E-01
  -3.907  0.374E+00  0.115E+00  0.346E-01  0.325E-01  0.228E+00  0.555E-01  0.111E+00  0.274E-01
  -3.857  0.285E+00  0.137E+00  0.512E-01  0.295E-01  0.153E+00  0.724E-01  0.803E-01  0.352E-01
  -3.807  0.223E+00  0.290E+00  0.463E-01  0.340E-01  0.123E+00  0.173E+00  0.540E-01  0.829E-01
  -3.757  0.146E+00  0.424E+00  0.235E-01  0.484E-01  0.591E-01  0.250E+00  0.631E-01  0.126E+00
  -3.707  0.146E+00  0.147E+00  0.265E-01  0.214E-01  0.703E-01  0.817E-01  0.492E-01  0.436E-01
  -3.657  0.306E+00  0.706E-01  0.624E-01  0.194E-01  0.110E+00  0.375E-01  0.133E+00  0.137E-01
  -3.607  0.343E+00  0.269E+00  0.681E-01  0.667E-01  0.130E+00  0.968E-01  0.145E+00  0.106E+00
  -3.557  0.411E+00  0.262E+00  0.136E+00  0.609E-01  0.155E+00  0.101E+00  0.120E+00  0.100E+00
  -3.507  0.278E+00  0.244E+00  0.101E+00  0.599E-01  0.624E-01  0.104E+00  0.115E+00  0.803E-01
  -3.457  0.200E+00  0.254E+00  0.576E-01  0.771E-01  0.501E-01  0.925E-01  0.920E-01  0.848E-01
  -3.407  0.188E+00  0.338E+00  0.501E-01  0.119E+00  0.479E-01  0.101E+00  0.905E-01  0.117E+00
  -3.357  0.188E+00  0.165E+00  0.467E-01  0.603E-01  0.479E-01  0.410E-01  0.933E-01  0.641E-01
  -3.307  0.193E+00  0.148E+00  0.463E-01  0.498E-01  0.486E-01  0.376E-01  0.979E-01  0.610E-01
  -3.257  0.206E+00  0.143E+00  0.482E-01  0.455E-01  0.513E-01  0.360E-01  0.107E+00  0.612E-01
  -3.207  0.232E+00  0.137E+00  0.532E-01  0.418E-01  0.572E-01  0.345E-01  0.122E+00  0.611E-01
  -3.157  0.318E+00  0.133E+00  0.750E-01  0.375E-01  0.717E-01  0.340E-01  0.171E+00  0.619E-01
  -3.107  0.295E+00  0.139E+00  0.827E-01  0.377E-01  0.669E-01  0.362E-01  0.145E+00  0.656E-01
  -3.057  0.333E+00  0.146E+00  0.104E+00  0.381E-01  0.805E-01  0.381E-01  0.149E+00  0.697E-01
  -3.007  0.482E+00  0.158E+00  0.129E+00  0.398E-01  0.885E-01  0.412E-01  0.265E+00  0.769E-01
  -2.957  0.102E+01  0.198E+00  0.446E+00  0.485E-01  0.278E+00  0.517E-01  0.294E+00  0.982E-01
  -2.907  0.396E+00  0.285E+00  0.188E+00  0.789E-01  0.959E-01  0.843E-01  0.112E+00  0.122E+00
  -2.857  0.320E+00  0.459E+00  0.162E+00  0.125E+00  0.758E-01  0.113E+00  0.816E-01  0.221E+00
  -2.807  0.297E+00  0.563E+00  0.157E+00  0.146E+00  0.728E-01  0.114E+00  0.669E-01  0.303E+00
  -2.757  0.308E+00  0.646E+00  0.164E+00  0.217E+00  0.761E-01  0.160E+00  0.682E-01  0.269E+00
  -2.707  0.225E+00  0.631E+00  0.116E+00  0.260E+00  0.633E-01  0.204E+00  0.459E-01  0.167E+00
  -2.657  0.337E+00  0.453E+00  0.189E+00  0.200E+00  0.904E-01  0.135E+00  0.577E-01  0.118E+00
  -2.607  0.549E+00  0.515E+00  0.208E+00  0.235E+00  0.236E+00  0.156E+00  0.105E+00  0.124E+00
  -2.557  0.693E+00  0.233E+00  0.284E+00  0.976E-01  0.287E+00  0.715E-01  0.122E+00  0.635E-01
  -2.507  0.101E+01  0.386E+00  0.412E+00  0.174E+00  0.413E+00  0.108E+00  0.181E+00  0.105E+00
  -2.457  0.685E+00  0.604E+00  0.355E+00  0.192E+00  0.184E+00  0.269E+00  0.146E+00  0.144E+00
  -2.407  0.358E+00  0.664E+00  0.191E+00  0.236E+00  0.810E-01  0.284E+00  0.863E-01  0.144E+00
  -2.357  0.416E+00  0.897E+00  0.237E+00  0.354E+00  0.955E-01  0.379E+00  0.837E-01  0.164E+00
  -2.307  0.843E+00  0.775E+00  0.523E+00  0.324E+00  0.167E+00  0.257E+00  0.153E+00  0.194E+00
  -2.257  0.133E+01  0.391E+00  0.522E+00  0.179E+00  0.305E+00  0.108E+00  0.501E+00  0.104E+00
  -2.207  0.573E+00  0.342E+00  0.249E+00  0.174E+00  0.116E+00  0.739E-01  0.207E+00  0.935E-01
  -2.157  0.295E+00  0.670E+00  0.117E+00  0.216E+00  0.667E-01  0.289E+00  0.111E+00  0.165E+00
  -2.107  0.788E+00  0.922E+00  0.224E+00  0.630E+00  0.155E+00  0.162E+00  0.409E+00  0.129E+00
  -2.057  0.643E+00  0.649E+00  0.325E+00  0.424E+00  0.104E+00  0.751E-01  0.214E+00  0.151E+00
  -2.007  0.412E+00  0.468E+00  0.273E+00  0.241E+00  0.431E-01  0.995E-01  0.960E-01  0.128E+00
  -1.957  0.473E+00  0.329E+00  0.322E+00  0.135E+00  0.571E-01  0.897E-01  0.945E-01  0.104E+00
  -1.907  0.566E+00  0.287E+00  0.355E+00  0.184E+00  0.718E-01  0.543E-01  0.140E+00  0.487E-01
  -1.857  0.947E+00  0.152E+00  0.569E+00  0.147E+00  0.186E+00  0.160E-02  0.191E+00  0.269E-02
  -1.807  0.638E+00  0.133E+01  0.408E+00  0.398E+00  0.103E+00  0.215E+00  0.127E+00  0.716E+00
  -1.757  0.213E+00  0.941E+00  0.422E-01  0.425E+00  0.697E-01  0.129E+00  0.101E+00  0.388E+00
  -1.707  0.188E+00  0.853E+00  0.343E-01  0.580E+00  0.638E-01  0.972E-01  0.903E-01  0.176E+00
  -1.657  0.171E+00  0.108E+01  0.285E-01  0.813E+00  0.597E-01  0.141E+00  0.826E-01  0.121E+00
  -1.607  0.156E+00  0.519E+00  0.235E-01  0.260E+00  0.564E-01  0.253E-01  0.762E-01  0.233E+00
  -1.557  0.143E+00  0.000E+00  0.192E-01  0.000E+00  0.535E-01  0.000E+00  0.705E-01  0.000E+00
  -1.507  0.133E+00  0.186E+00  0.156E-01  0.181E-01  0.514E-01  0.371E-01  0.655E-01  0.131E+00
  -1.457  0.123E+00  0.313E+00  0.125E-01  0.488E-01  0.493E-01  0.623E-01  0.614E-01  0.202E+00
  -1.407  0.114E+00  0.319E+00  0.990E-02  0.533E-01  0.475E-01  0.114E+00  0.568E-01  0.152E+00
  -1.357  0.106E+00  0.223E+00  0.768E-02  0.354E-01  0.461E-01  0.660E-01  0.521E-01  0.122E+00
  -1.307  0.101E+01  0.192E+00  0.435E+00  0.283E-01  0.274E+00  0.562E-01  0.304E+00  0.107E+00
  -1.257  0.629E+00  0.172E+00  0.188E+00  0.234E-01  0.149E+00  0.511E-01  0.292E+00  0.973E-01
  -1.207  0.425E+00  0.155E+00  0.112E+00  0.193E-01  0.114E+00  0.471E-01  0.198E+00  0.890E-01
  -1.157  0.141E+01  0.142E+00  0.258E+00  0.159E-01  0.435E+00  0.438E-01  0.719E+00  0.827E-01
  -1.107  0.172E+01  0.131E+00  0.229E+00  0.130E-01  0.549E+00  0.408E-01  0.941E+00  0.770E-01
  -1.057  0.154E+01  0.121E+00  0.188E+00  0.107E-01  0.427E+00  0.383E-01  0.926E+00  0.717E-01
  -1.007  0.134E+01  0.112E+00  0.167E+00  0.877E-02  0.218E+00  0.364E-01  0.950E+00  0.673E-01
  -0.957  0.690E+00  0.105E+00  0.866E-01  0.714E-02  0.815E-01  0.346E-01  0.522E+00  0.636E-01
  -0.907  0.450E+00  0.984E-01  0.114E+00  0.573E-02  0.817E-01  0.329E-01  0.254E+00  0.597E-01
  -0.857  0.000E+00  0.922E-01  0.000E+00  0.454E-02  0.000E+00  0.315E-01  0.000E+00  0.562E-01
  -0.807  0.000E+00  0.869E-01  0.000E+00  0.353E-02  0.000E+00  0.303E-01  0.000E+00  0.531E-01
  -0.757  0.000E+00  0.790E+00  0.000E+00  0.224E+00  0.000E+00  0.137E+00  0.000E+00  0.429E+00
  -0.707  0.000E+00  0.607E+00  0.000E+00  0.181E+00  0.000E+00  0.118E+00  0.000E+00  0.308E+00
  -0.657  0.000E+00  0.454E+00  0.000E+00  0.120E+00  0.000E+00  0.971E-01  0.000E+00  0.236E+00
  -0.607  0.000E+00  0.188E+01  0.000E+00  0.217E+00  0.000E+00  0.378E+00  0.000E+00  0.128E+01
  -0.557  0.000E+00  0.115E+01  0.000E+00  0.149E+00  0.000E+00  0.261E+00  0.000E+00  0.744E+00
  -0.507  0.000E+00  0.112E+01  0.000E+00  0.154E+00  0.000E+00  0.276E+00  0.000E+00  0.688E+00
  -0.457  0.000E+00  0.720E+00  0.000E+00  0.180E+00  0.000E+00  0.144E+00  0.000E+00  0.395E+00
  -0.407  0.000E+00  0.555E+00  0.000E+00  0.167E+00  0.000E+00  0.101E+00  0.000E+00  0.287E+00
  -0.357  0.000E+00  0.144E+00  0.000E+00  0.456E-01  0.000E+00  0.146E-01  0.000E+00  0.836E-01
  -0.307  0.000E+00  0.000E+00  0.000E+00  0.000E+00  0.000E+00  0.000E+00  0.000E+00  0.000E+00
  -0.257  0.000E+00  0.000E+00  0.000E+00  0.000E+00  0.000E+00  0.000E+00  0.000E+00  0.000E+00
  -0.207  0.000E+00  0.000E+00  0.000E+00  0.000E+00  0.000E+00  0.000E+00  0.000E+00  0.000E+00
  -0.157  0.000E+00  0.000E+00  0.000E+00  0.000E+00  0.000E+00  0.000E+00  0.000E+00  0.000E+00
  -0.107  0.505E-01  0.000E+00  0.317E-01  0.000E+00  0.113E-01  0.000E+00  0.755E-02  0.000E+00
  -0.057  0.572E-01  0.299E-01  0.319E-01  0.188E-01  0.150E-01  0.397E-02  0.103E-01  0.719E-02
  -0.007  0.647E-01  0.567E-01  0.334E-01  0.313E-01  0.183E-01  0.144E-01  0.130E-01  0.110E-01
   0.043  0.772E-01  0.653E-01  0.378E-01  0.328E-01  0.224E-01  0.178E-01  0.170E-01  0.147E-01
   0.093  0.208E+00  0.768E-01  0.102E+00  0.365E-01  0.611E-01  0.214E-01  0.447E-01  0.190E-01
   0.143  0.209E+00  0.183E+00  0.999E-01  0.893E-01  0.656E-01  0.522E-01  0.433E-01  0.418E-01
   0.193  0.195E+00  0.207E+00  0.950E-01  0.989E-01  0.664E-01  0.627E-01  0.337E-01  0.452E-01
   0.243  0.102E+00  0.315E+00  0.534E-01  0.153E+00  0.309E-01  0.110E+00  0.178E-01  0.515E-01
   0.293  0.269E+00  0.109E+00  0.131E+00  0.578E-01  0.905E-01  0.330E-01  0.473E-01  0.187E-01
   0.343  0.237E+00  0.164E+00  0.116E+00  0.890E-01  0.794E-01  0.586E-01  0.420E-01  0.165E-01
   0.393  0.182E+00  0.286E+00  0.891E-01  0.144E+00  0.607E-01  0.990E-01  0.317E-01  0.435E-01
   0.443  0.158E+00  0.194E+00  0.781E-01  0.983E-01  0.522E-01  0.628E-01  0.274E-01  0.325E-01
   0.493  0.147E+00  0.163E+00  0.742E-01  0.829E-01  0.469E-01  0.525E-01  0.256E-01  0.273E-01
   0.543  0.136E+00  0.142E+00  0.702E-01  0.735E-01  0.422E-01  0.440E-01  0.235E-01  0.240E-01
   0.593  0.320E+00  0.130E+00  0.160E+00  0.685E-01  0.100E+00  0.396E-01  0.603E-01  0.221E-01
   0.643  0.417E+00  0.122E+00  0.209E+00  0.657E-01  0.127E+00  0.353E-01  0.811E-01  0.207E-01
   0.693  0.485E+00  0.241E+00  0.248E+00  0.120E+00  0.144E+00  0.576E-01  0.924E-01  0.635E-01
   0.743  0.702E+00  0.446E+00  0.396E+00  0.222E+00  0.171E+00  0.136E+00  0.135E+00  0.878E-01
   0.793  0.596E+00  0.473E+00  0.276E+00  0.250E+00  0.190E+00  0.130E+00  0.130E+00  0.940E-01
   0.843  0.615E+00  0.622E+00  0.228E+00  0.337E+00  0.252E+00  0.156E+00  0.135E+00  0.128E+00
   0.893  0.626E+00  0.518E+00  0.199E+00  0.233E+00  0.249E+00  0.164E+00  0.177E+00  0.122E+00
   0.943  0.402E+00  0.484E+00  0.908E-01  0.174E+00  0.204E+00  0.188E+00  0.107E+00  0.122E+00
   0.993  0.344E+00  0.489E+00  0.546E-01  0.131E+00  0.196E+00  0.225E+00  0.925E-01  0.132E+00
   1.043  0.333E+00  0.517E+00  0.374E-01  0.121E+00  0.206E+00  0.256E+00  0.893E-01  0.140E+00
   1.093  0.375E+00  0.406E+00  0.272E-01  0.757E-01  0.247E+00  0.222E+00  0.100E+00  0.109E+00
   1.143  0.396E+00  0.376E+00  0.206E-01  0.546E-01  0.268E+00  0.221E+00  0.107E+00  0.100E+00
   1.193  0.291E+00  0.388E+00  0.159E-01  0.410E-01  0.195E+00  0.244E+00  0.803E-01  0.103E+00
   1.243  0.172E+00  0.520E+00  0.108E-01  0.324E-01  0.999E-01  0.354E+00  0.616E-01  0.133E+00
   1.293  0.000E+00  0.340E+00  0.000E+00  0.256E-01  0.000E+00  0.224E+00  0.000E+00  0.912E-01
   1.343  0.000E+00  0.270E+00  0.000E+00  0.210E-01  0.000E+00  0.175E+00  0.000E+00  0.741E-01
   1.393  0.000E+00  0.750E-01  0.000E+00  0.146E-02  0.000E+00  0.587E-01  0.000E+00  0.148E-01
   1.443  0.000E+00  0.273E-01  0.000E+00  0.726E-04  0.000E+00  0.221E-01  0.000E+00  0.508E-02
   1.493  0.000E+00  0.000E+00  0.000E+00  0.000E+00  0.000E+00  0.000E+00  0.000E+00  0.000E+00
